dataset,sample_id,sample_panel,x,y,class
10x_human_ovarian_cancer_ffpe_visium,10x_human_ovarian_cancer_ffpe_visium,10x Visium | 10x Visium,5193,2176,background
10x_human_ovarian_cancer_ffpe_visium,10x_human_ovarian_cancer_ffpe_visium,10x Visium | 10x Visium,5337,2176,background
10x_human_ovarian_cancer_ffpe_visium,10x_human_ovarian_cancer_ffpe_visium,10x Visium | 10x Visium,5482,2177,background
10x_human_ovarian_cancer_ffpe_visium,10x_human_ovarian_cancer_ffpe_visium,10x Visium | 10x Visium,5626,2177,background
10x_human_ovarian_cancer_ffpe_visium,10x_human_ovarian_cancer_ffpe_visium,10x Visium | 10x Visium,5698,2051,background
10x_human_ovarian_cancer_ffpe_visium,10x_human_ovarian_cancer_ffpe_visium,10x Visium | 10x Visium,5770,2177,background
10x_human_ovarian_cancer_ffpe_visium,10x_human_ovarian_cancer_ffpe_visium,10x Visium | 10x Visium,5843,2052,background
10x_human_ovarian_cancer_ffpe_visium,10x_human_ovarian_cancer_ffpe_visium,10x Visium | 10x Visium,5915,2177,background
10x_human_ovarian_cancer_ffpe_visium,10x_human_ovarian_cancer_ffpe_visium,10x Visium | 10x Visium,5987,2052,background
10x_human_ovarian_cancer_ffpe_visium,10x_human_ovarian_cancer_ffpe_visium,10x Visium | 10x Visium,6059,2178,background
10x_human_ovarian_cancer_ffpe_visium,10x_human_ovarian_cancer_ffpe_visium,10x Visium | 10x Visium,6132,2052,background
10x_human_ovarian_cancer_ffpe_visium,10x_human_ovarian_cancer_ffpe_visium,10x Visium | 10x Visium,6204,2178,background
10x_human_ovarian_cancer_ffpe_visium,10x_human_ovarian_cancer_ffpe_visium,10x Visium | 10x Visium,6276,2052,background
10x_human_ovarian_cancer_ffpe_visium,10x_human_ovarian_cancer_ffpe_visium,10x Visium | 10x Visium,6348,2178,background
10x_human_ovarian_cancer_ffpe_visium,10x_human_ovarian_cancer_ffpe_visium,10x Visium | 10x Visium,6492,2178,background
10x_human_ovarian_cancer_ffpe_visium,10x_human_ovarian_cancer_ffpe_visium,10x Visium | 10x Visium,4471,2426,background
10x_human_ovarian_cancer_ffpe_visium,10x_human_ovarian_cancer_ffpe_visium,10x Visium | 10x Visium,4615,2427,background
10x_human_ovarian_cancer_ffpe_visium,10x_human_ovarian_cancer_ffpe_visium,10x Visium | 10x Visium,4759,2427,background
10x_human_ovarian_cancer_ffpe_visium,10x_human_ovarian_cancer_ffpe_visium,10x Visium | 10x Visium,4832,2301,background
10x_human_ovarian_cancer_ffpe_visium,10x_human_ovarian_cancer_ffpe_visium,10x Visium | 10x Visium,4904,2427,background
10x_human_ovarian_cancer_ffpe_visium,10x_human_ovarian_cancer_ffpe_visium,10x Visium | 10x Visium,4976,2302,background
10x_human_ovarian_cancer_ffpe_visium,10x_human_ovarian_cancer_ffpe_visium,10x Visium | 10x Visium,5048,2427,background
10x_human_ovarian_cancer_ffpe_visium,10x_human_ovarian_cancer_ffpe_visium,10x Visium | 10x Visium,5120,2302,background
10x_human_ovarian_cancer_ffpe_visium,10x_human_ovarian_cancer_ffpe_visium,10x Visium | 10x Visium,5192,2427,background
10x_human_ovarian_cancer_ffpe_visium,10x_human_ovarian_cancer_ffpe_visium,10x Visium | 10x Visium,5265,2302,background
10x_human_ovarian_cancer_ffpe_visium,10x_human_ovarian_cancer_ffpe_visium,10x Visium | 10x Visium,5337,2428,background
10x_human_ovarian_cancer_ffpe_visium,10x_human_ovarian_cancer_ffpe_visium,10x Visium | 10x Visium,5409,2302,background
10x_human_ovarian_cancer_ffpe_visium,10x_human_ovarian_cancer_ffpe_visium,10x Visium | 10x Visium,5481,2428,background
10x_human_ovarian_cancer_ffpe_visium,10x_human_ovarian_cancer_ffpe_visium,10x Visium | 10x Visium,5554,2302,background
10x_human_ovarian_cancer_ffpe_visium,10x_human_ovarian_cancer_ffpe_visium,10x Visium | 10x Visium,5626,2428,background
10x_human_ovarian_cancer_ffpe_visium,10x_human_ovarian_cancer_ffpe_visium,10x Visium | 10x Visium,5698,2303,background
10x_human_ovarian_cancer_ffpe_visium,10x_human_ovarian_cancer_ffpe_visium,10x Visium | 10x Visium,5770,2428,background
10x_human_ovarian_cancer_ffpe_visium,10x_human_ovarian_cancer_ffpe_visium,10x Visium | 10x Visium,5842,2303,background
10x_human_ovarian_cancer_ffpe_visium,10x_human_ovarian_cancer_ffpe_visium,10x Visium | 10x Visium,5914,2429,background
10x_human_ovarian_cancer_ffpe_visium,10x_human_ovarian_cancer_ffpe_visium,10x Visium | 10x Visium,5987,2303,background
10x_human_ovarian_cancer_ffpe_visium,10x_human_ovarian_cancer_ffpe_visium,10x Visium | 10x Visium,6059,2429,background
10x_human_ovarian_cancer_ffpe_visium,10x_human_ovarian_cancer_ffpe_visium,10x Visium | 10x Visium,6131,2303,background
10x_human_ovarian_cancer_ffpe_visium,10x_human_ovarian_cancer_ffpe_visium,10x Visium | 10x Visium,6203,2429,background
10x_human_ovarian_cancer_ffpe_visium,10x_human_ovarian_cancer_ffpe_visium,10x Visium | 10x Visium,6276,2304,background
10x_human_ovarian_cancer_ffpe_visium,10x_human_ovarian_cancer_ffpe_visium,10x Visium | 10x Visium,6348,2429,background
10x_human_ovarian_cancer_ffpe_visium,10x_human_ovarian_cancer_ffpe_visium,10x Visium | 10x Visium,6420,2304,background
10x_human_ovarian_cancer_ffpe_visium,10x_human_ovarian_cancer_ffpe_visium,10x Visium | 10x Visium,6492,2430,background
10x_human_ovarian_cancer_ffpe_visium,10x_human_ovarian_cancer_ffpe_visium,10x Visium | 10x Visium,6564,2304,background
10x_human_ovarian_cancer_ffpe_visium,10x_human_ovarian_cancer_ffpe_visium,10x Visium | 10x Visium,6636,2430,background
10x_human_ovarian_cancer_ffpe_visium,10x_human_ovarian_cancer_ffpe_visium,10x Visium | 10x Visium,6709,2304,background
10x_human_ovarian_cancer_ffpe_visium,10x_human_ovarian_cancer_ffpe_visium,10x Visium | 10x Visium,6781,2430,background
10x_human_ovarian_cancer_ffpe_visium,10x_human_ovarian_cancer_ffpe_visium,10x Visium | 10x Visium,6925,2430,background
10x_human_ovarian_cancer_ffpe_visium,10x_human_ovarian_cancer_ffpe_visium,10x Visium | 10x Visium,7069,2430,background
10x_human_ovarian_cancer_ffpe_visium,10x_human_ovarian_cancer_ffpe_visium,10x Visium | 10x Visium,7286,2305,background
10x_human_ovarian_cancer_ffpe_visium,10x_human_ovarian_cancer_ffpe_visium,10x Visium | 10x Visium,7936,2432,background
10x_human_ovarian_cancer_ffpe_visium,10x_human_ovarian_cancer_ffpe_visium,10x Visium | 10x Visium,3893,2677,background
10x_human_ovarian_cancer_ffpe_visium,10x_human_ovarian_cancer_ffpe_visium,10x Visium | 10x Visium,4037,2677,background
10x_human_ovarian_cancer_ffpe_visium,10x_human_ovarian_cancer_ffpe_visium,10x Visium | 10x Visium,4109,2551,background
10x_human_ovarian_cancer_ffpe_visium,10x_human_ovarian_cancer_ffpe_visium,10x Visium | 10x Visium,4181,2677,background
10x_human_ovarian_cancer_ffpe_visium,10x_human_ovarian_cancer_ffpe_visium,10x Visium | 10x Visium,4254,2552,background
10x_human_ovarian_cancer_ffpe_visium,10x_human_ovarian_cancer_ffpe_visium,10x Visium | 10x Visium,4326,2677,background
10x_human_ovarian_cancer_ffpe_visium,10x_human_ovarian_cancer_ffpe_visium,10x Visium | 10x Visium,4398,2552,background
10x_human_ovarian_cancer_ffpe_visium,10x_human_ovarian_cancer_ffpe_visium,10x Visium | 10x Visium,4470,2678,background
10x_human_ovarian_cancer_ffpe_visium,10x_human_ovarian_cancer_ffpe_visium,10x Visium | 10x Visium,4543,2552,background
10x_human_ovarian_cancer_ffpe_visium,10x_human_ovarian_cancer_ffpe_visium,10x Visium | 10x Visium,4615,2678,background
10x_human_ovarian_cancer_ffpe_visium,10x_human_ovarian_cancer_ffpe_visium,10x Visium | 10x Visium,4687,2552,background
10x_human_ovarian_cancer_ffpe_visium,10x_human_ovarian_cancer_ffpe_visium,10x Visium | 10x Visium,4759,2678,background
10x_human_ovarian_cancer_ffpe_visium,10x_human_ovarian_cancer_ffpe_visium,10x Visium | 10x Visium,4831,2553,background
10x_human_ovarian_cancer_ffpe_visium,10x_human_ovarian_cancer_ffpe_visium,10x Visium | 10x Visium,4903,2678,background
10x_human_ovarian_cancer_ffpe_visium,10x_human_ovarian_cancer_ffpe_visium,10x Visium | 10x Visium,4976,2553,background
10x_human_ovarian_cancer_ffpe_visium,10x_human_ovarian_cancer_ffpe_visium,10x Visium | 10x Visium,5048,2678,background
10x_human_ovarian_cancer_ffpe_visium,10x_human_ovarian_cancer_ffpe_visium,10x Visium | 10x Visium,5120,2553,background
10x_human_ovarian_cancer_ffpe_visium,10x_human_ovarian_cancer_ffpe_visium,10x Visium | 10x Visium,5192,2679,background
10x_human_ovarian_cancer_ffpe_visium,10x_human_ovarian_cancer_ffpe_visium,10x Visium | 10x Visium,5264,2553,background
10x_human_ovarian_cancer_ffpe_visium,10x_human_ovarian_cancer_ffpe_visium,10x Visium | 10x Visium,5336,2679,background
10x_human_ovarian_cancer_ffpe_visium,10x_human_ovarian_cancer_ffpe_visium,10x Visium | 10x Visium,5409,2553,background
10x_human_ovarian_cancer_ffpe_visium,10x_human_ovarian_cancer_ffpe_visium,10x Visium | 10x Visium,5481,2679,background
10x_human_ovarian_cancer_ffpe_visium,10x_human_ovarian_cancer_ffpe_visium,10x Visium | 10x Visium,5553,2554,background
10x_human_ovarian_cancer_ffpe_visium,10x_human_ovarian_cancer_ffpe_visium,10x Visium | 10x Visium,5625,2679,background
10x_human_ovarian_cancer_ffpe_visium,10x_human_ovarian_cancer_ffpe_visium,10x Visium | 10x Visium,5698,2554,background
10x_human_ovarian_cancer_ffpe_visium,10x_human_ovarian_cancer_ffpe_visium,10x Visium | 10x Visium,5770,2680,background
10x_human_ovarian_cancer_ffpe_visium,10x_human_ovarian_cancer_ffpe_visium,10x Visium | 10x Visium,5842,2554,background
10x_human_ovarian_cancer_ffpe_visium,10x_human_ovarian_cancer_ffpe_visium,10x Visium | 10x Visium,5914,2680,background
10x_human_ovarian_cancer_ffpe_visium,10x_human_ovarian_cancer_ffpe_visium,10x Visium | 10x Visium,5986,2554,background
10x_human_ovarian_cancer_ffpe_visium,10x_human_ovarian_cancer_ffpe_visium,10x Visium | 10x Visium,6058,2680,background
10x_human_ovarian_cancer_ffpe_visium,10x_human_ovarian_cancer_ffpe_visium,10x Visium | 10x Visium,6131,2555,background
10x_human_ovarian_cancer_ffpe_visium,10x_human_ovarian_cancer_ffpe_visium,10x Visium | 10x Visium,6203,2680,background
10x_human_ovarian_cancer_ffpe_visium,10x_human_ovarian_cancer_ffpe_visium,10x Visium | 10x Visium,6275,2555,background
10x_human_ovarian_cancer_ffpe_visium,10x_human_ovarian_cancer_ffpe_visium,10x Visium | 10x Visium,6347,2681,background
10x_human_ovarian_cancer_ffpe_visium,10x_human_ovarian_cancer_ffpe_visium,10x Visium | 10x Visium,6420,2555,background
10x_human_ovarian_cancer_ffpe_visium,10x_human_ovarian_cancer_ffpe_visium,10x Visium | 10x Visium,6492,2681,background
10x_human_ovarian_cancer_ffpe_visium,10x_human_ovarian_cancer_ffpe_visium,10x Visium | 10x Visium,6564,2555,background
10x_human_ovarian_cancer_ffpe_visium,10x_human_ovarian_cancer_ffpe_visium,10x Visium | 10x Visium,6636,2681,background
10x_human_ovarian_cancer_ffpe_visium,10x_human_ovarian_cancer_ffpe_visium,10x Visium | 10x Visium,6708,2555,background
10x_human_ovarian_cancer_ffpe_visium,10x_human_ovarian_cancer_ffpe_visium,10x Visium | 10x Visium,6780,2681,background
10x_human_ovarian_cancer_ffpe_visium,10x_human_ovarian_cancer_ffpe_visium,10x Visium | 10x Visium,6853,2556,background
10x_human_ovarian_cancer_ffpe_visium,10x_human_ovarian_cancer_ffpe_visium,10x Visium | 10x Visium,6925,2681,background
10x_human_ovarian_cancer_ffpe_visium,10x_human_ovarian_cancer_ffpe_visium,10x Visium | 10x Visium,6997,2556,background
10x_human_ovarian_cancer_ffpe_visium,10x_human_ovarian_cancer_ffpe_visium,10x Visium | 10x Visium,7069,2682,background
10x_human_ovarian_cancer_ffpe_visium,10x_human_ovarian_cancer_ffpe_visium,10x Visium | 10x Visium,7141,2556,background
10x_human_ovarian_cancer_ffpe_visium,10x_human_ovarian_cancer_ffpe_visium,10x Visium | 10x Visium,7213,2682,background
10x_human_ovarian_cancer_ffpe_visium,10x_human_ovarian_cancer_ffpe_visium,10x Visium | 10x Visium,7286,2556,background
10x_human_ovarian_cancer_ffpe_visium,10x_human_ovarian_cancer_ffpe_visium,10x Visium | 10x Visium,7358,2682,background
10x_human_ovarian_cancer_ffpe_visium,10x_human_ovarian_cancer_ffpe_visium,10x Visium | 10x Visium,7430,2557,background
10x_human_ovarian_cancer_ffpe_visium,10x_human_ovarian_cancer_ffpe_visium,10x Visium | 10x Visium,7502,2682,background
10x_human_ovarian_cancer_ffpe_visium,10x_human_ovarian_cancer_ffpe_visium,10x Visium | 10x Visium,7575,2557,background
10x_human_ovarian_cancer_ffpe_visium,10x_human_ovarian_cancer_ffpe_visium,10x Visium | 10x Visium,7647,2683,background
10x_human_ovarian_cancer_ffpe_visium,10x_human_ovarian_cancer_ffpe_visium,10x Visium | 10x Visium,7719,2557,background
10x_human_ovarian_cancer_ffpe_visium,10x_human_ovarian_cancer_ffpe_visium,10x Visium | 10x Visium,7791,2683,background
10x_human_ovarian_cancer_ffpe_visium,10x_human_ovarian_cancer_ffpe_visium,10x Visium | 10x Visium,8008,2558,background
10x_human_ovarian_cancer_ffpe_visium,10x_human_ovarian_cancer_ffpe_visium,10x Visium | 10x Visium,8080,2683,background
10x_human_ovarian_cancer_ffpe_visium,10x_human_ovarian_cancer_ffpe_visium,10x Visium | 10x Visium,8152,2558,background
10x_human_ovarian_cancer_ffpe_visium,10x_human_ovarian_cancer_ffpe_visium,10x Visium | 10x Visium,8224,2683,background
10x_human_ovarian_cancer_ffpe_visium,10x_human_ovarian_cancer_ffpe_visium,10x Visium | 10x Visium,8296,2558,background
10x_human_ovarian_cancer_ffpe_visium,10x_human_ovarian_cancer_ffpe_visium,10x Visium | 10x Visium,8368,2684,background
10x_human_ovarian_cancer_ffpe_visium,10x_human_ovarian_cancer_ffpe_visium,10x Visium | 10x Visium,3459,2927,background
10x_human_ovarian_cancer_ffpe_visium,10x_human_ovarian_cancer_ffpe_visium,10x Visium | 10x Visium,3604,2927,background
10x_human_ovarian_cancer_ffpe_visium,10x_human_ovarian_cancer_ffpe_visium,10x Visium | 10x Visium,3676,2802,background
10x_human_ovarian_cancer_ffpe_visium,10x_human_ovarian_cancer_ffpe_visium,10x Visium | 10x Visium,3748,2928,background
10x_human_ovarian_cancer_ffpe_visium,10x_human_ovarian_cancer_ffpe_visium,10x Visium | 10x Visium,3820,2802,background
10x_human_ovarian_cancer_ffpe_visium,10x_human_ovarian_cancer_ffpe_visium,10x Visium | 10x Visium,3892,2928,background
10x_human_ovarian_cancer_ffpe_visium,10x_human_ovarian_cancer_ffpe_visium,10x Visium | 10x Visium,3965,2802,background
10x_human_ovarian_cancer_ffpe_visium,10x_human_ovarian_cancer_ffpe_visium,10x Visium | 10x Visium,4037,2928,background
10x_human_ovarian_cancer_ffpe_visium,10x_human_ovarian_cancer_ffpe_visium,10x Visium | 10x Visium,4109,2803,background
10x_human_ovarian_cancer_ffpe_visium,10x_human_ovarian_cancer_ffpe_visium,10x Visium | 10x Visium,4181,2928,background
10x_human_ovarian_cancer_ffpe_visium,10x_human_ovarian_cancer_ffpe_visium,10x Visium | 10x Visium,4253,2803,background
10x_human_ovarian_cancer_ffpe_visium,10x_human_ovarian_cancer_ffpe_visium,10x Visium | 10x Visium,4325,2929,background
10x_human_ovarian_cancer_ffpe_visium,10x_human_ovarian_cancer_ffpe_visium,10x Visium | 10x Visium,4398,2803,background
10x_human_ovarian_cancer_ffpe_visium,10x_human_ovarian_cancer_ffpe_visium,10x Visium | 10x Visium,4470,2929,background
10x_human_ovarian_cancer_ffpe_visium,10x_human_ovarian_cancer_ffpe_visium,10x Visium | 10x Visium,4542,2803,background
10x_human_ovarian_cancer_ffpe_visium,10x_human_ovarian_cancer_ffpe_visium,10x Visium | 10x Visium,4614,2929,background
10x_human_ovarian_cancer_ffpe_visium,10x_human_ovarian_cancer_ffpe_visium,10x Visium | 10x Visium,4687,2804,background
10x_human_ovarian_cancer_ffpe_visium,10x_human_ovarian_cancer_ffpe_visium,10x Visium | 10x Visium,4759,2929,background
10x_human_ovarian_cancer_ffpe_visium,10x_human_ovarian_cancer_ffpe_visium,10x Visium | 10x Visium,4831,2804,background
10x_human_ovarian_cancer_ffpe_visium,10x_human_ovarian_cancer_ffpe_visium,10x Visium | 10x Visium,4903,2929,background
10x_human_ovarian_cancer_ffpe_visium,10x_human_ovarian_cancer_ffpe_visium,10x Visium | 10x Visium,4975,2804,background
10x_human_ovarian_cancer_ffpe_visium,10x_human_ovarian_cancer_ffpe_visium,10x Visium | 10x Visium,5047,2930,background
10x_human_ovarian_cancer_ffpe_visium,10x_human_ovarian_cancer_ffpe_visium,10x Visium | 10x Visium,5120,2804,background
10x_human_ovarian_cancer_ffpe_visium,10x_human_ovarian_cancer_ffpe_visium,10x Visium | 10x Visium,5192,2930,background
10x_human_ovarian_cancer_ffpe_visium,10x_human_ovarian_cancer_ffpe_visium,10x Visium | 10x Visium,5264,2804,background
10x_human_ovarian_cancer_ffpe_visium,10x_human_ovarian_cancer_ffpe_visium,10x Visium | 10x Visium,5336,2930,background
10x_human_ovarian_cancer_ffpe_visium,10x_human_ovarian_cancer_ffpe_visium,10x Visium | 10x Visium,5408,2805,background
10x_human_ovarian_cancer_ffpe_visium,10x_human_ovarian_cancer_ffpe_visium,10x Visium | 10x Visium,5480,2930,background
10x_human_ovarian_cancer_ffpe_visium,10x_human_ovarian_cancer_ffpe_visium,10x Visium | 10x Visium,5553,2805,background
10x_human_ovarian_cancer_ffpe_visium,10x_human_ovarian_cancer_ffpe_visium,10x Visium | 10x Visium,5625,2931,background
10x_human_ovarian_cancer_ffpe_visium,10x_human_ovarian_cancer_ffpe_visium,10x Visium | 10x Visium,5697,2805,background
10x_human_ovarian_cancer_ffpe_visium,10x_human_ovarian_cancer_ffpe_visium,10x Visium | 10x Visium,5769,2931,background
10x_human_ovarian_cancer_ffpe_visium,10x_human_ovarian_cancer_ffpe_visium,10x Visium | 10x Visium,5842,2805,background
10x_human_ovarian_cancer_ffpe_visium,10x_human_ovarian_cancer_ffpe_visium,10x Visium | 10x Visium,5914,2931,background
10x_human_ovarian_cancer_ffpe_visium,10x_human_ovarian_cancer_ffpe_visium,10x Visium | 10x Visium,5986,2806,background
10x_human_ovarian_cancer_ffpe_visium,10x_human_ovarian_cancer_ffpe_visium,10x Visium | 10x Visium,6058,2931,background
10x_human_ovarian_cancer_ffpe_visium,10x_human_ovarian_cancer_ffpe_visium,10x Visium | 10x Visium,6130,2806,background
10x_human_ovarian_cancer_ffpe_visium,10x_human_ovarian_cancer_ffpe_visium,10x Visium | 10x Visium,6202,2932,background
10x_human_ovarian_cancer_ffpe_visium,10x_human_ovarian_cancer_ffpe_visium,10x Visium | 10x Visium,6275,2806,background
10x_human_ovarian_cancer_ffpe_visium,10x_human_ovarian_cancer_ffpe_visium,10x Visium | 10x Visium,6347,2932,background
10x_human_ovarian_cancer_ffpe_visium,10x_human_ovarian_cancer_ffpe_visium,10x Visium | 10x Visium,6419,2806,background
10x_human_ovarian_cancer_ffpe_visium,10x_human_ovarian_cancer_ffpe_visium,10x Visium | 10x Visium,6491,2932,background
10x_human_ovarian_cancer_ffpe_visium,10x_human_ovarian_cancer_ffpe_visium,10x Visium | 10x Visium,6563,2806,background
10x_human_ovarian_cancer_ffpe_visium,10x_human_ovarian_cancer_ffpe_visium,10x Visium | 10x Visium,6635,2932,background
10x_human_ovarian_cancer_ffpe_visium,10x_human_ovarian_cancer_ffpe_visium,10x Visium | 10x Visium,6708,2807,background
10x_human_ovarian_cancer_ffpe_visium,10x_human_ovarian_cancer_ffpe_visium,10x Visium | 10x Visium,6780,2932,background
10x_human_ovarian_cancer_ffpe_visium,10x_human_ovarian_cancer_ffpe_visium,10x Visium | 10x Visium,6852,2807,background
10x_human_ovarian_cancer_ffpe_visium,10x_human_ovarian_cancer_ffpe_visium,10x Visium | 10x Visium,6924,2933,background
10x_human_ovarian_cancer_ffpe_visium,10x_human_ovarian_cancer_ffpe_visium,10x Visium | 10x Visium,6997,2807,background
10x_human_ovarian_cancer_ffpe_visium,10x_human_ovarian_cancer_ffpe_visium,10x Visium | 10x Visium,7069,2933,background
10x_human_ovarian_cancer_ffpe_visium,10x_human_ovarian_cancer_ffpe_visium,10x Visium | 10x Visium,7141,2807,background
10x_human_ovarian_cancer_ffpe_visium,10x_human_ovarian_cancer_ffpe_visium,10x Visium | 10x Visium,7213,2933,background
10x_human_ovarian_cancer_ffpe_visium,10x_human_ovarian_cancer_ffpe_visium,10x Visium | 10x Visium,7285,2808,background
10x_human_ovarian_cancer_ffpe_visium,10x_human_ovarian_cancer_ffpe_visium,10x Visium | 10x Visium,7357,2933,background
10x_human_ovarian_cancer_ffpe_visium,10x_human_ovarian_cancer_ffpe_visium,10x Visium | 10x Visium,7430,2808,background
10x_human_ovarian_cancer_ffpe_visium,10x_human_ovarian_cancer_ffpe_visium,10x Visium | 10x Visium,7502,2934,background
10x_human_ovarian_cancer_ffpe_visium,10x_human_ovarian_cancer_ffpe_visium,10x Visium | 10x Visium,7574,2808,background
10x_human_ovarian_cancer_ffpe_visium,10x_human_ovarian_cancer_ffpe_visium,10x Visium | 10x Visium,7646,2934,background
10x_human_ovarian_cancer_ffpe_visium,10x_human_ovarian_cancer_ffpe_visium,10x Visium | 10x Visium,8007,2809,background
10x_human_ovarian_cancer_ffpe_visium,10x_human_ovarian_cancer_ffpe_visium,10x Visium | 10x Visium,8152,2809,background
10x_human_ovarian_cancer_ffpe_visium,10x_human_ovarian_cancer_ffpe_visium,10x Visium | 10x Visium,8296,2809,background
10x_human_ovarian_cancer_ffpe_visium,10x_human_ovarian_cancer_ffpe_visium,10x Visium | 10x Visium,8368,2935,background
10x_human_ovarian_cancer_ffpe_visium,10x_human_ovarian_cancer_ffpe_visium,10x Visium | 10x Visium,8946,2936,background
10x_human_ovarian_cancer_ffpe_visium,10x_human_ovarian_cancer_ffpe_visium,10x Visium | 10x Visium,3170,3178,background
10x_human_ovarian_cancer_ffpe_visium,10x_human_ovarian_cancer_ffpe_visium,10x Visium | 10x Visium,3314,3178,background
10x_human_ovarian_cancer_ffpe_visium,10x_human_ovarian_cancer_ffpe_visium,10x Visium | 10x Visium,3387,3053,background
10x_human_ovarian_cancer_ffpe_visium,10x_human_ovarian_cancer_ffpe_visium,10x Visium | 10x Visium,3459,3178,background
10x_human_ovarian_cancer_ffpe_visium,10x_human_ovarian_cancer_ffpe_visium,10x Visium | 10x Visium,3531,3053,background
10x_human_ovarian_cancer_ffpe_visium,10x_human_ovarian_cancer_ffpe_visium,10x Visium | 10x Visium,3603,3179,background
10x_human_ovarian_cancer_ffpe_visium,10x_human_ovarian_cancer_ffpe_visium,10x Visium | 10x Visium,3676,3053,background
10x_human_ovarian_cancer_ffpe_visium,10x_human_ovarian_cancer_ffpe_visium,10x Visium | 10x Visium,3747,3179,background
10x_human_ovarian_cancer_ffpe_visium,10x_human_ovarian_cancer_ffpe_visium,10x Visium | 10x Visium,3820,3053,background
10x_human_ovarian_cancer_ffpe_visium,10x_human_ovarian_cancer_ffpe_visium,10x Visium | 10x Visium,3892,3179,background
10x_human_ovarian_cancer_ffpe_visium,10x_human_ovarian_cancer_ffpe_visium,10x Visium | 10x Visium,3964,3054,background
10x_human_ovarian_cancer_ffpe_visium,10x_human_ovarian_cancer_ffpe_visium,10x Visium | 10x Visium,4036,3179,background
10x_human_ovarian_cancer_ffpe_visium,10x_human_ovarian_cancer_ffpe_visium,10x Visium | 10x Visium,4109,3054,background
10x_human_ovarian_cancer_ffpe_visium,10x_human_ovarian_cancer_ffpe_visium,10x Visium | 10x Visium,4181,3180,background
10x_human_ovarian_cancer_ffpe_visium,10x_human_ovarian_cancer_ffpe_visium,10x Visium | 10x Visium,4253,3054,background
10x_human_ovarian_cancer_ffpe_visium,10x_human_ovarian_cancer_ffpe_visium,10x Visium | 10x Visium,4325,3180,background
10x_human_ovarian_cancer_ffpe_visium,10x_human_ovarian_cancer_ffpe_visium,10x Visium | 10x Visium,4397,3054,background
10x_human_ovarian_cancer_ffpe_visium,10x_human_ovarian_cancer_ffpe_visium,10x Visium | 10x Visium,4469,3180,background
10x_human_ovarian_cancer_ffpe_visium,10x_human_ovarian_cancer_ffpe_visium,10x Visium | 10x Visium,4542,3054,background
10x_human_ovarian_cancer_ffpe_visium,10x_human_ovarian_cancer_ffpe_visium,10x Visium | 10x Visium,4614,3180,background
10x_human_ovarian_cancer_ffpe_visium,10x_human_ovarian_cancer_ffpe_visium,10x Visium | 10x Visium,4686,3055,background
10x_human_ovarian_cancer_ffpe_visium,10x_human_ovarian_cancer_ffpe_visium,10x Visium | 10x Visium,4758,3180,background
10x_human_ovarian_cancer_ffpe_visium,10x_human_ovarian_cancer_ffpe_visium,10x Visium | 10x Visium,4831,3055,background
10x_human_ovarian_cancer_ffpe_visium,10x_human_ovarian_cancer_ffpe_visium,10x Visium | 10x Visium,4903,3181,background
10x_human_ovarian_cancer_ffpe_visium,10x_human_ovarian_cancer_ffpe_visium,10x Visium | 10x Visium,4975,3055,background
10x_human_ovarian_cancer_ffpe_visium,10x_human_ovarian_cancer_ffpe_visium,10x Visium | 10x Visium,5047,3181,background
10x_human_ovarian_cancer_ffpe_visium,10x_human_ovarian_cancer_ffpe_visium,10x Visium | 10x Visium,5119,3055,background
10x_human_ovarian_cancer_ffpe_visium,10x_human_ovarian_cancer_ffpe_visium,10x Visium | 10x Visium,5191,3181,background
10x_human_ovarian_cancer_ffpe_visium,10x_human_ovarian_cancer_ffpe_visium,10x Visium | 10x Visium,5264,3056,background
10x_human_ovarian_cancer_ffpe_visium,10x_human_ovarian_cancer_ffpe_visium,10x Visium | 10x Visium,5336,3181,background
10x_human_ovarian_cancer_ffpe_visium,10x_human_ovarian_cancer_ffpe_visium,10x Visium | 10x Visium,5408,3056,background
10x_human_ovarian_cancer_ffpe_visium,10x_human_ovarian_cancer_ffpe_visium,10x Visium | 10x Visium,5480,3182,background
10x_human_ovarian_cancer_ffpe_visium,10x_human_ovarian_cancer_ffpe_visium,10x Visium | 10x Visium,5552,3056,background
10x_human_ovarian_cancer_ffpe_visium,10x_human_ovarian_cancer_ffpe_visium,10x Visium | 10x Visium,5624,3182,background
10x_human_ovarian_cancer_ffpe_visium,10x_human_ovarian_cancer_ffpe_visium,10x Visium | 10x Visium,5697,3056,background
10x_human_ovarian_cancer_ffpe_visium,10x_human_ovarian_cancer_ffpe_visium,10x Visium | 10x Visium,5769,3182,background
10x_human_ovarian_cancer_ffpe_visium,10x_human_ovarian_cancer_ffpe_visium,10x Visium | 10x Visium,5841,3057,background
10x_human_ovarian_cancer_ffpe_visium,10x_human_ovarian_cancer_ffpe_visium,10x Visium | 10x Visium,5913,3182,background
10x_human_ovarian_cancer_ffpe_visium,10x_human_ovarian_cancer_ffpe_visium,10x Visium | 10x Visium,5986,3057,background
10x_human_ovarian_cancer_ffpe_visium,10x_human_ovarian_cancer_ffpe_visium,10x Visium | 10x Visium,6058,3183,background
10x_human_ovarian_cancer_ffpe_visium,10x_human_ovarian_cancer_ffpe_visium,10x Visium | 10x Visium,6130,3057,background
10x_human_ovarian_cancer_ffpe_visium,10x_human_ovarian_cancer_ffpe_visium,10x Visium | 10x Visium,6202,3183,background
10x_human_ovarian_cancer_ffpe_visium,10x_human_ovarian_cancer_ffpe_visium,10x Visium | 10x Visium,6274,3057,background
10x_human_ovarian_cancer_ffpe_visium,10x_human_ovarian_cancer_ffpe_visium,10x Visium | 10x Visium,6346,3183,background
10x_human_ovarian_cancer_ffpe_visium,10x_human_ovarian_cancer_ffpe_visium,10x Visium | 10x Visium,6419,3057,background
10x_human_ovarian_cancer_ffpe_visium,10x_human_ovarian_cancer_ffpe_visium,10x Visium | 10x Visium,6491,3183,background
10x_human_ovarian_cancer_ffpe_visium,10x_human_ovarian_cancer_ffpe_visium,10x Visium | 10x Visium,6563,3058,background
10x_human_ovarian_cancer_ffpe_visium,10x_human_ovarian_cancer_ffpe_visium,10x Visium | 10x Visium,6635,3183,background
10x_human_ovarian_cancer_ffpe_visium,10x_human_ovarian_cancer_ffpe_visium,10x Visium | 10x Visium,6707,3058,background
10x_human_ovarian_cancer_ffpe_visium,10x_human_ovarian_cancer_ffpe_visium,10x Visium | 10x Visium,6779,3184,background
10x_human_ovarian_cancer_ffpe_visium,10x_human_ovarian_cancer_ffpe_visium,10x Visium | 10x Visium,6852,3058,background
10x_human_ovarian_cancer_ffpe_visium,10x_human_ovarian_cancer_ffpe_visium,10x Visium | 10x Visium,6924,3184,background
10x_human_ovarian_cancer_ffpe_visium,10x_human_ovarian_cancer_ffpe_visium,10x Visium | 10x Visium,6996,3058,background
10x_human_ovarian_cancer_ffpe_visium,10x_human_ovarian_cancer_ffpe_visium,10x Visium | 10x Visium,7068,3184,background
10x_human_ovarian_cancer_ffpe_visium,10x_human_ovarian_cancer_ffpe_visium,10x Visium | 10x Visium,7141,3059,background
10x_human_ovarian_cancer_ffpe_visium,10x_human_ovarian_cancer_ffpe_visium,10x Visium | 10x Visium,7213,3184,background
10x_human_ovarian_cancer_ffpe_visium,10x_human_ovarian_cancer_ffpe_visium,10x Visium | 10x Visium,7285,3059,background
10x_human_ovarian_cancer_ffpe_visium,10x_human_ovarian_cancer_ffpe_visium,10x Visium | 10x Visium,7357,3185,background
10x_human_ovarian_cancer_ffpe_visium,10x_human_ovarian_cancer_ffpe_visium,10x Visium | 10x Visium,7429,3059,background
10x_human_ovarian_cancer_ffpe_visium,10x_human_ovarian_cancer_ffpe_visium,10x Visium | 10x Visium,7501,3185,background
10x_human_ovarian_cancer_ffpe_visium,10x_human_ovarian_cancer_ffpe_visium,10x Visium | 10x Visium,7574,3059,background
10x_human_ovarian_cancer_ffpe_visium,10x_human_ovarian_cancer_ffpe_visium,10x Visium | 10x Visium,7646,3185,background
10x_human_ovarian_cancer_ffpe_visium,10x_human_ovarian_cancer_ffpe_visium,10x Visium | 10x Visium,7718,3060,background
10x_human_ovarian_cancer_ffpe_visium,10x_human_ovarian_cancer_ffpe_visium,10x Visium | 10x Visium,7790,3185,background
10x_human_ovarian_cancer_ffpe_visium,10x_human_ovarian_cancer_ffpe_visium,10x Visium | 10x Visium,7935,3185,background
10x_human_ovarian_cancer_ffpe_visium,10x_human_ovarian_cancer_ffpe_visium,10x Visium | 10x Visium,8079,3186,background
10x_human_ovarian_cancer_ffpe_visium,10x_human_ovarian_cancer_ffpe_visium,10x Visium | 10x Visium,8296,3060,background
10x_human_ovarian_cancer_ffpe_visium,10x_human_ovarian_cancer_ffpe_visium,10x Visium | 10x Visium,8368,3186,background
10x_human_ovarian_cancer_ffpe_visium,10x_human_ovarian_cancer_ffpe_visium,10x Visium | 10x Visium,8440,3061,background
10x_human_ovarian_cancer_ffpe_visium,10x_human_ovarian_cancer_ffpe_visium,10x Visium | 10x Visium,8512,3186,background
10x_human_ovarian_cancer_ffpe_visium,10x_human_ovarian_cancer_ffpe_visium,10x Visium | 10x Visium,8584,3061,background
10x_human_ovarian_cancer_ffpe_visium,10x_human_ovarian_cancer_ffpe_visium,10x Visium | 10x Visium,8656,3187,background
10x_human_ovarian_cancer_ffpe_visium,10x_human_ovarian_cancer_ffpe_visium,10x Visium | 10x Visium,8729,3061,background
10x_human_ovarian_cancer_ffpe_visium,10x_human_ovarian_cancer_ffpe_visium,10x Visium | 10x Visium,8801,3187,background
10x_human_ovarian_cancer_ffpe_visium,10x_human_ovarian_cancer_ffpe_visium,10x Visium | 10x Visium,8873,3061,background
10x_human_ovarian_cancer_ffpe_visium,10x_human_ovarian_cancer_ffpe_visium,10x Visium | 10x Visium,8945,3187,background
10x_human_ovarian_cancer_ffpe_visium,10x_human_ovarian_cancer_ffpe_visium,10x Visium | 10x Visium,9018,3062,background
10x_human_ovarian_cancer_ffpe_visium,10x_human_ovarian_cancer_ffpe_visium,10x Visium | 10x Visium,9090,3187,background
10x_human_ovarian_cancer_ffpe_visium,10x_human_ovarian_cancer_ffpe_visium,10x Visium | 10x Visium,9162,3062,background
10x_human_ovarian_cancer_ffpe_visium,10x_human_ovarian_cancer_ffpe_visium,10x Visium | 10x Visium,9234,3188,background
10x_human_ovarian_cancer_ffpe_visium,10x_human_ovarian_cancer_ffpe_visium,10x Visium | 10x Visium,9378,3188,background
10x_human_ovarian_cancer_ffpe_visium,10x_human_ovarian_cancer_ffpe_visium,10x Visium | 10x Visium,3025,3429,background
10x_human_ovarian_cancer_ffpe_visium,10x_human_ovarian_cancer_ffpe_visium,10x Visium | 10x Visium,3098,3303,background
10x_human_ovarian_cancer_ffpe_visium,10x_human_ovarian_cancer_ffpe_visium,10x Visium | 10x Visium,3170,3429,background
10x_human_ovarian_cancer_ffpe_visium,10x_human_ovarian_cancer_ffpe_visium,10x Visium | 10x Visium,3242,3304,background
10x_human_ovarian_cancer_ffpe_visium,10x_human_ovarian_cancer_ffpe_visium,10x Visium | 10x Visium,3314,3429,background
10x_human_ovarian_cancer_ffpe_visium,10x_human_ovarian_cancer_ffpe_visium,10x Visium | 10x Visium,3386,3304,background
10x_human_ovarian_cancer_ffpe_visium,10x_human_ovarian_cancer_ffpe_visium,10x Visium | 10x Visium,3458,3430,background
10x_human_ovarian_cancer_ffpe_visium,10x_human_ovarian_cancer_ffpe_visium,10x Visium | 10x Visium,3531,3304,background
10x_human_ovarian_cancer_ffpe_visium,10x_human_ovarian_cancer_ffpe_visium,10x Visium | 10x Visium,3603,3430,background
10x_human_ovarian_cancer_ffpe_visium,10x_human_ovarian_cancer_ffpe_visium,10x Visium | 10x Visium,3675,3304,background
10x_human_ovarian_cancer_ffpe_visium,10x_human_ovarian_cancer_ffpe_visium,10x Visium | 10x Visium,3747,3430,background
10x_human_ovarian_cancer_ffpe_visium,10x_human_ovarian_cancer_ffpe_visium,10x Visium | 10x Visium,3819,3305,background
10x_human_ovarian_cancer_ffpe_visium,10x_human_ovarian_cancer_ffpe_visium,10x Visium | 10x Visium,3891,3430,background
10x_human_ovarian_cancer_ffpe_visium,10x_human_ovarian_cancer_ffpe_visium,10x Visium | 10x Visium,3964,3305,background
10x_human_ovarian_cancer_ffpe_visium,10x_human_ovarian_cancer_ffpe_visium,10x Visium | 10x Visium,4036,3431,background
10x_human_ovarian_cancer_ffpe_visium,10x_human_ovarian_cancer_ffpe_visium,10x Visium | 10x Visium,4108,3305,background
10x_human_ovarian_cancer_ffpe_visium,10x_human_ovarian_cancer_ffpe_visium,10x Visium | 10x Visium,4180,3431,background
10x_human_ovarian_cancer_ffpe_visium,10x_human_ovarian_cancer_ffpe_visium,10x Visium | 10x Visium,4253,3305,background
10x_human_ovarian_cancer_ffpe_visium,10x_human_ovarian_cancer_ffpe_visium,10x Visium | 10x Visium,4325,3431,background
10x_human_ovarian_cancer_ffpe_visium,10x_human_ovarian_cancer_ffpe_visium,10x Visium | 10x Visium,4397,3305,background
10x_human_ovarian_cancer_ffpe_visium,10x_human_ovarian_cancer_ffpe_visium,10x Visium | 10x Visium,4469,3431,background
10x_human_ovarian_cancer_ffpe_visium,10x_human_ovarian_cancer_ffpe_visium,10x Visium | 10x Visium,4541,3306,background
10x_human_ovarian_cancer_ffpe_visium,10x_human_ovarian_cancer_ffpe_visium,10x Visium | 10x Visium,4613,3431,background
10x_human_ovarian_cancer_ffpe_visium,10x_human_ovarian_cancer_ffpe_visium,10x Visium | 10x Visium,4686,3306,background
10x_human_ovarian_cancer_ffpe_visium,10x_human_ovarian_cancer_ffpe_visium,10x Visium | 10x Visium,4758,3432,background
10x_human_ovarian_cancer_ffpe_visium,10x_human_ovarian_cancer_ffpe_visium,10x Visium | 10x Visium,4830,3306,background
10x_human_ovarian_cancer_ffpe_visium,10x_human_ovarian_cancer_ffpe_visium,10x Visium | 10x Visium,4902,3432,background
10x_human_ovarian_cancer_ffpe_visium,10x_human_ovarian_cancer_ffpe_visium,10x Visium | 10x Visium,4975,3306,background
10x_human_ovarian_cancer_ffpe_visium,10x_human_ovarian_cancer_ffpe_visium,10x Visium | 10x Visium,5047,3432,background
10x_human_ovarian_cancer_ffpe_visium,10x_human_ovarian_cancer_ffpe_visium,10x Visium | 10x Visium,5119,3307,background
10x_human_ovarian_cancer_ffpe_visium,10x_human_ovarian_cancer_ffpe_visium,10x Visium | 10x Visium,5191,3432,background
10x_human_ovarian_cancer_ffpe_visium,10x_human_ovarian_cancer_ffpe_visium,10x Visium | 10x Visium,5263,3307,background
10x_human_ovarian_cancer_ffpe_visium,10x_human_ovarian_cancer_ffpe_visium,10x Visium | 10x Visium,5335,3433,background
10x_human_ovarian_cancer_ffpe_visium,10x_human_ovarian_cancer_ffpe_visium,10x Visium | 10x Visium,5408,3307,background
10x_human_ovarian_cancer_ffpe_visium,10x_human_ovarian_cancer_ffpe_visium,10x Visium | 10x Visium,5480,3433,background
10x_human_ovarian_cancer_ffpe_visium,10x_human_ovarian_cancer_ffpe_visium,10x Visium | 10x Visium,5552,3307,background
10x_human_ovarian_cancer_ffpe_visium,10x_human_ovarian_cancer_ffpe_visium,10x Visium | 10x Visium,5624,3433,background
10x_human_ovarian_cancer_ffpe_visium,10x_human_ovarian_cancer_ffpe_visium,10x Visium | 10x Visium,5696,3308,background
10x_human_ovarian_cancer_ffpe_visium,10x_human_ovarian_cancer_ffpe_visium,10x Visium | 10x Visium,5768,3433,background
10x_human_ovarian_cancer_ffpe_visium,10x_human_ovarian_cancer_ffpe_visium,10x Visium | 10x Visium,5841,3308,background
10x_human_ovarian_cancer_ffpe_visium,10x_human_ovarian_cancer_ffpe_visium,10x Visium | 10x Visium,5913,3433,background
10x_human_ovarian_cancer_ffpe_visium,10x_human_ovarian_cancer_ffpe_visium,10x Visium | 10x Visium,5985,3308,background
10x_human_ovarian_cancer_ffpe_visium,10x_human_ovarian_cancer_ffpe_visium,10x Visium | 10x Visium,6057,3434,background
10x_human_ovarian_cancer_ffpe_visium,10x_human_ovarian_cancer_ffpe_visium,10x Visium | 10x Visium,6130,3308,background
10x_human_ovarian_cancer_ffpe_visium,10x_human_ovarian_cancer_ffpe_visium,10x Visium | 10x Visium,6202,3434,background
10x_human_ovarian_cancer_ffpe_visium,10x_human_ovarian_cancer_ffpe_visium,10x Visium | 10x Visium,6274,3308,background
10x_human_ovarian_cancer_ffpe_visium,10x_human_ovarian_cancer_ffpe_visium,10x Visium | 10x Visium,6346,3434,background
10x_human_ovarian_cancer_ffpe_visium,10x_human_ovarian_cancer_ffpe_visium,10x Visium | 10x Visium,6418,3309,background
10x_human_ovarian_cancer_ffpe_visium,10x_human_ovarian_cancer_ffpe_visium,10x Visium | 10x Visium,6490,3434,background
10x_human_ovarian_cancer_ffpe_visium,10x_human_ovarian_cancer_ffpe_visium,10x Visium | 10x Visium,6563,3309,background
10x_human_ovarian_cancer_ffpe_visium,10x_human_ovarian_cancer_ffpe_visium,10x Visium | 10x Visium,6635,3435,background
10x_human_ovarian_cancer_ffpe_visium,10x_human_ovarian_cancer_ffpe_visium,10x Visium | 10x Visium,6707,3309,background
10x_human_ovarian_cancer_ffpe_visium,10x_human_ovarian_cancer_ffpe_visium,10x Visium | 10x Visium,6779,3435,background
10x_human_ovarian_cancer_ffpe_visium,10x_human_ovarian_cancer_ffpe_visium,10x Visium | 10x Visium,6851,3309,background
10x_human_ovarian_cancer_ffpe_visium,10x_human_ovarian_cancer_ffpe_visium,10x Visium | 10x Visium,6923,3435,background
10x_human_ovarian_cancer_ffpe_visium,10x_human_ovarian_cancer_ffpe_visium,10x Visium | 10x Visium,6996,3310,background
10x_human_ovarian_cancer_ffpe_visium,10x_human_ovarian_cancer_ffpe_visium,10x Visium | 10x Visium,7068,3435,background
10x_human_ovarian_cancer_ffpe_visium,10x_human_ovarian_cancer_ffpe_visium,10x Visium | 10x Visium,7140,3310,background
10x_human_ovarian_cancer_ffpe_visium,10x_human_ovarian_cancer_ffpe_visium,10x Visium | 10x Visium,7212,3436,background
10x_human_ovarian_cancer_ffpe_visium,10x_human_ovarian_cancer_ffpe_visium,10x Visium | 10x Visium,7285,3310,background
10x_human_ovarian_cancer_ffpe_visium,10x_human_ovarian_cancer_ffpe_visium,10x Visium | 10x Visium,7357,3436,background
10x_human_ovarian_cancer_ffpe_visium,10x_human_ovarian_cancer_ffpe_visium,10x Visium | 10x Visium,7429,3310,background
10x_human_ovarian_cancer_ffpe_visium,10x_human_ovarian_cancer_ffpe_visium,10x Visium | 10x Visium,7501,3436,background
10x_human_ovarian_cancer_ffpe_visium,10x_human_ovarian_cancer_ffpe_visium,10x Visium | 10x Visium,7573,3311,background
10x_human_ovarian_cancer_ffpe_visium,10x_human_ovarian_cancer_ffpe_visium,10x Visium | 10x Visium,7645,3436,background
10x_human_ovarian_cancer_ffpe_visium,10x_human_ovarian_cancer_ffpe_visium,10x Visium | 10x Visium,7718,3311,background
10x_human_ovarian_cancer_ffpe_visium,10x_human_ovarian_cancer_ffpe_visium,10x Visium | 10x Visium,7790,3436,background
10x_human_ovarian_cancer_ffpe_visium,10x_human_ovarian_cancer_ffpe_visium,10x Visium | 10x Visium,7862,3311,background
10x_human_ovarian_cancer_ffpe_visium,10x_human_ovarian_cancer_ffpe_visium,10x Visium | 10x Visium,7934,3437,background
10x_human_ovarian_cancer_ffpe_visium,10x_human_ovarian_cancer_ffpe_visium,10x Visium | 10x Visium,8007,3311,background
10x_human_ovarian_cancer_ffpe_visium,10x_human_ovarian_cancer_ffpe_visium,10x Visium | 10x Visium,8078,3437,background
10x_human_ovarian_cancer_ffpe_visium,10x_human_ovarian_cancer_ffpe_visium,10x Visium | 10x Visium,8151,3311,background
10x_human_ovarian_cancer_ffpe_visium,10x_human_ovarian_cancer_ffpe_visium,10x Visium | 10x Visium,8223,3437,background
10x_human_ovarian_cancer_ffpe_visium,10x_human_ovarian_cancer_ffpe_visium,10x Visium | 10x Visium,8295,3312,background
10x_human_ovarian_cancer_ffpe_visium,10x_human_ovarian_cancer_ffpe_visium,10x Visium | 10x Visium,8367,3437,background
10x_human_ovarian_cancer_ffpe_visium,10x_human_ovarian_cancer_ffpe_visium,10x Visium | 10x Visium,8512,3438,background
10x_human_ovarian_cancer_ffpe_visium,10x_human_ovarian_cancer_ffpe_visium,10x Visium | 10x Visium,8656,3438,background
10x_human_ovarian_cancer_ffpe_visium,10x_human_ovarian_cancer_ffpe_visium,10x Visium | 10x Visium,8728,3312,background
10x_human_ovarian_cancer_ffpe_visium,10x_human_ovarian_cancer_ffpe_visium,10x Visium | 10x Visium,8800,3438,background
10x_human_ovarian_cancer_ffpe_visium,10x_human_ovarian_cancer_ffpe_visium,10x Visium | 10x Visium,8873,3313,background
10x_human_ovarian_cancer_ffpe_visium,10x_human_ovarian_cancer_ffpe_visium,10x Visium | 10x Visium,8945,3438,background
10x_human_ovarian_cancer_ffpe_visium,10x_human_ovarian_cancer_ffpe_visium,10x Visium | 10x Visium,9017,3313,background
10x_human_ovarian_cancer_ffpe_visium,10x_human_ovarian_cancer_ffpe_visium,10x Visium | 10x Visium,9089,3439,background
10x_human_ovarian_cancer_ffpe_visium,10x_human_ovarian_cancer_ffpe_visium,10x Visium | 10x Visium,9162,3313,background
10x_human_ovarian_cancer_ffpe_visium,10x_human_ovarian_cancer_ffpe_visium,10x Visium | 10x Visium,9234,3439,background
10x_human_ovarian_cancer_ffpe_visium,10x_human_ovarian_cancer_ffpe_visium,10x Visium | 10x Visium,9306,3313,background
10x_human_ovarian_cancer_ffpe_visium,10x_human_ovarian_cancer_ffpe_visium,10x Visium | 10x Visium,9378,3439,background
10x_human_ovarian_cancer_ffpe_visium,10x_human_ovarian_cancer_ffpe_visium,10x Visium | 10x Visium,9450,3313,background
10x_human_ovarian_cancer_ffpe_visium,10x_human_ovarian_cancer_ffpe_visium,10x Visium | 10x Visium,9522,3439,background
10x_human_ovarian_cancer_ffpe_visium,10x_human_ovarian_cancer_ffpe_visium,10x Visium | 10x Visium,2880,3680,background
10x_human_ovarian_cancer_ffpe_visium,10x_human_ovarian_cancer_ffpe_visium,10x Visium | 10x Visium,2953,3554,background
10x_human_ovarian_cancer_ffpe_visium,10x_human_ovarian_cancer_ffpe_visium,10x Visium | 10x Visium,3025,3680,background
10x_human_ovarian_cancer_ffpe_visium,10x_human_ovarian_cancer_ffpe_visium,10x Visium | 10x Visium,3097,3555,background
10x_human_ovarian_cancer_ffpe_visium,10x_human_ovarian_cancer_ffpe_visium,10x Visium | 10x Visium,3169,3680,background
10x_human_ovarian_cancer_ffpe_visium,10x_human_ovarian_cancer_ffpe_visium,10x Visium | 10x Visium,3242,3555,background
10x_human_ovarian_cancer_ffpe_visium,10x_human_ovarian_cancer_ffpe_visium,10x Visium | 10x Visium,3314,3681,background
10x_human_ovarian_cancer_ffpe_visium,10x_human_ovarian_cancer_ffpe_visium,10x Visium | 10x Visium,3386,3555,background
10x_human_ovarian_cancer_ffpe_visium,10x_human_ovarian_cancer_ffpe_visium,10x Visium | 10x Visium,3458,3681,background
10x_human_ovarian_cancer_ffpe_visium,10x_human_ovarian_cancer_ffpe_visium,10x Visium | 10x Visium,3530,3555,background
10x_human_ovarian_cancer_ffpe_visium,10x_human_ovarian_cancer_ffpe_visium,10x Visium | 10x Visium,3602,3681,background
10x_human_ovarian_cancer_ffpe_visium,10x_human_ovarian_cancer_ffpe_visium,10x Visium | 10x Visium,3675,3556,background
10x_human_ovarian_cancer_ffpe_visium,10x_human_ovarian_cancer_ffpe_visium,10x Visium | 10x Visium,3747,3681,background
10x_human_ovarian_cancer_ffpe_visium,10x_human_ovarian_cancer_ffpe_visium,10x Visium | 10x Visium,3819,3556,background
10x_human_ovarian_cancer_ffpe_visium,10x_human_ovarian_cancer_ffpe_visium,10x Visium | 10x Visium,3891,3682,background
10x_human_ovarian_cancer_ffpe_visium,10x_human_ovarian_cancer_ffpe_visium,10x Visium | 10x Visium,3963,3556,background
10x_human_ovarian_cancer_ffpe_visium,10x_human_ovarian_cancer_ffpe_visium,10x Visium | 10x Visium,4035,3682,background
10x_human_ovarian_cancer_ffpe_visium,10x_human_ovarian_cancer_ffpe_visium,10x Visium | 10x Visium,4108,3556,background
10x_human_ovarian_cancer_ffpe_visium,10x_human_ovarian_cancer_ffpe_visium,10x Visium | 10x Visium,4180,3682,background
10x_human_ovarian_cancer_ffpe_visium,10x_human_ovarian_cancer_ffpe_visium,10x Visium | 10x Visium,4252,3556,background
10x_human_ovarian_cancer_ffpe_visium,10x_human_ovarian_cancer_ffpe_visium,10x Visium | 10x Visium,4324,3682,background
10x_human_ovarian_cancer_ffpe_visium,10x_human_ovarian_cancer_ffpe_visium,10x Visium | 10x Visium,4397,3557,background
10x_human_ovarian_cancer_ffpe_visium,10x_human_ovarian_cancer_ffpe_visium,10x Visium | 10x Visium,4469,3682,background
10x_human_ovarian_cancer_ffpe_visium,10x_human_ovarian_cancer_ffpe_visium,10x Visium | 10x Visium,4541,3557,background
10x_human_ovarian_cancer_ffpe_visium,10x_human_ovarian_cancer_ffpe_visium,10x Visium | 10x Visium,4613,3683,background
10x_human_ovarian_cancer_ffpe_visium,10x_human_ovarian_cancer_ffpe_visium,10x Visium | 10x Visium,4685,3557,background
10x_human_ovarian_cancer_ffpe_visium,10x_human_ovarian_cancer_ffpe_visium,10x Visium | 10x Visium,4757,3683,background
10x_human_ovarian_cancer_ffpe_visium,10x_human_ovarian_cancer_ffpe_visium,10x Visium | 10x Visium,4830,3557,background
10x_human_ovarian_cancer_ffpe_visium,10x_human_ovarian_cancer_ffpe_visium,10x Visium | 10x Visium,4902,3683,background
10x_human_ovarian_cancer_ffpe_visium,10x_human_ovarian_cancer_ffpe_visium,10x Visium | 10x Visium,4974,3558,background
10x_human_ovarian_cancer_ffpe_visium,10x_human_ovarian_cancer_ffpe_visium,10x Visium | 10x Visium,5046,3683,background
10x_human_ovarian_cancer_ffpe_visium,10x_human_ovarian_cancer_ffpe_visium,10x Visium | 10x Visium,5119,3558,background
10x_human_ovarian_cancer_ffpe_visium,10x_human_ovarian_cancer_ffpe_visium,10x Visium | 10x Visium,5190,3684,background
10x_human_ovarian_cancer_ffpe_visium,10x_human_ovarian_cancer_ffpe_visium,10x Visium | 10x Visium,5263,3558,background
10x_human_ovarian_cancer_ffpe_visium,10x_human_ovarian_cancer_ffpe_visium,10x Visium | 10x Visium,5335,3684,background
10x_human_ovarian_cancer_ffpe_visium,10x_human_ovarian_cancer_ffpe_visium,10x Visium | 10x Visium,5407,3558,background
10x_human_ovarian_cancer_ffpe_visium,10x_human_ovarian_cancer_ffpe_visium,10x Visium | 10x Visium,5479,3684,background
10x_human_ovarian_cancer_ffpe_visium,10x_human_ovarian_cancer_ffpe_visium,10x Visium | 10x Visium,5552,3559,background
10x_human_ovarian_cancer_ffpe_visium,10x_human_ovarian_cancer_ffpe_visium,10x Visium | 10x Visium,5624,3684,background
10x_human_ovarian_cancer_ffpe_visium,10x_human_ovarian_cancer_ffpe_visium,10x Visium | 10x Visium,5696,3559,background
10x_human_ovarian_cancer_ffpe_visium,10x_human_ovarian_cancer_ffpe_visium,10x Visium | 10x Visium,5768,3684,background
10x_human_ovarian_cancer_ffpe_visium,10x_human_ovarian_cancer_ffpe_visium,10x Visium | 10x Visium,5840,3559,background
10x_human_ovarian_cancer_ffpe_visium,10x_human_ovarian_cancer_ffpe_visium,10x Visium | 10x Visium,5912,3685,background
10x_human_ovarian_cancer_ffpe_visium,10x_human_ovarian_cancer_ffpe_visium,10x Visium | 10x Visium,5985,3559,background
10x_human_ovarian_cancer_ffpe_visium,10x_human_ovarian_cancer_ffpe_visium,10x Visium | 10x Visium,6057,3685,background
10x_human_ovarian_cancer_ffpe_visium,10x_human_ovarian_cancer_ffpe_visium,10x Visium | 10x Visium,6129,3559,background
10x_human_ovarian_cancer_ffpe_visium,10x_human_ovarian_cancer_ffpe_visium,10x Visium | 10x Visium,6201,3685,background
10x_human_ovarian_cancer_ffpe_visium,10x_human_ovarian_cancer_ffpe_visium,10x Visium | 10x Visium,6274,3560,background
10x_human_ovarian_cancer_ffpe_visium,10x_human_ovarian_cancer_ffpe_visium,10x Visium | 10x Visium,6346,3685,background
10x_human_ovarian_cancer_ffpe_visium,10x_human_ovarian_cancer_ffpe_visium,10x Visium | 10x Visium,6418,3560,background
10x_human_ovarian_cancer_ffpe_visium,10x_human_ovarian_cancer_ffpe_visium,10x Visium | 10x Visium,6490,3686,background
10x_human_ovarian_cancer_ffpe_visium,10x_human_ovarian_cancer_ffpe_visium,10x Visium | 10x Visium,6562,3560,background
10x_human_ovarian_cancer_ffpe_visium,10x_human_ovarian_cancer_ffpe_visium,10x Visium | 10x Visium,6634,3686,background
10x_human_ovarian_cancer_ffpe_visium,10x_human_ovarian_cancer_ffpe_visium,10x Visium | 10x Visium,6707,3560,background
10x_human_ovarian_cancer_ffpe_visium,10x_human_ovarian_cancer_ffpe_visium,10x Visium | 10x Visium,6779,3686,background
10x_human_ovarian_cancer_ffpe_visium,10x_human_ovarian_cancer_ffpe_visium,10x Visium | 10x Visium,6851,3561,background
10x_human_ovarian_cancer_ffpe_visium,10x_human_ovarian_cancer_ffpe_visium,10x Visium | 10x Visium,6923,3686,background
10x_human_ovarian_cancer_ffpe_visium,10x_human_ovarian_cancer_ffpe_visium,10x Visium | 10x Visium,6995,3561,background
10x_human_ovarian_cancer_ffpe_visium,10x_human_ovarian_cancer_ffpe_visium,10x Visium | 10x Visium,7067,3687,background
10x_human_ovarian_cancer_ffpe_visium,10x_human_ovarian_cancer_ffpe_visium,10x Visium | 10x Visium,7140,3561,background
10x_human_ovarian_cancer_ffpe_visium,10x_human_ovarian_cancer_ffpe_visium,10x Visium | 10x Visium,7212,3687,background
10x_human_ovarian_cancer_ffpe_visium,10x_human_ovarian_cancer_ffpe_visium,10x Visium | 10x Visium,7284,3561,background
10x_human_ovarian_cancer_ffpe_visium,10x_human_ovarian_cancer_ffpe_visium,10x Visium | 10x Visium,7356,3687,background
10x_human_ovarian_cancer_ffpe_visium,10x_human_ovarian_cancer_ffpe_visium,10x Visium | 10x Visium,7429,3562,background
10x_human_ovarian_cancer_ffpe_visium,10x_human_ovarian_cancer_ffpe_visium,10x Visium | 10x Visium,7501,3687,background
10x_human_ovarian_cancer_ffpe_visium,10x_human_ovarian_cancer_ffpe_visium,10x Visium | 10x Visium,7573,3562,background
10x_human_ovarian_cancer_ffpe_visium,10x_human_ovarian_cancer_ffpe_visium,10x Visium | 10x Visium,7645,3687,background
10x_human_ovarian_cancer_ffpe_visium,10x_human_ovarian_cancer_ffpe_visium,10x Visium | 10x Visium,7717,3562,background
10x_human_ovarian_cancer_ffpe_visium,10x_human_ovarian_cancer_ffpe_visium,10x Visium | 10x Visium,7789,3688,background
10x_human_ovarian_cancer_ffpe_visium,10x_human_ovarian_cancer_ffpe_visium,10x Visium | 10x Visium,7862,3562,background
10x_human_ovarian_cancer_ffpe_visium,10x_human_ovarian_cancer_ffpe_visium,10x Visium | 10x Visium,7934,3688,background
10x_human_ovarian_cancer_ffpe_visium,10x_human_ovarian_cancer_ffpe_visium,10x Visium | 10x Visium,8006,3562,background
10x_human_ovarian_cancer_ffpe_visium,10x_human_ovarian_cancer_ffpe_visium,10x Visium | 10x Visium,8078,3688,background
10x_human_ovarian_cancer_ffpe_visium,10x_human_ovarian_cancer_ffpe_visium,10x Visium | 10x Visium,8150,3563,background
10x_human_ovarian_cancer_ffpe_visium,10x_human_ovarian_cancer_ffpe_visium,10x Visium | 10x Visium,8222,3688,background
10x_human_ovarian_cancer_ffpe_visium,10x_human_ovarian_cancer_ffpe_visium,10x Visium | 10x Visium,8295,3563,background
10x_human_ovarian_cancer_ffpe_visium,10x_human_ovarian_cancer_ffpe_visium,10x Visium | 10x Visium,8367,3689,background
10x_human_ovarian_cancer_ffpe_visium,10x_human_ovarian_cancer_ffpe_visium,10x Visium | 10x Visium,8439,3563,background
10x_human_ovarian_cancer_ffpe_visium,10x_human_ovarian_cancer_ffpe_visium,10x Visium | 10x Visium,8511,3689,background
10x_human_ovarian_cancer_ffpe_visium,10x_human_ovarian_cancer_ffpe_visium,10x Visium | 10x Visium,8584,3563,background
10x_human_ovarian_cancer_ffpe_visium,10x_human_ovarian_cancer_ffpe_visium,10x Visium | 10x Visium,8656,3689,background
10x_human_ovarian_cancer_ffpe_visium,10x_human_ovarian_cancer_ffpe_visium,10x Visium | 10x Visium,8728,3564,background
10x_human_ovarian_cancer_ffpe_visium,10x_human_ovarian_cancer_ffpe_visium,10x Visium | 10x Visium,8800,3689,background
10x_human_ovarian_cancer_ffpe_visium,10x_human_ovarian_cancer_ffpe_visium,10x Visium | 10x Visium,8872,3564,background
10x_human_ovarian_cancer_ffpe_visium,10x_human_ovarian_cancer_ffpe_visium,10x Visium | 10x Visium,8944,3690,background
10x_human_ovarian_cancer_ffpe_visium,10x_human_ovarian_cancer_ffpe_visium,10x Visium | 10x Visium,9017,3564,background
10x_human_ovarian_cancer_ffpe_visium,10x_human_ovarian_cancer_ffpe_visium,10x Visium | 10x Visium,9089,3690,background
10x_human_ovarian_cancer_ffpe_visium,10x_human_ovarian_cancer_ffpe_visium,10x Visium | 10x Visium,9161,3564,background
10x_human_ovarian_cancer_ffpe_visium,10x_human_ovarian_cancer_ffpe_visium,10x Visium | 10x Visium,9233,3690,background
10x_human_ovarian_cancer_ffpe_visium,10x_human_ovarian_cancer_ffpe_visium,10x Visium | 10x Visium,9306,3564,background
10x_human_ovarian_cancer_ffpe_visium,10x_human_ovarian_cancer_ffpe_visium,10x Visium | 10x Visium,9378,3690,background
10x_human_ovarian_cancer_ffpe_visium,10x_human_ovarian_cancer_ffpe_visium,10x Visium | 10x Visium,9450,3565,background
10x_human_ovarian_cancer_ffpe_visium,10x_human_ovarian_cancer_ffpe_visium,10x Visium | 10x Visium,9522,3690,background
10x_human_ovarian_cancer_ffpe_visium,10x_human_ovarian_cancer_ffpe_visium,10x Visium | 10x Visium,9594,3565,background
10x_human_ovarian_cancer_ffpe_visium,10x_human_ovarian_cancer_ffpe_visium,10x Visium | 10x Visium,9666,3691,background
10x_human_ovarian_cancer_ffpe_visium,10x_human_ovarian_cancer_ffpe_visium,10x Visium | 10x Visium,9739,3565,background
10x_human_ovarian_cancer_ffpe_visium,10x_human_ovarian_cancer_ffpe_visium,10x Visium | 10x Visium,9811,3691,background
10x_human_ovarian_cancer_ffpe_visium,10x_human_ovarian_cancer_ffpe_visium,10x Visium | 10x Visium,2591,3931,background
10x_human_ovarian_cancer_ffpe_visium,10x_human_ovarian_cancer_ffpe_visium,10x Visium | 10x Visium,2664,3805,background
10x_human_ovarian_cancer_ffpe_visium,10x_human_ovarian_cancer_ffpe_visium,10x Visium | 10x Visium,2736,3931,background
10x_human_ovarian_cancer_ffpe_visium,10x_human_ovarian_cancer_ffpe_visium,10x Visium | 10x Visium,2808,3805,background
10x_human_ovarian_cancer_ffpe_visium,10x_human_ovarian_cancer_ffpe_visium,10x Visium | 10x Visium,2880,3931,background
10x_human_ovarian_cancer_ffpe_visium,10x_human_ovarian_cancer_ffpe_visium,10x Visium | 10x Visium,2952,3806,background
10x_human_ovarian_cancer_ffpe_visium,10x_human_ovarian_cancer_ffpe_visium,10x Visium | 10x Visium,3024,3931,background
10x_human_ovarian_cancer_ffpe_visium,10x_human_ovarian_cancer_ffpe_visium,10x Visium | 10x Visium,3097,3806,background
10x_human_ovarian_cancer_ffpe_visium,10x_human_ovarian_cancer_ffpe_visium,10x Visium | 10x Visium,3169,3932,background
10x_human_ovarian_cancer_ffpe_visium,10x_human_ovarian_cancer_ffpe_visium,10x Visium | 10x Visium,3241,3806,background
10x_human_ovarian_cancer_ffpe_visium,10x_human_ovarian_cancer_ffpe_visium,10x Visium | 10x Visium,3313,3932,background
10x_human_ovarian_cancer_ffpe_visium,10x_human_ovarian_cancer_ffpe_visium,10x Visium | 10x Visium,3386,3806,background
10x_human_ovarian_cancer_ffpe_visium,10x_human_ovarian_cancer_ffpe_visium,10x Visium | 10x Visium,3458,3932,background
10x_human_ovarian_cancer_ffpe_visium,10x_human_ovarian_cancer_ffpe_visium,10x Visium | 10x Visium,3530,3807,background
10x_human_ovarian_cancer_ffpe_visium,10x_human_ovarian_cancer_ffpe_visium,10x Visium | 10x Visium,3602,3932,background
10x_human_ovarian_cancer_ffpe_visium,10x_human_ovarian_cancer_ffpe_visium,10x Visium | 10x Visium,3674,3807,background
10x_human_ovarian_cancer_ffpe_visium,10x_human_ovarian_cancer_ffpe_visium,10x Visium | 10x Visium,3746,3933,background
10x_human_ovarian_cancer_ffpe_visium,10x_human_ovarian_cancer_ffpe_visium,10x Visium | 10x Visium,3819,3807,background
10x_human_ovarian_cancer_ffpe_visium,10x_human_ovarian_cancer_ffpe_visium,10x Visium | 10x Visium,3891,3933,background
10x_human_ovarian_cancer_ffpe_visium,10x_human_ovarian_cancer_ffpe_visium,10x Visium | 10x Visium,3963,3807,background
10x_human_ovarian_cancer_ffpe_visium,10x_human_ovarian_cancer_ffpe_visium,10x Visium | 10x Visium,4035,3933,background
10x_human_ovarian_cancer_ffpe_visium,10x_human_ovarian_cancer_ffpe_visium,10x Visium | 10x Visium,4107,3807,background
10x_human_ovarian_cancer_ffpe_visium,10x_human_ovarian_cancer_ffpe_visium,10x Visium | 10x Visium,4179,3933,background
10x_human_ovarian_cancer_ffpe_visium,10x_human_ovarian_cancer_ffpe_visium,10x Visium | 10x Visium,4252,3808,background
10x_human_ovarian_cancer_ffpe_visium,10x_human_ovarian_cancer_ffpe_visium,10x Visium | 10x Visium,4324,3933,background
10x_human_ovarian_cancer_ffpe_visium,10x_human_ovarian_cancer_ffpe_visium,10x Visium | 10x Visium,4396,3808,background
10x_human_ovarian_cancer_ffpe_visium,10x_human_ovarian_cancer_ffpe_visium,10x Visium | 10x Visium,4468,3934,background
10x_human_ovarian_cancer_ffpe_visium,10x_human_ovarian_cancer_ffpe_visium,10x Visium | 10x Visium,4541,3808,background
10x_human_ovarian_cancer_ffpe_visium,10x_human_ovarian_cancer_ffpe_visium,10x Visium | 10x Visium,4613,3934,background
10x_human_ovarian_cancer_ffpe_visium,10x_human_ovarian_cancer_ffpe_visium,10x Visium | 10x Visium,4685,3808,background
10x_human_ovarian_cancer_ffpe_visium,10x_human_ovarian_cancer_ffpe_visium,10x Visium | 10x Visium,4757,3934,background
10x_human_ovarian_cancer_ffpe_visium,10x_human_ovarian_cancer_ffpe_visium,10x Visium | 10x Visium,4829,3809,background
10x_human_ovarian_cancer_ffpe_visium,10x_human_ovarian_cancer_ffpe_visium,10x Visium | 10x Visium,4901,3934,background
10x_human_ovarian_cancer_ffpe_visium,10x_human_ovarian_cancer_ffpe_visium,10x Visium | 10x Visium,4974,3809,background
10x_human_ovarian_cancer_ffpe_visium,10x_human_ovarian_cancer_ffpe_visium,10x Visium | 10x Visium,5046,3935,background
10x_human_ovarian_cancer_ffpe_visium,10x_human_ovarian_cancer_ffpe_visium,10x Visium | 10x Visium,5118,3809,background
10x_human_ovarian_cancer_ffpe_visium,10x_human_ovarian_cancer_ffpe_visium,10x Visium | 10x Visium,5190,3935,background
10x_human_ovarian_cancer_ffpe_visium,10x_human_ovarian_cancer_ffpe_visium,10x Visium | 10x Visium,5262,3809,background
10x_human_ovarian_cancer_ffpe_visium,10x_human_ovarian_cancer_ffpe_visium,10x Visium | 10x Visium,5334,3935,background
10x_human_ovarian_cancer_ffpe_visium,10x_human_ovarian_cancer_ffpe_visium,10x Visium | 10x Visium,5407,3810,background
10x_human_ovarian_cancer_ffpe_visium,10x_human_ovarian_cancer_ffpe_visium,10x Visium | 10x Visium,5479,3935,background
10x_human_ovarian_cancer_ffpe_visium,10x_human_ovarian_cancer_ffpe_visium,10x Visium | 10x Visium,5551,3810,background
10x_human_ovarian_cancer_ffpe_visium,10x_human_ovarian_cancer_ffpe_visium,10x Visium | 10x Visium,5623,3935,background
10x_human_ovarian_cancer_ffpe_visium,10x_human_ovarian_cancer_ffpe_visium,10x Visium | 10x Visium,5696,3810,background
10x_human_ovarian_cancer_ffpe_visium,10x_human_ovarian_cancer_ffpe_visium,10x Visium | 10x Visium,5768,3936,background
10x_human_ovarian_cancer_ffpe_visium,10x_human_ovarian_cancer_ffpe_visium,10x Visium | 10x Visium,5840,3810,background
10x_human_ovarian_cancer_ffpe_visium,10x_human_ovarian_cancer_ffpe_visium,10x Visium | 10x Visium,5912,3936,background
10x_human_ovarian_cancer_ffpe_visium,10x_human_ovarian_cancer_ffpe_visium,10x Visium | 10x Visium,5984,3810,background
10x_human_ovarian_cancer_ffpe_visium,10x_human_ovarian_cancer_ffpe_visium,10x Visium | 10x Visium,6056,3936,background
10x_human_ovarian_cancer_ffpe_visium,10x_human_ovarian_cancer_ffpe_visium,10x Visium | 10x Visium,6129,3811,background
10x_human_ovarian_cancer_ffpe_visium,10x_human_ovarian_cancer_ffpe_visium,10x Visium | 10x Visium,6201,3936,background
10x_human_ovarian_cancer_ffpe_visium,10x_human_ovarian_cancer_ffpe_visium,10x Visium | 10x Visium,6273,3811,background
10x_human_ovarian_cancer_ffpe_visium,10x_human_ovarian_cancer_ffpe_visium,10x Visium | 10x Visium,6345,3937,background
10x_human_ovarian_cancer_ffpe_visium,10x_human_ovarian_cancer_ffpe_visium,10x Visium | 10x Visium,6418,3811,background
10x_human_ovarian_cancer_ffpe_visium,10x_human_ovarian_cancer_ffpe_visium,10x Visium | 10x Visium,6490,3937,background
10x_human_ovarian_cancer_ffpe_visium,10x_human_ovarian_cancer_ffpe_visium,10x Visium | 10x Visium,6562,3811,background
10x_human_ovarian_cancer_ffpe_visium,10x_human_ovarian_cancer_ffpe_visium,10x Visium | 10x Visium,6634,3937,background
10x_human_ovarian_cancer_ffpe_visium,10x_human_ovarian_cancer_ffpe_visium,10x Visium | 10x Visium,6706,3812,background
10x_human_ovarian_cancer_ffpe_visium,10x_human_ovarian_cancer_ffpe_visium,10x Visium | 10x Visium,6778,3937,background
10x_human_ovarian_cancer_ffpe_visium,10x_human_ovarian_cancer_ffpe_visium,10x Visium | 10x Visium,6851,3812,background
10x_human_ovarian_cancer_ffpe_visium,10x_human_ovarian_cancer_ffpe_visium,10x Visium | 10x Visium,6923,3938,background
10x_human_ovarian_cancer_ffpe_visium,10x_human_ovarian_cancer_ffpe_visium,10x Visium | 10x Visium,6995,3812,background
10x_human_ovarian_cancer_ffpe_visium,10x_human_ovarian_cancer_ffpe_visium,10x Visium | 10x Visium,7067,3938,background
10x_human_ovarian_cancer_ffpe_visium,10x_human_ovarian_cancer_ffpe_visium,10x Visium | 10x Visium,7139,3812,background
10x_human_ovarian_cancer_ffpe_visium,10x_human_ovarian_cancer_ffpe_visium,10x Visium | 10x Visium,7211,3938,background
10x_human_ovarian_cancer_ffpe_visium,10x_human_ovarian_cancer_ffpe_visium,10x Visium | 10x Visium,7284,3812,background
10x_human_ovarian_cancer_ffpe_visium,10x_human_ovarian_cancer_ffpe_visium,10x Visium | 10x Visium,7356,3938,background
10x_human_ovarian_cancer_ffpe_visium,10x_human_ovarian_cancer_ffpe_visium,10x Visium | 10x Visium,7428,3813,background
10x_human_ovarian_cancer_ffpe_visium,10x_human_ovarian_cancer_ffpe_visium,10x Visium | 10x Visium,7500,3938,background
10x_human_ovarian_cancer_ffpe_visium,10x_human_ovarian_cancer_ffpe_visium,10x Visium | 10x Visium,7573,3813,background
10x_human_ovarian_cancer_ffpe_visium,10x_human_ovarian_cancer_ffpe_visium,10x Visium | 10x Visium,7645,3939,background
10x_human_ovarian_cancer_ffpe_visium,10x_human_ovarian_cancer_ffpe_visium,10x Visium | 10x Visium,7717,3813,background
10x_human_ovarian_cancer_ffpe_visium,10x_human_ovarian_cancer_ffpe_visium,10x Visium | 10x Visium,7789,3939,background
10x_human_ovarian_cancer_ffpe_visium,10x_human_ovarian_cancer_ffpe_visium,10x Visium | 10x Visium,7861,3813,background
10x_human_ovarian_cancer_ffpe_visium,10x_human_ovarian_cancer_ffpe_visium,10x Visium | 10x Visium,7933,3939,background
10x_human_ovarian_cancer_ffpe_visium,10x_human_ovarian_cancer_ffpe_visium,10x Visium | 10x Visium,8006,3814,background
10x_human_ovarian_cancer_ffpe_visium,10x_human_ovarian_cancer_ffpe_visium,10x Visium | 10x Visium,8078,3939,background
10x_human_ovarian_cancer_ffpe_visium,10x_human_ovarian_cancer_ffpe_visium,10x Visium | 10x Visium,8150,3814,background
10x_human_ovarian_cancer_ffpe_visium,10x_human_ovarian_cancer_ffpe_visium,10x Visium | 10x Visium,8222,3940,background
10x_human_ovarian_cancer_ffpe_visium,10x_human_ovarian_cancer_ffpe_visium,10x Visium | 10x Visium,8294,3814,background
10x_human_ovarian_cancer_ffpe_visium,10x_human_ovarian_cancer_ffpe_visium,10x Visium | 10x Visium,8366,3940,background
10x_human_ovarian_cancer_ffpe_visium,10x_human_ovarian_cancer_ffpe_visium,10x Visium | 10x Visium,8439,3814,background
10x_human_ovarian_cancer_ffpe_visium,10x_human_ovarian_cancer_ffpe_visium,10x Visium | 10x Visium,8511,3940,background
10x_human_ovarian_cancer_ffpe_visium,10x_human_ovarian_cancer_ffpe_visium,10x Visium | 10x Visium,8583,3815,background
10x_human_ovarian_cancer_ffpe_visium,10x_human_ovarian_cancer_ffpe_visium,10x Visium | 10x Visium,8655,3940,background
10x_human_ovarian_cancer_ffpe_visium,10x_human_ovarian_cancer_ffpe_visium,10x Visium | 10x Visium,8728,3815,background
10x_human_ovarian_cancer_ffpe_visium,10x_human_ovarian_cancer_ffpe_visium,10x Visium | 10x Visium,8800,3941,background
10x_human_ovarian_cancer_ffpe_visium,10x_human_ovarian_cancer_ffpe_visium,10x Visium | 10x Visium,8872,3815,background
10x_human_ovarian_cancer_ffpe_visium,10x_human_ovarian_cancer_ffpe_visium,10x Visium | 10x Visium,8944,3941,background
10x_human_ovarian_cancer_ffpe_visium,10x_human_ovarian_cancer_ffpe_visium,10x Visium | 10x Visium,9016,3815,background
10x_human_ovarian_cancer_ffpe_visium,10x_human_ovarian_cancer_ffpe_visium,10x Visium | 10x Visium,9088,3941,background
10x_human_ovarian_cancer_ffpe_visium,10x_human_ovarian_cancer_ffpe_visium,10x Visium | 10x Visium,9161,3815,background
10x_human_ovarian_cancer_ffpe_visium,10x_human_ovarian_cancer_ffpe_visium,10x Visium | 10x Visium,9233,3941,background
10x_human_ovarian_cancer_ffpe_visium,10x_human_ovarian_cancer_ffpe_visium,10x Visium | 10x Visium,9305,3816,background
10x_human_ovarian_cancer_ffpe_visium,10x_human_ovarian_cancer_ffpe_visium,10x Visium | 10x Visium,9377,3941,background
10x_human_ovarian_cancer_ffpe_visium,10x_human_ovarian_cancer_ffpe_visium,10x Visium | 10x Visium,9450,3816,background
10x_human_ovarian_cancer_ffpe_visium,10x_human_ovarian_cancer_ffpe_visium,10x Visium | 10x Visium,9521,3942,background
10x_human_ovarian_cancer_ffpe_visium,10x_human_ovarian_cancer_ffpe_visium,10x Visium | 10x Visium,9594,3816,background
10x_human_ovarian_cancer_ffpe_visium,10x_human_ovarian_cancer_ffpe_visium,10x Visium | 10x Visium,9666,3942,background
10x_human_ovarian_cancer_ffpe_visium,10x_human_ovarian_cancer_ffpe_visium,10x Visium | 10x Visium,9738,3816,background
10x_human_ovarian_cancer_ffpe_visium,10x_human_ovarian_cancer_ffpe_visium,10x Visium | 10x Visium,9810,3942,background
10x_human_ovarian_cancer_ffpe_visium,10x_human_ovarian_cancer_ffpe_visium,10x Visium | 10x Visium,9883,3817,background
10x_human_ovarian_cancer_ffpe_visium,10x_human_ovarian_cancer_ffpe_visium,10x Visium | 10x Visium,9955,3942,background
10x_human_ovarian_cancer_ffpe_visium,10x_human_ovarian_cancer_ffpe_visium,10x Visium | 10x Visium,10099,3943,background
10x_human_ovarian_cancer_ffpe_visium,10x_human_ovarian_cancer_ffpe_visium,10x Visium | 10x Visium,2519,4056,background
10x_human_ovarian_cancer_ffpe_visium,10x_human_ovarian_cancer_ffpe_visium,10x Visium | 10x Visium,2591,4182,background
10x_human_ovarian_cancer_ffpe_visium,10x_human_ovarian_cancer_ffpe_visium,10x Visium | 10x Visium,2663,4056,background
10x_human_ovarian_cancer_ffpe_visium,10x_human_ovarian_cancer_ffpe_visium,10x Visium | 10x Visium,2735,4182,background
10x_human_ovarian_cancer_ffpe_visium,10x_human_ovarian_cancer_ffpe_visium,10x Visium | 10x Visium,2808,4057,background
10x_human_ovarian_cancer_ffpe_visium,10x_human_ovarian_cancer_ffpe_visium,10x Visium | 10x Visium,2880,4182,background
10x_human_ovarian_cancer_ffpe_visium,10x_human_ovarian_cancer_ffpe_visium,10x Visium | 10x Visium,2952,4057,background
10x_human_ovarian_cancer_ffpe_visium,10x_human_ovarian_cancer_ffpe_visium,10x Visium | 10x Visium,3024,4183,background
10x_human_ovarian_cancer_ffpe_visium,10x_human_ovarian_cancer_ffpe_visium,10x Visium | 10x Visium,3096,4057,background
10x_human_ovarian_cancer_ffpe_visium,10x_human_ovarian_cancer_ffpe_visium,10x Visium | 10x Visium,3168,4183,background
10x_human_ovarian_cancer_ffpe_visium,10x_human_ovarian_cancer_ffpe_visium,10x Visium | 10x Visium,3241,4057,background
10x_human_ovarian_cancer_ffpe_visium,10x_human_ovarian_cancer_ffpe_visium,10x Visium | 10x Visium,3313,4183,background
10x_human_ovarian_cancer_ffpe_visium,10x_human_ovarian_cancer_ffpe_visium,10x Visium | 10x Visium,3385,4058,background
10x_human_ovarian_cancer_ffpe_visium,10x_human_ovarian_cancer_ffpe_visium,10x Visium | 10x Visium,3457,4183,background
10x_human_ovarian_cancer_ffpe_visium,10x_human_ovarian_cancer_ffpe_visium,10x Visium | 10x Visium,3530,4058,background
10x_human_ovarian_cancer_ffpe_visium,10x_human_ovarian_cancer_ffpe_visium,10x Visium | 10x Visium,3602,4184,background
10x_human_ovarian_cancer_ffpe_visium,10x_human_ovarian_cancer_ffpe_visium,10x Visium | 10x Visium,3674,4058,background
10x_human_ovarian_cancer_ffpe_visium,10x_human_ovarian_cancer_ffpe_visium,10x Visium | 10x Visium,3746,4184,background
10x_human_ovarian_cancer_ffpe_visium,10x_human_ovarian_cancer_ffpe_visium,10x Visium | 10x Visium,3818,4058,background
10x_human_ovarian_cancer_ffpe_visium,10x_human_ovarian_cancer_ffpe_visium,10x Visium | 10x Visium,3890,4184,background
10x_human_ovarian_cancer_ffpe_visium,10x_human_ovarian_cancer_ffpe_visium,10x Visium | 10x Visium,3963,4058,background
10x_human_ovarian_cancer_ffpe_visium,10x_human_ovarian_cancer_ffpe_visium,10x Visium | 10x Visium,4035,4184,background
10x_human_ovarian_cancer_ffpe_visium,10x_human_ovarian_cancer_ffpe_visium,10x Visium | 10x Visium,4107,4059,background
10x_human_ovarian_cancer_ffpe_visium,10x_human_ovarian_cancer_ffpe_visium,10x Visium | 10x Visium,4179,4184,background
10x_human_ovarian_cancer_ffpe_visium,10x_human_ovarian_cancer_ffpe_visium,10x Visium | 10x Visium,4251,4059,background
10x_human_ovarian_cancer_ffpe_visium,10x_human_ovarian_cancer_ffpe_visium,10x Visium | 10x Visium,4323,4185,background
10x_human_ovarian_cancer_ffpe_visium,10x_human_ovarian_cancer_ffpe_visium,10x Visium | 10x Visium,4396,4059,background
10x_human_ovarian_cancer_ffpe_visium,10x_human_ovarian_cancer_ffpe_visium,10x Visium | 10x Visium,4468,4185,background
10x_human_ovarian_cancer_ffpe_visium,10x_human_ovarian_cancer_ffpe_visium,10x Visium | 10x Visium,4540,4059,background
10x_human_ovarian_cancer_ffpe_visium,10x_human_ovarian_cancer_ffpe_visium,10x Visium | 10x Visium,4612,4185,background
10x_human_ovarian_cancer_ffpe_visium,10x_human_ovarian_cancer_ffpe_visium,10x Visium | 10x Visium,4685,4060,background
10x_human_ovarian_cancer_ffpe_visium,10x_human_ovarian_cancer_ffpe_visium,10x Visium | 10x Visium,4757,4185,background
10x_human_ovarian_cancer_ffpe_visium,10x_human_ovarian_cancer_ffpe_visium,10x Visium | 10x Visium,4829,4060,background
10x_human_ovarian_cancer_ffpe_visium,10x_human_ovarian_cancer_ffpe_visium,10x Visium | 10x Visium,4901,4186,background
10x_human_ovarian_cancer_ffpe_visium,10x_human_ovarian_cancer_ffpe_visium,10x Visium | 10x Visium,4973,4060,background
10x_human_ovarian_cancer_ffpe_visium,10x_human_ovarian_cancer_ffpe_visium,10x Visium | 10x Visium,5045,4186,background
10x_human_ovarian_cancer_ffpe_visium,10x_human_ovarian_cancer_ffpe_visium,10x Visium | 10x Visium,5118,4060,background
10x_human_ovarian_cancer_ffpe_visium,10x_human_ovarian_cancer_ffpe_visium,10x Visium | 10x Visium,5190,4186,background
10x_human_ovarian_cancer_ffpe_visium,10x_human_ovarian_cancer_ffpe_visium,10x Visium | 10x Visium,5262,4061,background
10x_human_ovarian_cancer_ffpe_visium,10x_human_ovarian_cancer_ffpe_visium,10x Visium | 10x Visium,5334,4186,background
10x_human_ovarian_cancer_ffpe_visium,10x_human_ovarian_cancer_ffpe_visium,10x Visium | 10x Visium,5406,4061,background
10x_human_ovarian_cancer_ffpe_visium,10x_human_ovarian_cancer_ffpe_visium,10x Visium | 10x Visium,5478,4186,background
10x_human_ovarian_cancer_ffpe_visium,10x_human_ovarian_cancer_ffpe_visium,10x Visium | 10x Visium,5551,4061,background
10x_human_ovarian_cancer_ffpe_visium,10x_human_ovarian_cancer_ffpe_visium,10x Visium | 10x Visium,5623,4187,background
10x_human_ovarian_cancer_ffpe_visium,10x_human_ovarian_cancer_ffpe_visium,10x Visium | 10x Visium,5695,4061,background
10x_human_ovarian_cancer_ffpe_visium,10x_human_ovarian_cancer_ffpe_visium,10x Visium | 10x Visium,5767,4187,background
10x_human_ovarian_cancer_ffpe_visium,10x_human_ovarian_cancer_ffpe_visium,10x Visium | 10x Visium,5840,4061,background
10x_human_ovarian_cancer_ffpe_visium,10x_human_ovarian_cancer_ffpe_visium,10x Visium | 10x Visium,5912,4187,background
10x_human_ovarian_cancer_ffpe_visium,10x_human_ovarian_cancer_ffpe_visium,10x Visium | 10x Visium,5984,4062,background
10x_human_ovarian_cancer_ffpe_visium,10x_human_ovarian_cancer_ffpe_visium,10x Visium | 10x Visium,6056,4187,background
10x_human_ovarian_cancer_ffpe_visium,10x_human_ovarian_cancer_ffpe_visium,10x Visium | 10x Visium,6128,4062,background
10x_human_ovarian_cancer_ffpe_visium,10x_human_ovarian_cancer_ffpe_visium,10x Visium | 10x Visium,6200,4188,background
10x_human_ovarian_cancer_ffpe_visium,10x_human_ovarian_cancer_ffpe_visium,10x Visium | 10x Visium,6273,4062,background
10x_human_ovarian_cancer_ffpe_visium,10x_human_ovarian_cancer_ffpe_visium,10x Visium | 10x Visium,6345,4188,background
10x_human_ovarian_cancer_ffpe_visium,10x_human_ovarian_cancer_ffpe_visium,10x Visium | 10x Visium,6417,4062,background
10x_human_ovarian_cancer_ffpe_visium,10x_human_ovarian_cancer_ffpe_visium,10x Visium | 10x Visium,6489,4188,background
10x_human_ovarian_cancer_ffpe_visium,10x_human_ovarian_cancer_ffpe_visium,10x Visium | 10x Visium,6562,4063,background
10x_human_ovarian_cancer_ffpe_visium,10x_human_ovarian_cancer_ffpe_visium,10x Visium | 10x Visium,6634,4188,background
10x_human_ovarian_cancer_ffpe_visium,10x_human_ovarian_cancer_ffpe_visium,10x Visium | 10x Visium,6706,4063,background
10x_human_ovarian_cancer_ffpe_visium,10x_human_ovarian_cancer_ffpe_visium,10x Visium | 10x Visium,6778,4189,background
10x_human_ovarian_cancer_ffpe_visium,10x_human_ovarian_cancer_ffpe_visium,10x Visium | 10x Visium,6850,4063,background
10x_human_ovarian_cancer_ffpe_visium,10x_human_ovarian_cancer_ffpe_visium,10x Visium | 10x Visium,6922,4189,background
10x_human_ovarian_cancer_ffpe_visium,10x_human_ovarian_cancer_ffpe_visium,10x Visium | 10x Visium,6995,4063,background
10x_human_ovarian_cancer_ffpe_visium,10x_human_ovarian_cancer_ffpe_visium,10x Visium | 10x Visium,7067,4189,background
10x_human_ovarian_cancer_ffpe_visium,10x_human_ovarian_cancer_ffpe_visium,10x Visium | 10x Visium,7139,4063,background
10x_human_ovarian_cancer_ffpe_visium,10x_human_ovarian_cancer_ffpe_visium,10x Visium | 10x Visium,7211,4189,background
10x_human_ovarian_cancer_ffpe_visium,10x_human_ovarian_cancer_ffpe_visium,10x Visium | 10x Visium,7283,4064,background
10x_human_ovarian_cancer_ffpe_visium,10x_human_ovarian_cancer_ffpe_visium,10x Visium | 10x Visium,7355,4189,background
10x_human_ovarian_cancer_ffpe_visium,10x_human_ovarian_cancer_ffpe_visium,10x Visium | 10x Visium,7428,4064,background
10x_human_ovarian_cancer_ffpe_visium,10x_human_ovarian_cancer_ffpe_visium,10x Visium | 10x Visium,7500,4190,background
10x_human_ovarian_cancer_ffpe_visium,10x_human_ovarian_cancer_ffpe_visium,10x Visium | 10x Visium,7572,4064,background
10x_human_ovarian_cancer_ffpe_visium,10x_human_ovarian_cancer_ffpe_visium,10x Visium | 10x Visium,7644,4190,background
10x_human_ovarian_cancer_ffpe_visium,10x_human_ovarian_cancer_ffpe_visium,10x Visium | 10x Visium,7717,4064,background
10x_human_ovarian_cancer_ffpe_visium,10x_human_ovarian_cancer_ffpe_visium,10x Visium | 10x Visium,7789,4190,background
10x_human_ovarian_cancer_ffpe_visium,10x_human_ovarian_cancer_ffpe_visium,10x Visium | 10x Visium,7861,4065,background
10x_human_ovarian_cancer_ffpe_visium,10x_human_ovarian_cancer_ffpe_visium,10x Visium | 10x Visium,7933,4190,background
10x_human_ovarian_cancer_ffpe_visium,10x_human_ovarian_cancer_ffpe_visium,10x Visium | 10x Visium,8005,4065,background
10x_human_ovarian_cancer_ffpe_visium,10x_human_ovarian_cancer_ffpe_visium,10x Visium | 10x Visium,8077,4191,background
10x_human_ovarian_cancer_ffpe_visium,10x_human_ovarian_cancer_ffpe_visium,10x Visium | 10x Visium,8150,4065,background
10x_human_ovarian_cancer_ffpe_visium,10x_human_ovarian_cancer_ffpe_visium,10x Visium | 10x Visium,8222,4191,background
10x_human_ovarian_cancer_ffpe_visium,10x_human_ovarian_cancer_ffpe_visium,10x Visium | 10x Visium,8294,4065,background
10x_human_ovarian_cancer_ffpe_visium,10x_human_ovarian_cancer_ffpe_visium,10x Visium | 10x Visium,8366,4191,background
10x_human_ovarian_cancer_ffpe_visium,10x_human_ovarian_cancer_ffpe_visium,10x Visium | 10x Visium,8438,4066,background
10x_human_ovarian_cancer_ffpe_visium,10x_human_ovarian_cancer_ffpe_visium,10x Visium | 10x Visium,8510,4191,background
10x_human_ovarian_cancer_ffpe_visium,10x_human_ovarian_cancer_ffpe_visium,10x Visium | 10x Visium,8583,4066,background
10x_human_ovarian_cancer_ffpe_visium,10x_human_ovarian_cancer_ffpe_visium,10x Visium | 10x Visium,8655,4192,background
10x_human_ovarian_cancer_ffpe_visium,10x_human_ovarian_cancer_ffpe_visium,10x Visium | 10x Visium,8727,4066,background
10x_human_ovarian_cancer_ffpe_visium,10x_human_ovarian_cancer_ffpe_visium,10x Visium | 10x Visium,8799,4192,background
10x_human_ovarian_cancer_ffpe_visium,10x_human_ovarian_cancer_ffpe_visium,10x Visium | 10x Visium,8872,4066,background
10x_human_ovarian_cancer_ffpe_visium,10x_human_ovarian_cancer_ffpe_visium,10x Visium | 10x Visium,8944,4192,background
10x_human_ovarian_cancer_ffpe_visium,10x_human_ovarian_cancer_ffpe_visium,10x Visium | 10x Visium,9016,4066,background
10x_human_ovarian_cancer_ffpe_visium,10x_human_ovarian_cancer_ffpe_visium,10x Visium | 10x Visium,9088,4192,background
10x_human_ovarian_cancer_ffpe_visium,10x_human_ovarian_cancer_ffpe_visium,10x Visium | 10x Visium,9160,4067,background
10x_human_ovarian_cancer_ffpe_visium,10x_human_ovarian_cancer_ffpe_visium,10x Visium | 10x Visium,9232,4192,background
10x_human_ovarian_cancer_ffpe_visium,10x_human_ovarian_cancer_ffpe_visium,10x Visium | 10x Visium,9305,4067,background
10x_human_ovarian_cancer_ffpe_visium,10x_human_ovarian_cancer_ffpe_visium,10x Visium | 10x Visium,9377,4193,background
10x_human_ovarian_cancer_ffpe_visium,10x_human_ovarian_cancer_ffpe_visium,10x Visium | 10x Visium,9449,4067,background
10x_human_ovarian_cancer_ffpe_visium,10x_human_ovarian_cancer_ffpe_visium,10x Visium | 10x Visium,9521,4193,background
10x_human_ovarian_cancer_ffpe_visium,10x_human_ovarian_cancer_ffpe_visium,10x Visium | 10x Visium,9593,4067,background
10x_human_ovarian_cancer_ffpe_visium,10x_human_ovarian_cancer_ffpe_visium,10x Visium | 10x Visium,9665,4193,background
10x_human_ovarian_cancer_ffpe_visium,10x_human_ovarian_cancer_ffpe_visium,10x Visium | 10x Visium,9738,4068,background
10x_human_ovarian_cancer_ffpe_visium,10x_human_ovarian_cancer_ffpe_visium,10x Visium | 10x Visium,9810,4193,background
10x_human_ovarian_cancer_ffpe_visium,10x_human_ovarian_cancer_ffpe_visium,10x Visium | 10x Visium,9882,4068,background
10x_human_ovarian_cancer_ffpe_visium,10x_human_ovarian_cancer_ffpe_visium,10x Visium | 10x Visium,9954,4194,background
10x_human_ovarian_cancer_ffpe_visium,10x_human_ovarian_cancer_ffpe_visium,10x Visium | 10x Visium,10027,4068,background
10x_human_ovarian_cancer_ffpe_visium,10x_human_ovarian_cancer_ffpe_visium,10x Visium | 10x Visium,10099,4194,background
10x_human_ovarian_cancer_ffpe_visium,10x_human_ovarian_cancer_ffpe_visium,10x Visium | 10x Visium,10171,4068,background
10x_human_ovarian_cancer_ffpe_visium,10x_human_ovarian_cancer_ffpe_visium,10x Visium | 10x Visium,10243,4194,background
10x_human_ovarian_cancer_ffpe_visium,10x_human_ovarian_cancer_ffpe_visium,10x Visium | 10x Visium,2518,4307,background
10x_human_ovarian_cancer_ffpe_visium,10x_human_ovarian_cancer_ffpe_visium,10x Visium | 10x Visium,2590,4433,background
10x_human_ovarian_cancer_ffpe_visium,10x_human_ovarian_cancer_ffpe_visium,10x Visium | 10x Visium,2663,4308,background
10x_human_ovarian_cancer_ffpe_visium,10x_human_ovarian_cancer_ffpe_visium,10x Visium | 10x Visium,2735,4433,background
10x_human_ovarian_cancer_ffpe_visium,10x_human_ovarian_cancer_ffpe_visium,10x Visium | 10x Visium,2807,4308,background
10x_human_ovarian_cancer_ffpe_visium,10x_human_ovarian_cancer_ffpe_visium,10x Visium | 10x Visium,2879,4434,background
10x_human_ovarian_cancer_ffpe_visium,10x_human_ovarian_cancer_ffpe_visium,10x Visium | 10x Visium,2952,4308,background
10x_human_ovarian_cancer_ffpe_visium,10x_human_ovarian_cancer_ffpe_visium,10x Visium | 10x Visium,3024,4434,background
10x_human_ovarian_cancer_ffpe_visium,10x_human_ovarian_cancer_ffpe_visium,10x Visium | 10x Visium,3096,4308,background
10x_human_ovarian_cancer_ffpe_visium,10x_human_ovarian_cancer_ffpe_visium,10x Visium | 10x Visium,3168,4434,background
10x_human_ovarian_cancer_ffpe_visium,10x_human_ovarian_cancer_ffpe_visium,10x Visium | 10x Visium,3240,4309,background
10x_human_ovarian_cancer_ffpe_visium,10x_human_ovarian_cancer_ffpe_visium,10x Visium | 10x Visium,3312,4434,background
10x_human_ovarian_cancer_ffpe_visium,10x_human_ovarian_cancer_ffpe_visium,10x Visium | 10x Visium,3385,4309,background
10x_human_ovarian_cancer_ffpe_visium,10x_human_ovarian_cancer_ffpe_visium,10x Visium | 10x Visium,3457,4434,background
10x_human_ovarian_cancer_ffpe_visium,10x_human_ovarian_cancer_ffpe_visium,10x Visium | 10x Visium,3529,4309,background
10x_human_ovarian_cancer_ffpe_visium,10x_human_ovarian_cancer_ffpe_visium,10x Visium | 10x Visium,3601,4435,background
10x_human_ovarian_cancer_ffpe_visium,10x_human_ovarian_cancer_ffpe_visium,10x Visium | 10x Visium,3674,4309,background
10x_human_ovarian_cancer_ffpe_visium,10x_human_ovarian_cancer_ffpe_visium,10x Visium | 10x Visium,3746,4435,background
10x_human_ovarian_cancer_ffpe_visium,10x_human_ovarian_cancer_ffpe_visium,10x Visium | 10x Visium,3818,4309,background
10x_human_ovarian_cancer_ffpe_visium,10x_human_ovarian_cancer_ffpe_visium,10x Visium | 10x Visium,3890,4435,background
10x_human_ovarian_cancer_ffpe_visium,10x_human_ovarian_cancer_ffpe_visium,10x Visium | 10x Visium,3962,4310,background
10x_human_ovarian_cancer_ffpe_visium,10x_human_ovarian_cancer_ffpe_visium,10x Visium | 10x Visium,4034,4435,background
10x_human_ovarian_cancer_ffpe_visium,10x_human_ovarian_cancer_ffpe_visium,10x Visium | 10x Visium,4107,4310,background
10x_human_ovarian_cancer_ffpe_visium,10x_human_ovarian_cancer_ffpe_visium,10x Visium | 10x Visium,4179,4436,background
10x_human_ovarian_cancer_ffpe_visium,10x_human_ovarian_cancer_ffpe_visium,10x Visium | 10x Visium,4251,4310,background
10x_human_ovarian_cancer_ffpe_visium,10x_human_ovarian_cancer_ffpe_visium,10x Visium | 10x Visium,4323,4436,background
10x_human_ovarian_cancer_ffpe_visium,10x_human_ovarian_cancer_ffpe_visium,10x Visium | 10x Visium,4395,4310,background
10x_human_ovarian_cancer_ffpe_visium,10x_human_ovarian_cancer_ffpe_visium,10x Visium | 10x Visium,4467,4436,background
10x_human_ovarian_cancer_ffpe_visium,10x_human_ovarian_cancer_ffpe_visium,10x Visium | 10x Visium,4540,4311,background
10x_human_ovarian_cancer_ffpe_visium,10x_human_ovarian_cancer_ffpe_visium,10x Visium | 10x Visium,4612,4436,background
10x_human_ovarian_cancer_ffpe_visium,10x_human_ovarian_cancer_ffpe_visium,10x Visium | 10x Visium,4684,4311,background
10x_human_ovarian_cancer_ffpe_visium,10x_human_ovarian_cancer_ffpe_visium,10x Visium | 10x Visium,4756,4437,background
10x_human_ovarian_cancer_ffpe_visium,10x_human_ovarian_cancer_ffpe_visium,10x Visium | 10x Visium,4829,4311,background
10x_human_ovarian_cancer_ffpe_visium,10x_human_ovarian_cancer_ffpe_visium,10x Visium | 10x Visium,4901,4437,background
10x_human_ovarian_cancer_ffpe_visium,10x_human_ovarian_cancer_ffpe_visium,10x Visium | 10x Visium,4973,4311,background
10x_human_ovarian_cancer_ffpe_visium,10x_human_ovarian_cancer_ffpe_visium,10x Visium | 10x Visium,5045,4437,background
10x_human_ovarian_cancer_ffpe_visium,10x_human_ovarian_cancer_ffpe_visium,10x Visium | 10x Visium,5117,4312,background
10x_human_ovarian_cancer_ffpe_visium,10x_human_ovarian_cancer_ffpe_visium,10x Visium | 10x Visium,5189,4437,background
10x_human_ovarian_cancer_ffpe_visium,10x_human_ovarian_cancer_ffpe_visium,10x Visium | 10x Visium,5262,4312,background
10x_human_ovarian_cancer_ffpe_visium,10x_human_ovarian_cancer_ffpe_visium,10x Visium | 10x Visium,5334,4437,background
10x_human_ovarian_cancer_ffpe_visium,10x_human_ovarian_cancer_ffpe_visium,10x Visium | 10x Visium,5406,4312,background
10x_human_ovarian_cancer_ffpe_visium,10x_human_ovarian_cancer_ffpe_visium,10x Visium | 10x Visium,5478,4438,background
10x_human_ovarian_cancer_ffpe_visium,10x_human_ovarian_cancer_ffpe_visium,10x Visium | 10x Visium,5550,4312,background
10x_human_ovarian_cancer_ffpe_visium,10x_human_ovarian_cancer_ffpe_visium,10x Visium | 10x Visium,5622,4438,background
10x_human_ovarian_cancer_ffpe_visium,10x_human_ovarian_cancer_ffpe_visium,10x Visium | 10x Visium,5695,4312,background
10x_human_ovarian_cancer_ffpe_visium,10x_human_ovarian_cancer_ffpe_visium,10x Visium | 10x Visium,5767,4438,background
10x_human_ovarian_cancer_ffpe_visium,10x_human_ovarian_cancer_ffpe_visium,10x Visium | 10x Visium,5839,4313,background
10x_human_ovarian_cancer_ffpe_visium,10x_human_ovarian_cancer_ffpe_visium,10x Visium | 10x Visium,5911,4438,background
10x_human_ovarian_cancer_ffpe_visium,10x_human_ovarian_cancer_ffpe_visium,10x Visium | 10x Visium,5984,4313,background
10x_human_ovarian_cancer_ffpe_visium,10x_human_ovarian_cancer_ffpe_visium,10x Visium | 10x Visium,6056,4439,background
10x_human_ovarian_cancer_ffpe_visium,10x_human_ovarian_cancer_ffpe_visium,10x Visium | 10x Visium,6128,4313,background
10x_human_ovarian_cancer_ffpe_visium,10x_human_ovarian_cancer_ffpe_visium,10x Visium | 10x Visium,6200,4439,background
10x_human_ovarian_cancer_ffpe_visium,10x_human_ovarian_cancer_ffpe_visium,10x Visium | 10x Visium,6272,4313,background
10x_human_ovarian_cancer_ffpe_visium,10x_human_ovarian_cancer_ffpe_visium,10x Visium | 10x Visium,6344,4439,background
10x_human_ovarian_cancer_ffpe_visium,10x_human_ovarian_cancer_ffpe_visium,10x Visium | 10x Visium,6417,4314,background
10x_human_ovarian_cancer_ffpe_visium,10x_human_ovarian_cancer_ffpe_visium,10x Visium | 10x Visium,6489,4439,background
10x_human_ovarian_cancer_ffpe_visium,10x_human_ovarian_cancer_ffpe_visium,10x Visium | 10x Visium,6561,4314,background
10x_human_ovarian_cancer_ffpe_visium,10x_human_ovarian_cancer_ffpe_visium,10x Visium | 10x Visium,6633,4440,background
10x_human_ovarian_cancer_ffpe_visium,10x_human_ovarian_cancer_ffpe_visium,10x Visium | 10x Visium,6705,4314,background
10x_human_ovarian_cancer_ffpe_visium,10x_human_ovarian_cancer_ffpe_visium,10x Visium | 10x Visium,6777,4440,background
10x_human_ovarian_cancer_ffpe_visium,10x_human_ovarian_cancer_ffpe_visium,10x Visium | 10x Visium,6850,4314,background
10x_human_ovarian_cancer_ffpe_visium,10x_human_ovarian_cancer_ffpe_visium,10x Visium | 10x Visium,6922,4440,background
10x_human_ovarian_cancer_ffpe_visium,10x_human_ovarian_cancer_ffpe_visium,10x Visium | 10x Visium,6994,4314,background
10x_human_ovarian_cancer_ffpe_visium,10x_human_ovarian_cancer_ffpe_visium,10x Visium | 10x Visium,7066,4440,background
10x_human_ovarian_cancer_ffpe_visium,10x_human_ovarian_cancer_ffpe_visium,10x Visium | 10x Visium,7139,4315,background
10x_human_ovarian_cancer_ffpe_visium,10x_human_ovarian_cancer_ffpe_visium,10x Visium | 10x Visium,7211,4440,background
10x_human_ovarian_cancer_ffpe_visium,10x_human_ovarian_cancer_ffpe_visium,10x Visium | 10x Visium,7283,4315,background
10x_human_ovarian_cancer_ffpe_visium,10x_human_ovarian_cancer_ffpe_visium,10x Visium | 10x Visium,7355,4441,background
10x_human_ovarian_cancer_ffpe_visium,10x_human_ovarian_cancer_ffpe_visium,10x Visium | 10x Visium,7427,4315,background
10x_human_ovarian_cancer_ffpe_visium,10x_human_ovarian_cancer_ffpe_visium,10x Visium | 10x Visium,7499,4441,background
10x_human_ovarian_cancer_ffpe_visium,10x_human_ovarian_cancer_ffpe_visium,10x Visium | 10x Visium,7572,4315,background
10x_human_ovarian_cancer_ffpe_visium,10x_human_ovarian_cancer_ffpe_visium,10x Visium | 10x Visium,7644,4441,background
10x_human_ovarian_cancer_ffpe_visium,10x_human_ovarian_cancer_ffpe_visium,10x Visium | 10x Visium,7716,4316,background
10x_human_ovarian_cancer_ffpe_visium,10x_human_ovarian_cancer_ffpe_visium,10x Visium | 10x Visium,7788,4441,background
10x_human_ovarian_cancer_ffpe_visium,10x_human_ovarian_cancer_ffpe_visium,10x Visium | 10x Visium,7861,4316,background
10x_human_ovarian_cancer_ffpe_visium,10x_human_ovarian_cancer_ffpe_visium,10x Visium | 10x Visium,7933,4442,background
10x_human_ovarian_cancer_ffpe_visium,10x_human_ovarian_cancer_ffpe_visium,10x Visium | 10x Visium,8005,4316,background
10x_human_ovarian_cancer_ffpe_visium,10x_human_ovarian_cancer_ffpe_visium,10x Visium | 10x Visium,8077,4442,background
10x_human_ovarian_cancer_ffpe_visium,10x_human_ovarian_cancer_ffpe_visium,10x Visium | 10x Visium,8149,4316,background
10x_human_ovarian_cancer_ffpe_visium,10x_human_ovarian_cancer_ffpe_visium,10x Visium | 10x Visium,8221,4442,background
10x_human_ovarian_cancer_ffpe_visium,10x_human_ovarian_cancer_ffpe_visium,10x Visium | 10x Visium,8294,4317,background
10x_human_ovarian_cancer_ffpe_visium,10x_human_ovarian_cancer_ffpe_visium,10x Visium | 10x Visium,8366,4442,background
10x_human_ovarian_cancer_ffpe_visium,10x_human_ovarian_cancer_ffpe_visium,10x Visium | 10x Visium,8438,4317,background
10x_human_ovarian_cancer_ffpe_visium,10x_human_ovarian_cancer_ffpe_visium,10x Visium | 10x Visium,8510,4442,background
10x_human_ovarian_cancer_ffpe_visium,10x_human_ovarian_cancer_ffpe_visium,10x Visium | 10x Visium,8582,4317,background
10x_human_ovarian_cancer_ffpe_visium,10x_human_ovarian_cancer_ffpe_visium,10x Visium | 10x Visium,8654,4443,background
10x_human_ovarian_cancer_ffpe_visium,10x_human_ovarian_cancer_ffpe_visium,10x Visium | 10x Visium,8727,4317,background
10x_human_ovarian_cancer_ffpe_visium,10x_human_ovarian_cancer_ffpe_visium,10x Visium | 10x Visium,8799,4443,background
10x_human_ovarian_cancer_ffpe_visium,10x_human_ovarian_cancer_ffpe_visium,10x Visium | 10x Visium,8871,4317,background
10x_human_ovarian_cancer_ffpe_visium,10x_human_ovarian_cancer_ffpe_visium,10x Visium | 10x Visium,8943,4443,background
10x_human_ovarian_cancer_ffpe_visium,10x_human_ovarian_cancer_ffpe_visium,10x Visium | 10x Visium,9016,4318,background
10x_human_ovarian_cancer_ffpe_visium,10x_human_ovarian_cancer_ffpe_visium,10x Visium | 10x Visium,9088,4443,background
10x_human_ovarian_cancer_ffpe_visium,10x_human_ovarian_cancer_ffpe_visium,10x Visium | 10x Visium,9160,4318,background
10x_human_ovarian_cancer_ffpe_visium,10x_human_ovarian_cancer_ffpe_visium,10x Visium | 10x Visium,9232,4444,background
10x_human_ovarian_cancer_ffpe_visium,10x_human_ovarian_cancer_ffpe_visium,10x Visium | 10x Visium,9304,4318,background
10x_human_ovarian_cancer_ffpe_visium,10x_human_ovarian_cancer_ffpe_visium,10x Visium | 10x Visium,9376,4444,background
10x_human_ovarian_cancer_ffpe_visium,10x_human_ovarian_cancer_ffpe_visium,10x Visium | 10x Visium,9449,4318,background
10x_human_ovarian_cancer_ffpe_visium,10x_human_ovarian_cancer_ffpe_visium,10x Visium | 10x Visium,9521,4444,background
10x_human_ovarian_cancer_ffpe_visium,10x_human_ovarian_cancer_ffpe_visium,10x Visium | 10x Visium,9593,4319,background
10x_human_ovarian_cancer_ffpe_visium,10x_human_ovarian_cancer_ffpe_visium,10x Visium | 10x Visium,9665,4444,background
10x_human_ovarian_cancer_ffpe_visium,10x_human_ovarian_cancer_ffpe_visium,10x Visium | 10x Visium,9737,4319,background
10x_human_ovarian_cancer_ffpe_visium,10x_human_ovarian_cancer_ffpe_visium,10x Visium | 10x Visium,9809,4445,background
10x_human_ovarian_cancer_ffpe_visium,10x_human_ovarian_cancer_ffpe_visium,10x Visium | 10x Visium,9882,4319,background
10x_human_ovarian_cancer_ffpe_visium,10x_human_ovarian_cancer_ffpe_visium,10x Visium | 10x Visium,9954,4445,background
10x_human_ovarian_cancer_ffpe_visium,10x_human_ovarian_cancer_ffpe_visium,10x Visium | 10x Visium,10026,4319,background
10x_human_ovarian_cancer_ffpe_visium,10x_human_ovarian_cancer_ffpe_visium,10x Visium | 10x Visium,10098,4445,background
10x_human_ovarian_cancer_ffpe_visium,10x_human_ovarian_cancer_ffpe_visium,10x Visium | 10x Visium,10171,4320,background
10x_human_ovarian_cancer_ffpe_visium,10x_human_ovarian_cancer_ffpe_visium,10x Visium | 10x Visium,10243,4445,background
10x_human_ovarian_cancer_ffpe_visium,10x_human_ovarian_cancer_ffpe_visium,10x Visium | 10x Visium,10315,4320,background
10x_human_ovarian_cancer_ffpe_visium,10x_human_ovarian_cancer_ffpe_visium,10x Visium | 10x Visium,2518,4559,background
10x_human_ovarian_cancer_ffpe_visium,10x_human_ovarian_cancer_ffpe_visium,10x Visium | 10x Visium,2590,4684,background
10x_human_ovarian_cancer_ffpe_visium,10x_human_ovarian_cancer_ffpe_visium,10x Visium | 10x Visium,2662,4559,background
10x_human_ovarian_cancer_ffpe_visium,10x_human_ovarian_cancer_ffpe_visium,10x Visium | 10x Visium,2734,4685,background
10x_human_ovarian_cancer_ffpe_visium,10x_human_ovarian_cancer_ffpe_visium,10x Visium | 10x Visium,2807,4559,background
10x_human_ovarian_cancer_ffpe_visium,10x_human_ovarian_cancer_ffpe_visium,10x Visium | 10x Visium,2879,4685,background
10x_human_ovarian_cancer_ffpe_visium,10x_human_ovarian_cancer_ffpe_visium,10x Visium | 10x Visium,2951,4559,background
10x_human_ovarian_cancer_ffpe_visium,10x_human_ovarian_cancer_ffpe_visium,10x Visium | 10x Visium,3023,4685,background
10x_human_ovarian_cancer_ffpe_visium,10x_human_ovarian_cancer_ffpe_visium,10x Visium | 10x Visium,3096,4560,background
10x_human_ovarian_cancer_ffpe_visium,10x_human_ovarian_cancer_ffpe_visium,10x Visium | 10x Visium,3168,4685,background
10x_human_ovarian_cancer_ffpe_visium,10x_human_ovarian_cancer_ffpe_visium,10x Visium | 10x Visium,3240,4560,background
10x_human_ovarian_cancer_ffpe_visium,10x_human_ovarian_cancer_ffpe_visium,10x Visium | 10x Visium,3312,4685,background
10x_human_ovarian_cancer_ffpe_visium,10x_human_ovarian_cancer_ffpe_visium,10x Visium | 10x Visium,3384,4560,background
10x_human_ovarian_cancer_ffpe_visium,10x_human_ovarian_cancer_ffpe_visium,10x Visium | 10x Visium,3456,4686,background
10x_human_ovarian_cancer_ffpe_visium,10x_human_ovarian_cancer_ffpe_visium,10x Visium | 10x Visium,3529,4560,background
10x_human_ovarian_cancer_ffpe_visium,10x_human_ovarian_cancer_ffpe_visium,10x Visium | 10x Visium,3601,4686,background
10x_human_ovarian_cancer_ffpe_visium,10x_human_ovarian_cancer_ffpe_visium,10x Visium | 10x Visium,3673,4560,background
10x_human_ovarian_cancer_ffpe_visium,10x_human_ovarian_cancer_ffpe_visium,10x Visium | 10x Visium,3745,4686,background
10x_human_ovarian_cancer_ffpe_visium,10x_human_ovarian_cancer_ffpe_visium,10x Visium | 10x Visium,3817,4561,background
10x_human_ovarian_cancer_ffpe_visium,10x_human_ovarian_cancer_ffpe_visium,10x Visium | 10x Visium,3889,4686,background
10x_human_ovarian_cancer_ffpe_visium,10x_human_ovarian_cancer_ffpe_visium,10x Visium | 10x Visium,3962,4561,background
10x_human_ovarian_cancer_ffpe_visium,10x_human_ovarian_cancer_ffpe_visium,10x Visium | 10x Visium,4034,4687,background
10x_human_ovarian_cancer_ffpe_visium,10x_human_ovarian_cancer_ffpe_visium,10x Visium | 10x Visium,4106,4561,background
10x_human_ovarian_cancer_ffpe_visium,10x_human_ovarian_cancer_ffpe_visium,10x Visium | 10x Visium,4178,4687,background
10x_human_ovarian_cancer_ffpe_visium,10x_human_ovarian_cancer_ffpe_visium,10x Visium | 10x Visium,4251,4561,background
10x_human_ovarian_cancer_ffpe_visium,10x_human_ovarian_cancer_ffpe_visium,10x Visium | 10x Visium,4323,4687,background
10x_human_ovarian_cancer_ffpe_visium,10x_human_ovarian_cancer_ffpe_visium,10x Visium | 10x Visium,4395,4562,background
10x_human_ovarian_cancer_ffpe_visium,10x_human_ovarian_cancer_ffpe_visium,10x Visium | 10x Visium,4467,4687,background
10x_human_ovarian_cancer_ffpe_visium,10x_human_ovarian_cancer_ffpe_visium,10x Visium | 10x Visium,4539,4562,background
10x_human_ovarian_cancer_ffpe_visium,10x_human_ovarian_cancer_ffpe_visium,10x Visium | 10x Visium,4611,4688,background
10x_human_ovarian_cancer_ffpe_visium,10x_human_ovarian_cancer_ffpe_visium,10x Visium | 10x Visium,4684,4562,background
10x_human_ovarian_cancer_ffpe_visium,10x_human_ovarian_cancer_ffpe_visium,10x Visium | 10x Visium,4756,4688,background
10x_human_ovarian_cancer_ffpe_visium,10x_human_ovarian_cancer_ffpe_visium,10x Visium | 10x Visium,4828,4562,background
10x_human_ovarian_cancer_ffpe_visium,10x_human_ovarian_cancer_ffpe_visium,10x Visium | 10x Visium,4900,4688,background
10x_human_ovarian_cancer_ffpe_visium,10x_human_ovarian_cancer_ffpe_visium,10x Visium | 10x Visium,4973,4563,background
10x_human_ovarian_cancer_ffpe_visium,10x_human_ovarian_cancer_ffpe_visium,10x Visium | 10x Visium,5045,4688,background
10x_human_ovarian_cancer_ffpe_visium,10x_human_ovarian_cancer_ffpe_visium,10x Visium | 10x Visium,5117,4563,background
10x_human_ovarian_cancer_ffpe_visium,10x_human_ovarian_cancer_ffpe_visium,10x Visium | 10x Visium,5189,4688,background
10x_human_ovarian_cancer_ffpe_visium,10x_human_ovarian_cancer_ffpe_visium,10x Visium | 10x Visium,5261,4563,background
10x_human_ovarian_cancer_ffpe_visium,10x_human_ovarian_cancer_ffpe_visium,10x Visium | 10x Visium,5333,4689,background
10x_human_ovarian_cancer_ffpe_visium,10x_human_ovarian_cancer_ffpe_visium,10x Visium | 10x Visium,5406,4563,background
10x_human_ovarian_cancer_ffpe_visium,10x_human_ovarian_cancer_ffpe_visium,10x Visium | 10x Visium,5478,4689,background
10x_human_ovarian_cancer_ffpe_visium,10x_human_ovarian_cancer_ffpe_visium,10x Visium | 10x Visium,5550,4563,background
10x_human_ovarian_cancer_ffpe_visium,10x_human_ovarian_cancer_ffpe_visium,10x Visium | 10x Visium,5622,4689,background
10x_human_ovarian_cancer_ffpe_visium,10x_human_ovarian_cancer_ffpe_visium,10x Visium | 10x Visium,5694,4564,background
10x_human_ovarian_cancer_ffpe_visium,10x_human_ovarian_cancer_ffpe_visium,10x Visium | 10x Visium,5766,4689,background
10x_human_ovarian_cancer_ffpe_visium,10x_human_ovarian_cancer_ffpe_visium,10x Visium | 10x Visium,5839,4564,background
10x_human_ovarian_cancer_ffpe_visium,10x_human_ovarian_cancer_ffpe_visium,10x Visium | 10x Visium,5911,4690,background
10x_human_ovarian_cancer_ffpe_visium,10x_human_ovarian_cancer_ffpe_visium,10x Visium | 10x Visium,5983,4564,background
10x_human_ovarian_cancer_ffpe_visium,10x_human_ovarian_cancer_ffpe_visium,10x Visium | 10x Visium,6055,4690,background
10x_human_ovarian_cancer_ffpe_visium,10x_human_ovarian_cancer_ffpe_visium,10x Visium | 10x Visium,6128,4564,background
10x_human_ovarian_cancer_ffpe_visium,10x_human_ovarian_cancer_ffpe_visium,10x Visium | 10x Visium,6200,4690,background
10x_human_ovarian_cancer_ffpe_visium,10x_human_ovarian_cancer_ffpe_visium,10x Visium | 10x Visium,6272,4565,background
10x_human_ovarian_cancer_ffpe_visium,10x_human_ovarian_cancer_ffpe_visium,10x Visium | 10x Visium,6344,4690,background
10x_human_ovarian_cancer_ffpe_visium,10x_human_ovarian_cancer_ffpe_visium,10x Visium | 10x Visium,6416,4565,background
10x_human_ovarian_cancer_ffpe_visium,10x_human_ovarian_cancer_ffpe_visium,10x Visium | 10x Visium,6488,4691,background
10x_human_ovarian_cancer_ffpe_visium,10x_human_ovarian_cancer_ffpe_visium,10x Visium | 10x Visium,6561,4565,background
10x_human_ovarian_cancer_ffpe_visium,10x_human_ovarian_cancer_ffpe_visium,10x Visium | 10x Visium,6633,4691,background
10x_human_ovarian_cancer_ffpe_visium,10x_human_ovarian_cancer_ffpe_visium,10x Visium | 10x Visium,6705,4565,background
10x_human_ovarian_cancer_ffpe_visium,10x_human_ovarian_cancer_ffpe_visium,10x Visium | 10x Visium,6777,4691,background
10x_human_ovarian_cancer_ffpe_visium,10x_human_ovarian_cancer_ffpe_visium,10x Visium | 10x Visium,6849,4565,background
10x_human_ovarian_cancer_ffpe_visium,10x_human_ovarian_cancer_ffpe_visium,10x Visium | 10x Visium,6921,4691,background
10x_human_ovarian_cancer_ffpe_visium,10x_human_ovarian_cancer_ffpe_visium,10x Visium | 10x Visium,6994,4566,background
10x_human_ovarian_cancer_ffpe_visium,10x_human_ovarian_cancer_ffpe_visium,10x Visium | 10x Visium,7066,4691,background
10x_human_ovarian_cancer_ffpe_visium,10x_human_ovarian_cancer_ffpe_visium,10x Visium | 10x Visium,7138,4566,background
10x_human_ovarian_cancer_ffpe_visium,10x_human_ovarian_cancer_ffpe_visium,10x Visium | 10x Visium,7210,4692,background
10x_human_ovarian_cancer_ffpe_visium,10x_human_ovarian_cancer_ffpe_visium,10x Visium | 10x Visium,7283,4566,background
10x_human_ovarian_cancer_ffpe_visium,10x_human_ovarian_cancer_ffpe_visium,10x Visium | 10x Visium,7355,4692,background
10x_human_ovarian_cancer_ffpe_visium,10x_human_ovarian_cancer_ffpe_visium,10x Visium | 10x Visium,7427,4566,background
10x_human_ovarian_cancer_ffpe_visium,10x_human_ovarian_cancer_ffpe_visium,10x Visium | 10x Visium,7499,4692,background
10x_human_ovarian_cancer_ffpe_visium,10x_human_ovarian_cancer_ffpe_visium,10x Visium | 10x Visium,7571,4567,background
10x_human_ovarian_cancer_ffpe_visium,10x_human_ovarian_cancer_ffpe_visium,10x Visium | 10x Visium,7643,4692,background
10x_human_ovarian_cancer_ffpe_visium,10x_human_ovarian_cancer_ffpe_visium,10x Visium | 10x Visium,7716,4567,background
10x_human_ovarian_cancer_ffpe_visium,10x_human_ovarian_cancer_ffpe_visium,10x Visium | 10x Visium,7788,4693,background
10x_human_ovarian_cancer_ffpe_visium,10x_human_ovarian_cancer_ffpe_visium,10x Visium | 10x Visium,7860,4567,background
10x_human_ovarian_cancer_ffpe_visium,10x_human_ovarian_cancer_ffpe_visium,10x Visium | 10x Visium,7932,4693,background
10x_human_ovarian_cancer_ffpe_visium,10x_human_ovarian_cancer_ffpe_visium,10x Visium | 10x Visium,8005,4567,background
10x_human_ovarian_cancer_ffpe_visium,10x_human_ovarian_cancer_ffpe_visium,10x Visium | 10x Visium,8077,4693,background
10x_human_ovarian_cancer_ffpe_visium,10x_human_ovarian_cancer_ffpe_visium,10x Visium | 10x Visium,8149,4568,background
10x_human_ovarian_cancer_ffpe_visium,10x_human_ovarian_cancer_ffpe_visium,10x Visium | 10x Visium,8221,4693,background
10x_human_ovarian_cancer_ffpe_visium,10x_human_ovarian_cancer_ffpe_visium,10x Visium | 10x Visium,8293,4568,background
10x_human_ovarian_cancer_ffpe_visium,10x_human_ovarian_cancer_ffpe_visium,10x Visium | 10x Visium,8365,4693,background
10x_human_ovarian_cancer_ffpe_visium,10x_human_ovarian_cancer_ffpe_visium,10x Visium | 10x Visium,8438,4568,background
10x_human_ovarian_cancer_ffpe_visium,10x_human_ovarian_cancer_ffpe_visium,10x Visium | 10x Visium,8510,4694,background
10x_human_ovarian_cancer_ffpe_visium,10x_human_ovarian_cancer_ffpe_visium,10x Visium | 10x Visium,8582,4568,background
10x_human_ovarian_cancer_ffpe_visium,10x_human_ovarian_cancer_ffpe_visium,10x Visium | 10x Visium,8654,4694,background
10x_human_ovarian_cancer_ffpe_visium,10x_human_ovarian_cancer_ffpe_visium,10x Visium | 10x Visium,8726,4568,background
10x_human_ovarian_cancer_ffpe_visium,10x_human_ovarian_cancer_ffpe_visium,10x Visium | 10x Visium,8798,4694,background
10x_human_ovarian_cancer_ffpe_visium,10x_human_ovarian_cancer_ffpe_visium,10x Visium | 10x Visium,8871,4569,background
10x_human_ovarian_cancer_ffpe_visium,10x_human_ovarian_cancer_ffpe_visium,10x Visium | 10x Visium,8943,4694,background
10x_human_ovarian_cancer_ffpe_visium,10x_human_ovarian_cancer_ffpe_visium,10x Visium | 10x Visium,9015,4569,background
10x_human_ovarian_cancer_ffpe_visium,10x_human_ovarian_cancer_ffpe_visium,10x Visium | 10x Visium,9087,4695,background
10x_human_ovarian_cancer_ffpe_visium,10x_human_ovarian_cancer_ffpe_visium,10x Visium | 10x Visium,9160,4569,background
10x_human_ovarian_cancer_ffpe_visium,10x_human_ovarian_cancer_ffpe_visium,10x Visium | 10x Visium,9232,4695,background
10x_human_ovarian_cancer_ffpe_visium,10x_human_ovarian_cancer_ffpe_visium,10x Visium | 10x Visium,9304,4569,background
10x_human_ovarian_cancer_ffpe_visium,10x_human_ovarian_cancer_ffpe_visium,10x Visium | 10x Visium,9376,4695,background
10x_human_ovarian_cancer_ffpe_visium,10x_human_ovarian_cancer_ffpe_visium,10x Visium | 10x Visium,9448,4570,background
10x_human_ovarian_cancer_ffpe_visium,10x_human_ovarian_cancer_ffpe_visium,10x Visium | 10x Visium,9520,4695,background
10x_human_ovarian_cancer_ffpe_visium,10x_human_ovarian_cancer_ffpe_visium,10x Visium | 10x Visium,9593,4570,background
10x_human_ovarian_cancer_ffpe_visium,10x_human_ovarian_cancer_ffpe_visium,10x Visium | 10x Visium,9665,4696,background
10x_human_ovarian_cancer_ffpe_visium,10x_human_ovarian_cancer_ffpe_visium,10x Visium | 10x Visium,9737,4570,background
10x_human_ovarian_cancer_ffpe_visium,10x_human_ovarian_cancer_ffpe_visium,10x Visium | 10x Visium,9809,4696,background
10x_human_ovarian_cancer_ffpe_visium,10x_human_ovarian_cancer_ffpe_visium,10x Visium | 10x Visium,9881,4570,background
10x_human_ovarian_cancer_ffpe_visium,10x_human_ovarian_cancer_ffpe_visium,10x Visium | 10x Visium,9953,4696,background
10x_human_ovarian_cancer_ffpe_visium,10x_human_ovarian_cancer_ffpe_visium,10x Visium | 10x Visium,10026,4571,background
10x_human_ovarian_cancer_ffpe_visium,10x_human_ovarian_cancer_ffpe_visium,10x Visium | 10x Visium,10098,4696,background
10x_human_ovarian_cancer_ffpe_visium,10x_human_ovarian_cancer_ffpe_visium,10x Visium | 10x Visium,10170,4571,background
10x_human_ovarian_cancer_ffpe_visium,10x_human_ovarian_cancer_ffpe_visium,10x Visium | 10x Visium,10242,4696,background
10x_human_ovarian_cancer_ffpe_visium,10x_human_ovarian_cancer_ffpe_visium,10x Visium | 10x Visium,10315,4571,background
10x_human_ovarian_cancer_ffpe_visium,10x_human_ovarian_cancer_ffpe_visium,10x Visium | 10x Visium,10387,4697,background
10x_human_ovarian_cancer_ffpe_visium,10x_human_ovarian_cancer_ffpe_visium,10x Visium | 10x Visium,10531,4697,background
10x_human_ovarian_cancer_ffpe_visium,10x_human_ovarian_cancer_ffpe_visium,10x Visium | 10x Visium,2518,4810,background
10x_human_ovarian_cancer_ffpe_visium,10x_human_ovarian_cancer_ffpe_visium,10x Visium | 10x Visium,2590,4936,background
10x_human_ovarian_cancer_ffpe_visium,10x_human_ovarian_cancer_ffpe_visium,10x Visium | 10x Visium,2662,4810,background
10x_human_ovarian_cancer_ffpe_visium,10x_human_ovarian_cancer_ffpe_visium,10x Visium | 10x Visium,2734,4936,background
10x_human_ovarian_cancer_ffpe_visium,10x_human_ovarian_cancer_ffpe_visium,10x Visium | 10x Visium,2806,4810,background
10x_human_ovarian_cancer_ffpe_visium,10x_human_ovarian_cancer_ffpe_visium,10x Visium | 10x Visium,2878,4936,background
10x_human_ovarian_cancer_ffpe_visium,10x_human_ovarian_cancer_ffpe_visium,10x Visium | 10x Visium,2951,4811,background
10x_human_ovarian_cancer_ffpe_visium,10x_human_ovarian_cancer_ffpe_visium,10x Visium | 10x Visium,3023,4936,background
10x_human_ovarian_cancer_ffpe_visium,10x_human_ovarian_cancer_ffpe_visium,10x Visium | 10x Visium,3095,4811,background
10x_human_ovarian_cancer_ffpe_visium,10x_human_ovarian_cancer_ffpe_visium,10x Visium | 10x Visium,3167,4936,background
10x_human_ovarian_cancer_ffpe_visium,10x_human_ovarian_cancer_ffpe_visium,10x Visium | 10x Visium,3240,4811,background
10x_human_ovarian_cancer_ffpe_visium,10x_human_ovarian_cancer_ffpe_visium,10x Visium | 10x Visium,3312,4937,background
10x_human_ovarian_cancer_ffpe_visium,10x_human_ovarian_cancer_ffpe_visium,10x Visium | 10x Visium,3384,4811,background
10x_human_ovarian_cancer_ffpe_visium,10x_human_ovarian_cancer_ffpe_visium,10x Visium | 10x Visium,3456,4937,background
10x_human_ovarian_cancer_ffpe_visium,10x_human_ovarian_cancer_ffpe_visium,10x Visium | 10x Visium,3528,4811,background
10x_human_ovarian_cancer_ffpe_visium,10x_human_ovarian_cancer_ffpe_visium,10x Visium | 10x Visium,3600,4937,background
10x_human_ovarian_cancer_ffpe_visium,10x_human_ovarian_cancer_ffpe_visium,10x Visium | 10x Visium,3673,4812,background
10x_human_ovarian_cancer_ffpe_visium,10x_human_ovarian_cancer_ffpe_visium,10x Visium | 10x Visium,3745,4937,background
10x_human_ovarian_cancer_ffpe_visium,10x_human_ovarian_cancer_ffpe_visium,10x Visium | 10x Visium,3817,4812,background
10x_human_ovarian_cancer_ffpe_visium,10x_human_ovarian_cancer_ffpe_visium,10x Visium | 10x Visium,3889,4938,background
10x_human_ovarian_cancer_ffpe_visium,10x_human_ovarian_cancer_ffpe_visium,10x Visium | 10x Visium,3961,4812,background
10x_human_ovarian_cancer_ffpe_visium,10x_human_ovarian_cancer_ffpe_visium,10x Visium | 10x Visium,4033,4938,background
10x_human_ovarian_cancer_ffpe_visium,10x_human_ovarian_cancer_ffpe_visium,10x Visium | 10x Visium,4106,4812,background
10x_human_ovarian_cancer_ffpe_visium,10x_human_ovarian_cancer_ffpe_visium,10x Visium | 10x Visium,4178,4938,background
10x_human_ovarian_cancer_ffpe_visium,10x_human_ovarian_cancer_ffpe_visium,10x Visium | 10x Visium,4250,4813,background
10x_human_ovarian_cancer_ffpe_visium,10x_human_ovarian_cancer_ffpe_visium,10x Visium | 10x Visium,4322,4938,background
10x_human_ovarian_cancer_ffpe_visium,10x_human_ovarian_cancer_ffpe_visium,10x Visium | 10x Visium,4395,4813,background
10x_human_ovarian_cancer_ffpe_visium,10x_human_ovarian_cancer_ffpe_visium,10x Visium | 10x Visium,4467,4939,background
10x_human_ovarian_cancer_ffpe_visium,10x_human_ovarian_cancer_ffpe_visium,10x Visium | 10x Visium,4539,4813,background
10x_human_ovarian_cancer_ffpe_visium,10x_human_ovarian_cancer_ffpe_visium,10x Visium | 10x Visium,4611,4939,background
10x_human_ovarian_cancer_ffpe_visium,10x_human_ovarian_cancer_ffpe_visium,10x Visium | 10x Visium,4683,4813,background
10x_human_ovarian_cancer_ffpe_visium,10x_human_ovarian_cancer_ffpe_visium,10x Visium | 10x Visium,4755,4939,background
10x_human_ovarian_cancer_ffpe_visium,10x_human_ovarian_cancer_ffpe_visium,10x Visium | 10x Visium,4828,4813,background
10x_human_ovarian_cancer_ffpe_visium,10x_human_ovarian_cancer_ffpe_visium,10x Visium | 10x Visium,4900,4939,background
10x_human_ovarian_cancer_ffpe_visium,10x_human_ovarian_cancer_ffpe_visium,10x Visium | 10x Visium,4972,4814,background
10x_human_ovarian_cancer_ffpe_visium,10x_human_ovarian_cancer_ffpe_visium,10x Visium | 10x Visium,5044,4939,background
10x_human_ovarian_cancer_ffpe_visium,10x_human_ovarian_cancer_ffpe_visium,10x Visium | 10x Visium,5117,4814,background
10x_human_ovarian_cancer_ffpe_visium,10x_human_ovarian_cancer_ffpe_visium,10x Visium | 10x Visium,5189,4940,background
10x_human_ovarian_cancer_ffpe_visium,10x_human_ovarian_cancer_ffpe_visium,10x Visium | 10x Visium,5261,4814,background
10x_human_ovarian_cancer_ffpe_visium,10x_human_ovarian_cancer_ffpe_visium,10x Visium | 10x Visium,5333,4940,background
10x_human_ovarian_cancer_ffpe_visium,10x_human_ovarian_cancer_ffpe_visium,10x Visium | 10x Visium,5405,4814,background
10x_human_ovarian_cancer_ffpe_visium,10x_human_ovarian_cancer_ffpe_visium,10x Visium | 10x Visium,5477,4940,background
10x_human_ovarian_cancer_ffpe_visium,10x_human_ovarian_cancer_ffpe_visium,10x Visium | 10x Visium,5550,4815,background
10x_human_ovarian_cancer_ffpe_visium,10x_human_ovarian_cancer_ffpe_visium,10x Visium | 10x Visium,5622,4940,background
10x_human_ovarian_cancer_ffpe_visium,10x_human_ovarian_cancer_ffpe_visium,10x Visium | 10x Visium,5694,4815,background
10x_human_ovarian_cancer_ffpe_visium,10x_human_ovarian_cancer_ffpe_visium,10x Visium | 10x Visium,5766,4941,background
10x_human_ovarian_cancer_ffpe_visium,10x_human_ovarian_cancer_ffpe_visium,10x Visium | 10x Visium,5838,4815,background
10x_human_ovarian_cancer_ffpe_visium,10x_human_ovarian_cancer_ffpe_visium,10x Visium | 10x Visium,5910,4941,background
10x_human_ovarian_cancer_ffpe_visium,10x_human_ovarian_cancer_ffpe_visium,10x Visium | 10x Visium,5983,4815,background
10x_human_ovarian_cancer_ffpe_visium,10x_human_ovarian_cancer_ffpe_visium,10x Visium | 10x Visium,6055,4941,background
10x_human_ovarian_cancer_ffpe_visium,10x_human_ovarian_cancer_ffpe_visium,10x Visium | 10x Visium,6127,4816,background
10x_human_ovarian_cancer_ffpe_visium,10x_human_ovarian_cancer_ffpe_visium,10x Visium | 10x Visium,6199,4941,background
10x_human_ovarian_cancer_ffpe_visium,10x_human_ovarian_cancer_ffpe_visium,10x Visium | 10x Visium,6272,4816,background
10x_human_ovarian_cancer_ffpe_visium,10x_human_ovarian_cancer_ffpe_visium,10x Visium | 10x Visium,6344,4942,background
10x_human_ovarian_cancer_ffpe_visium,10x_human_ovarian_cancer_ffpe_visium,10x Visium | 10x Visium,6416,4816,background
10x_human_ovarian_cancer_ffpe_visium,10x_human_ovarian_cancer_ffpe_visium,10x Visium | 10x Visium,6488,4942,background
10x_human_ovarian_cancer_ffpe_visium,10x_human_ovarian_cancer_ffpe_visium,10x Visium | 10x Visium,6560,4816,background
10x_human_ovarian_cancer_ffpe_visium,10x_human_ovarian_cancer_ffpe_visium,10x Visium | 10x Visium,6632,4942,background
10x_human_ovarian_cancer_ffpe_visium,10x_human_ovarian_cancer_ffpe_visium,10x Visium | 10x Visium,6705,4816,background
10x_human_ovarian_cancer_ffpe_visium,10x_human_ovarian_cancer_ffpe_visium,10x Visium | 10x Visium,6777,4942,background
10x_human_ovarian_cancer_ffpe_visium,10x_human_ovarian_cancer_ffpe_visium,10x Visium | 10x Visium,6849,4817,background
10x_human_ovarian_cancer_ffpe_visium,10x_human_ovarian_cancer_ffpe_visium,10x Visium | 10x Visium,6921,4942,background
10x_human_ovarian_cancer_ffpe_visium,10x_human_ovarian_cancer_ffpe_visium,10x Visium | 10x Visium,6993,4817,background
10x_human_ovarian_cancer_ffpe_visium,10x_human_ovarian_cancer_ffpe_visium,10x Visium | 10x Visium,7065,4943,background
10x_human_ovarian_cancer_ffpe_visium,10x_human_ovarian_cancer_ffpe_visium,10x Visium | 10x Visium,7138,4817,background
10x_human_ovarian_cancer_ffpe_visium,10x_human_ovarian_cancer_ffpe_visium,10x Visium | 10x Visium,7210,4943,background
10x_human_ovarian_cancer_ffpe_visium,10x_human_ovarian_cancer_ffpe_visium,10x Visium | 10x Visium,7282,4817,background
10x_human_ovarian_cancer_ffpe_visium,10x_human_ovarian_cancer_ffpe_visium,10x Visium | 10x Visium,7354,4943,background
10x_human_ovarian_cancer_ffpe_visium,10x_human_ovarian_cancer_ffpe_visium,10x Visium | 10x Visium,7427,4818,background
10x_human_ovarian_cancer_ffpe_visium,10x_human_ovarian_cancer_ffpe_visium,10x Visium | 10x Visium,7499,4943,background
10x_human_ovarian_cancer_ffpe_visium,10x_human_ovarian_cancer_ffpe_visium,10x Visium | 10x Visium,7571,4818,background
10x_human_ovarian_cancer_ffpe_visium,10x_human_ovarian_cancer_ffpe_visium,10x Visium | 10x Visium,7643,4944,background
10x_human_ovarian_cancer_ffpe_visium,10x_human_ovarian_cancer_ffpe_visium,10x Visium | 10x Visium,7715,4818,background
10x_human_ovarian_cancer_ffpe_visium,10x_human_ovarian_cancer_ffpe_visium,10x Visium | 10x Visium,7787,4944,background
10x_human_ovarian_cancer_ffpe_visium,10x_human_ovarian_cancer_ffpe_visium,10x Visium | 10x Visium,7860,4818,background
10x_human_ovarian_cancer_ffpe_visium,10x_human_ovarian_cancer_ffpe_visium,10x Visium | 10x Visium,7932,4944,background
10x_human_ovarian_cancer_ffpe_visium,10x_human_ovarian_cancer_ffpe_visium,10x Visium | 10x Visium,8004,4819,background
10x_human_ovarian_cancer_ffpe_visium,10x_human_ovarian_cancer_ffpe_visium,10x Visium | 10x Visium,8076,4944,background
10x_human_ovarian_cancer_ffpe_visium,10x_human_ovarian_cancer_ffpe_visium,10x Visium | 10x Visium,8148,4819,background
10x_human_ovarian_cancer_ffpe_visium,10x_human_ovarian_cancer_ffpe_visium,10x Visium | 10x Visium,8220,4944,background
10x_human_ovarian_cancer_ffpe_visium,10x_human_ovarian_cancer_ffpe_visium,10x Visium | 10x Visium,8293,4819,background
10x_human_ovarian_cancer_ffpe_visium,10x_human_ovarian_cancer_ffpe_visium,10x Visium | 10x Visium,8365,4945,background
10x_human_ovarian_cancer_ffpe_visium,10x_human_ovarian_cancer_ffpe_visium,10x Visium | 10x Visium,8437,4819,background
10x_human_ovarian_cancer_ffpe_visium,10x_human_ovarian_cancer_ffpe_visium,10x Visium | 10x Visium,8509,4945,background
10x_human_ovarian_cancer_ffpe_visium,10x_human_ovarian_cancer_ffpe_visium,10x Visium | 10x Visium,8582,4819,background
10x_human_ovarian_cancer_ffpe_visium,10x_human_ovarian_cancer_ffpe_visium,10x Visium | 10x Visium,8654,4945,background
10x_human_ovarian_cancer_ffpe_visium,10x_human_ovarian_cancer_ffpe_visium,10x Visium | 10x Visium,8726,4820,background
10x_human_ovarian_cancer_ffpe_visium,10x_human_ovarian_cancer_ffpe_visium,10x Visium | 10x Visium,8798,4945,background
10x_human_ovarian_cancer_ffpe_visium,10x_human_ovarian_cancer_ffpe_visium,10x Visium | 10x Visium,8870,4820,background
10x_human_ovarian_cancer_ffpe_visium,10x_human_ovarian_cancer_ffpe_visium,10x Visium | 10x Visium,8942,4946,background
10x_human_ovarian_cancer_ffpe_visium,10x_human_ovarian_cancer_ffpe_visium,10x Visium | 10x Visium,9015,4820,background
10x_human_ovarian_cancer_ffpe_visium,10x_human_ovarian_cancer_ffpe_visium,10x Visium | 10x Visium,9087,4946,background
10x_human_ovarian_cancer_ffpe_visium,10x_human_ovarian_cancer_ffpe_visium,10x Visium | 10x Visium,9159,4820,background
10x_human_ovarian_cancer_ffpe_visium,10x_human_ovarian_cancer_ffpe_visium,10x Visium | 10x Visium,9231,4946,background
10x_human_ovarian_cancer_ffpe_visium,10x_human_ovarian_cancer_ffpe_visium,10x Visium | 10x Visium,9304,4821,background
10x_human_ovarian_cancer_ffpe_visium,10x_human_ovarian_cancer_ffpe_visium,10x Visium | 10x Visium,9376,4946,background
10x_human_ovarian_cancer_ffpe_visium,10x_human_ovarian_cancer_ffpe_visium,10x Visium | 10x Visium,9448,4821,background
10x_human_ovarian_cancer_ffpe_visium,10x_human_ovarian_cancer_ffpe_visium,10x Visium | 10x Visium,9520,4947,background
10x_human_ovarian_cancer_ffpe_visium,10x_human_ovarian_cancer_ffpe_visium,10x Visium | 10x Visium,9592,4821,background
10x_human_ovarian_cancer_ffpe_visium,10x_human_ovarian_cancer_ffpe_visium,10x Visium | 10x Visium,9664,4947,background
10x_human_ovarian_cancer_ffpe_visium,10x_human_ovarian_cancer_ffpe_visium,10x Visium | 10x Visium,9737,4821,background
10x_human_ovarian_cancer_ffpe_visium,10x_human_ovarian_cancer_ffpe_visium,10x Visium | 10x Visium,9809,4947,background
10x_human_ovarian_cancer_ffpe_visium,10x_human_ovarian_cancer_ffpe_visium,10x Visium | 10x Visium,9881,4821,background
10x_human_ovarian_cancer_ffpe_visium,10x_human_ovarian_cancer_ffpe_visium,10x Visium | 10x Visium,9953,4947,background
10x_human_ovarian_cancer_ffpe_visium,10x_human_ovarian_cancer_ffpe_visium,10x Visium | 10x Visium,10025,4822,background
10x_human_ovarian_cancer_ffpe_visium,10x_human_ovarian_cancer_ffpe_visium,10x Visium | 10x Visium,10097,4947,background
10x_human_ovarian_cancer_ffpe_visium,10x_human_ovarian_cancer_ffpe_visium,10x Visium | 10x Visium,10170,4822,background
10x_human_ovarian_cancer_ffpe_visium,10x_human_ovarian_cancer_ffpe_visium,10x Visium | 10x Visium,10242,4948,background
10x_human_ovarian_cancer_ffpe_visium,10x_human_ovarian_cancer_ffpe_visium,10x Visium | 10x Visium,10314,4822,background
10x_human_ovarian_cancer_ffpe_visium,10x_human_ovarian_cancer_ffpe_visium,10x Visium | 10x Visium,10386,4948,background
10x_human_ovarian_cancer_ffpe_visium,10x_human_ovarian_cancer_ffpe_visium,10x Visium | 10x Visium,10459,4822,background
10x_human_ovarian_cancer_ffpe_visium,10x_human_ovarian_cancer_ffpe_visium,10x Visium | 10x Visium,10531,4948,background
10x_human_ovarian_cancer_ffpe_visium,10x_human_ovarian_cancer_ffpe_visium,10x Visium | 10x Visium,2517,5061,background
10x_human_ovarian_cancer_ffpe_visium,10x_human_ovarian_cancer_ffpe_visium,10x Visium | 10x Visium,2589,5187,background
10x_human_ovarian_cancer_ffpe_visium,10x_human_ovarian_cancer_ffpe_visium,10x Visium | 10x Visium,2662,5061,background
10x_human_ovarian_cancer_ffpe_visium,10x_human_ovarian_cancer_ffpe_visium,10x Visium | 10x Visium,2734,5187,background
10x_human_ovarian_cancer_ffpe_visium,10x_human_ovarian_cancer_ffpe_visium,10x Visium | 10x Visium,2806,5062,background
10x_human_ovarian_cancer_ffpe_visium,10x_human_ovarian_cancer_ffpe_visium,10x Visium | 10x Visium,2878,5187,background
10x_human_ovarian_cancer_ffpe_visium,10x_human_ovarian_cancer_ffpe_visium,10x Visium | 10x Visium,2950,5062,background
10x_human_ovarian_cancer_ffpe_visium,10x_human_ovarian_cancer_ffpe_visium,10x Visium | 10x Visium,3022,5187,background
10x_human_ovarian_cancer_ffpe_visium,10x_human_ovarian_cancer_ffpe_visium,10x Visium | 10x Visium,3095,5062,background
10x_human_ovarian_cancer_ffpe_visium,10x_human_ovarian_cancer_ffpe_visium,10x Visium | 10x Visium,3167,5188,background
10x_human_ovarian_cancer_ffpe_visium,10x_human_ovarian_cancer_ffpe_visium,10x Visium | 10x Visium,3239,5062,background
10x_human_ovarian_cancer_ffpe_visium,10x_human_ovarian_cancer_ffpe_visium,10x Visium | 10x Visium,3311,5188,background
10x_human_ovarian_cancer_ffpe_visium,10x_human_ovarian_cancer_ffpe_visium,10x Visium | 10x Visium,3384,5062,background
10x_human_ovarian_cancer_ffpe_visium,10x_human_ovarian_cancer_ffpe_visium,10x Visium | 10x Visium,3456,5188,background
10x_human_ovarian_cancer_ffpe_visium,10x_human_ovarian_cancer_ffpe_visium,10x Visium | 10x Visium,3528,5063,background
10x_human_ovarian_cancer_ffpe_visium,10x_human_ovarian_cancer_ffpe_visium,10x Visium | 10x Visium,3600,5188,background
10x_human_ovarian_cancer_ffpe_visium,10x_human_ovarian_cancer_ffpe_visium,10x Visium | 10x Visium,3672,5063,background
10x_human_ovarian_cancer_ffpe_visium,10x_human_ovarian_cancer_ffpe_visium,10x Visium | 10x Visium,3744,5189,background
10x_human_ovarian_cancer_ffpe_visium,10x_human_ovarian_cancer_ffpe_visium,10x Visium | 10x Visium,3817,5063,background
10x_human_ovarian_cancer_ffpe_visium,10x_human_ovarian_cancer_ffpe_visium,10x Visium | 10x Visium,3889,5189,background
10x_human_ovarian_cancer_ffpe_visium,10x_human_ovarian_cancer_ffpe_visium,10x Visium | 10x Visium,3961,5063,background
10x_human_ovarian_cancer_ffpe_visium,10x_human_ovarian_cancer_ffpe_visium,10x Visium | 10x Visium,4033,5189,background
10x_human_ovarian_cancer_ffpe_visium,10x_human_ovarian_cancer_ffpe_visium,10x Visium | 10x Visium,4105,5064,background
10x_human_ovarian_cancer_ffpe_visium,10x_human_ovarian_cancer_ffpe_visium,10x Visium | 10x Visium,4177,5189,background
10x_human_ovarian_cancer_ffpe_visium,10x_human_ovarian_cancer_ffpe_visium,10x Visium | 10x Visium,4250,5064,background
10x_human_ovarian_cancer_ffpe_visium,10x_human_ovarian_cancer_ffpe_visium,10x Visium | 10x Visium,4322,5190,background
10x_human_ovarian_cancer_ffpe_visium,10x_human_ovarian_cancer_ffpe_visium,10x Visium | 10x Visium,4394,5064,background
10x_human_ovarian_cancer_ffpe_visium,10x_human_ovarian_cancer_ffpe_visium,10x Visium | 10x Visium,4466,5190,background
10x_human_ovarian_cancer_ffpe_visium,10x_human_ovarian_cancer_ffpe_visium,10x Visium | 10x Visium,4539,5064,background
10x_human_ovarian_cancer_ffpe_visium,10x_human_ovarian_cancer_ffpe_visium,10x Visium | 10x Visium,4611,5190,background
10x_human_ovarian_cancer_ffpe_visium,10x_human_ovarian_cancer_ffpe_visium,10x Visium | 10x Visium,4683,5064,background
10x_human_ovarian_cancer_ffpe_visium,10x_human_ovarian_cancer_ffpe_visium,10x Visium | 10x Visium,4755,5190,background
10x_human_ovarian_cancer_ffpe_visium,10x_human_ovarian_cancer_ffpe_visium,10x Visium | 10x Visium,4827,5065,background
10x_human_ovarian_cancer_ffpe_visium,10x_human_ovarian_cancer_ffpe_visium,10x Visium | 10x Visium,4899,5190,background
10x_human_ovarian_cancer_ffpe_visium,10x_human_ovarian_cancer_ffpe_visium,10x Visium | 10x Visium,4972,5065,background
10x_human_ovarian_cancer_ffpe_visium,10x_human_ovarian_cancer_ffpe_visium,10x Visium | 10x Visium,5044,5191,background
10x_human_ovarian_cancer_ffpe_visium,10x_human_ovarian_cancer_ffpe_visium,10x Visium | 10x Visium,5116,5065,background
10x_human_ovarian_cancer_ffpe_visium,10x_human_ovarian_cancer_ffpe_visium,10x Visium | 10x Visium,5188,5191,background
10x_human_ovarian_cancer_ffpe_visium,10x_human_ovarian_cancer_ffpe_visium,10x Visium | 10x Visium,5261,5065,background
10x_human_ovarian_cancer_ffpe_visium,10x_human_ovarian_cancer_ffpe_visium,10x Visium | 10x Visium,5332,5191,background
10x_human_ovarian_cancer_ffpe_visium,10x_human_ovarian_cancer_ffpe_visium,10x Visium | 10x Visium,5405,5066,background
10x_human_ovarian_cancer_ffpe_visium,10x_human_ovarian_cancer_ffpe_visium,10x Visium | 10x Visium,5477,5191,background
10x_human_ovarian_cancer_ffpe_visium,10x_human_ovarian_cancer_ffpe_visium,10x Visium | 10x Visium,5549,5066,background
10x_human_ovarian_cancer_ffpe_visium,10x_human_ovarian_cancer_ffpe_visium,10x Visium | 10x Visium,5621,5192,background
10x_human_ovarian_cancer_ffpe_visium,10x_human_ovarian_cancer_ffpe_visium,10x Visium | 10x Visium,5694,5066,background
10x_human_ovarian_cancer_ffpe_visium,10x_human_ovarian_cancer_ffpe_visium,10x Visium | 10x Visium,5766,5192,background
10x_human_ovarian_cancer_ffpe_visium,10x_human_ovarian_cancer_ffpe_visium,10x Visium | 10x Visium,5838,5066,background
10x_human_ovarian_cancer_ffpe_visium,10x_human_ovarian_cancer_ffpe_visium,10x Visium | 10x Visium,5910,5192,background
10x_human_ovarian_cancer_ffpe_visium,10x_human_ovarian_cancer_ffpe_visium,10x Visium | 10x Visium,5982,5067,background
10x_human_ovarian_cancer_ffpe_visium,10x_human_ovarian_cancer_ffpe_visium,10x Visium | 10x Visium,6054,5192,background
10x_human_ovarian_cancer_ffpe_visium,10x_human_ovarian_cancer_ffpe_visium,10x Visium | 10x Visium,6127,5067,background
10x_human_ovarian_cancer_ffpe_visium,10x_human_ovarian_cancer_ffpe_visium,10x Visium | 10x Visium,6199,5193,background
10x_human_ovarian_cancer_ffpe_visium,10x_human_ovarian_cancer_ffpe_visium,10x Visium | 10x Visium,6271,5067,background
10x_human_ovarian_cancer_ffpe_visium,10x_human_ovarian_cancer_ffpe_visium,10x Visium | 10x Visium,6343,5193,background
10x_human_ovarian_cancer_ffpe_visium,10x_human_ovarian_cancer_ffpe_visium,10x Visium | 10x Visium,6416,5067,background
10x_human_ovarian_cancer_ffpe_visium,10x_human_ovarian_cancer_ffpe_visium,10x Visium | 10x Visium,6488,5193,background
10x_human_ovarian_cancer_ffpe_visium,10x_human_ovarian_cancer_ffpe_visium,10x Visium | 10x Visium,6560,5067,background
10x_human_ovarian_cancer_ffpe_visium,10x_human_ovarian_cancer_ffpe_visium,10x Visium | 10x Visium,6632,5193,background
10x_human_ovarian_cancer_ffpe_visium,10x_human_ovarian_cancer_ffpe_visium,10x Visium | 10x Visium,6704,5068,background
10x_human_ovarian_cancer_ffpe_visium,10x_human_ovarian_cancer_ffpe_visium,10x Visium | 10x Visium,6776,5193,background
10x_human_ovarian_cancer_ffpe_visium,10x_human_ovarian_cancer_ffpe_visium,10x Visium | 10x Visium,6849,5068,background
10x_human_ovarian_cancer_ffpe_visium,10x_human_ovarian_cancer_ffpe_visium,10x Visium | 10x Visium,6921,5194,background
10x_human_ovarian_cancer_ffpe_visium,10x_human_ovarian_cancer_ffpe_visium,10x Visium | 10x Visium,6993,5068,background
10x_human_ovarian_cancer_ffpe_visium,10x_human_ovarian_cancer_ffpe_visium,10x Visium | 10x Visium,7065,5194,background
10x_human_ovarian_cancer_ffpe_visium,10x_human_ovarian_cancer_ffpe_visium,10x Visium | 10x Visium,7137,5068,background
10x_human_ovarian_cancer_ffpe_visium,10x_human_ovarian_cancer_ffpe_visium,10x Visium | 10x Visium,7209,5194,background
10x_human_ovarian_cancer_ffpe_visium,10x_human_ovarian_cancer_ffpe_visium,10x Visium | 10x Visium,7282,5069,background
10x_human_ovarian_cancer_ffpe_visium,10x_human_ovarian_cancer_ffpe_visium,10x Visium | 10x Visium,7354,5194,background
10x_human_ovarian_cancer_ffpe_visium,10x_human_ovarian_cancer_ffpe_visium,10x Visium | 10x Visium,7426,5069,background
10x_human_ovarian_cancer_ffpe_visium,10x_human_ovarian_cancer_ffpe_visium,10x Visium | 10x Visium,7498,5195,background
10x_human_ovarian_cancer_ffpe_visium,10x_human_ovarian_cancer_ffpe_visium,10x Visium | 10x Visium,7571,5069,background
10x_human_ovarian_cancer_ffpe_visium,10x_human_ovarian_cancer_ffpe_visium,10x Visium | 10x Visium,7643,5195,background
10x_human_ovarian_cancer_ffpe_visium,10x_human_ovarian_cancer_ffpe_visium,10x Visium | 10x Visium,7715,5069,background
10x_human_ovarian_cancer_ffpe_visium,10x_human_ovarian_cancer_ffpe_visium,10x Visium | 10x Visium,7787,5195,background
10x_human_ovarian_cancer_ffpe_visium,10x_human_ovarian_cancer_ffpe_visium,10x Visium | 10x Visium,7859,5070,background
10x_human_ovarian_cancer_ffpe_visium,10x_human_ovarian_cancer_ffpe_visium,10x Visium | 10x Visium,7931,5195,background
10x_human_ovarian_cancer_ffpe_visium,10x_human_ovarian_cancer_ffpe_visium,10x Visium | 10x Visium,8004,5070,background
10x_human_ovarian_cancer_ffpe_visium,10x_human_ovarian_cancer_ffpe_visium,10x Visium | 10x Visium,8076,5195,background
10x_human_ovarian_cancer_ffpe_visium,10x_human_ovarian_cancer_ffpe_visium,10x Visium | 10x Visium,8148,5070,background
10x_human_ovarian_cancer_ffpe_visium,10x_human_ovarian_cancer_ffpe_visium,10x Visium | 10x Visium,8220,5196,background
10x_human_ovarian_cancer_ffpe_visium,10x_human_ovarian_cancer_ffpe_visium,10x Visium | 10x Visium,8292,5070,background
10x_human_ovarian_cancer_ffpe_visium,10x_human_ovarian_cancer_ffpe_visium,10x Visium | 10x Visium,8364,5196,background
10x_human_ovarian_cancer_ffpe_visium,10x_human_ovarian_cancer_ffpe_visium,10x Visium | 10x Visium,8437,5070,background
10x_human_ovarian_cancer_ffpe_visium,10x_human_ovarian_cancer_ffpe_visium,10x Visium | 10x Visium,8509,5196,background
10x_human_ovarian_cancer_ffpe_visium,10x_human_ovarian_cancer_ffpe_visium,10x Visium | 10x Visium,8581,5071,background
10x_human_ovarian_cancer_ffpe_visium,10x_human_ovarian_cancer_ffpe_visium,10x Visium | 10x Visium,8653,5196,background
10x_human_ovarian_cancer_ffpe_visium,10x_human_ovarian_cancer_ffpe_visium,10x Visium | 10x Visium,8726,5071,background
10x_human_ovarian_cancer_ffpe_visium,10x_human_ovarian_cancer_ffpe_visium,10x Visium | 10x Visium,8798,5197,background
10x_human_ovarian_cancer_ffpe_visium,10x_human_ovarian_cancer_ffpe_visium,10x Visium | 10x Visium,8870,5071,background
10x_human_ovarian_cancer_ffpe_visium,10x_human_ovarian_cancer_ffpe_visium,10x Visium | 10x Visium,8942,5197,background
10x_human_ovarian_cancer_ffpe_visium,10x_human_ovarian_cancer_ffpe_visium,10x Visium | 10x Visium,9014,5071,background
10x_human_ovarian_cancer_ffpe_visium,10x_human_ovarian_cancer_ffpe_visium,10x Visium | 10x Visium,9086,5197,background
10x_human_ovarian_cancer_ffpe_visium,10x_human_ovarian_cancer_ffpe_visium,10x Visium | 10x Visium,9159,5072,background
10x_human_ovarian_cancer_ffpe_visium,10x_human_ovarian_cancer_ffpe_visium,10x Visium | 10x Visium,9231,5197,background
10x_human_ovarian_cancer_ffpe_visium,10x_human_ovarian_cancer_ffpe_visium,10x Visium | 10x Visium,9303,5072,background
10x_human_ovarian_cancer_ffpe_visium,10x_human_ovarian_cancer_ffpe_visium,10x Visium | 10x Visium,9375,5198,background
10x_human_ovarian_cancer_ffpe_visium,10x_human_ovarian_cancer_ffpe_visium,10x Visium | 10x Visium,9448,5072,background
10x_human_ovarian_cancer_ffpe_visium,10x_human_ovarian_cancer_ffpe_visium,10x Visium | 10x Visium,9520,5198,background
10x_human_ovarian_cancer_ffpe_visium,10x_human_ovarian_cancer_ffpe_visium,10x Visium | 10x Visium,9592,5072,background
10x_human_ovarian_cancer_ffpe_visium,10x_human_ovarian_cancer_ffpe_visium,10x Visium | 10x Visium,9664,5198,background
10x_human_ovarian_cancer_ffpe_visium,10x_human_ovarian_cancer_ffpe_visium,10x Visium | 10x Visium,9736,5072,background
10x_human_ovarian_cancer_ffpe_visium,10x_human_ovarian_cancer_ffpe_visium,10x Visium | 10x Visium,9808,5198,background
10x_human_ovarian_cancer_ffpe_visium,10x_human_ovarian_cancer_ffpe_visium,10x Visium | 10x Visium,9881,5073,background
10x_human_ovarian_cancer_ffpe_visium,10x_human_ovarian_cancer_ffpe_visium,10x Visium | 10x Visium,9953,5198,background
10x_human_ovarian_cancer_ffpe_visium,10x_human_ovarian_cancer_ffpe_visium,10x Visium | 10x Visium,10025,5073,background
10x_human_ovarian_cancer_ffpe_visium,10x_human_ovarian_cancer_ffpe_visium,10x Visium | 10x Visium,10097,5199,background
10x_human_ovarian_cancer_ffpe_visium,10x_human_ovarian_cancer_ffpe_visium,10x Visium | 10x Visium,10169,5073,background
10x_human_ovarian_cancer_ffpe_visium,10x_human_ovarian_cancer_ffpe_visium,10x Visium | 10x Visium,10241,5199,background
10x_human_ovarian_cancer_ffpe_visium,10x_human_ovarian_cancer_ffpe_visium,10x Visium | 10x Visium,10314,5073,background
10x_human_ovarian_cancer_ffpe_visium,10x_human_ovarian_cancer_ffpe_visium,10x Visium | 10x Visium,10386,5199,background
10x_human_ovarian_cancer_ffpe_visium,10x_human_ovarian_cancer_ffpe_visium,10x Visium | 10x Visium,10458,5074,background
10x_human_ovarian_cancer_ffpe_visium,10x_human_ovarian_cancer_ffpe_visium,10x Visium | 10x Visium,10530,5199,background
10x_human_ovarian_cancer_ffpe_visium,10x_human_ovarian_cancer_ffpe_visium,10x Visium | 10x Visium,10675,5200,background
10x_human_ovarian_cancer_ffpe_visium,10x_human_ovarian_cancer_ffpe_visium,10x Visium | 10x Visium,2517,5312,background
10x_human_ovarian_cancer_ffpe_visium,10x_human_ovarian_cancer_ffpe_visium,10x Visium | 10x Visium,2589,5438,background
10x_human_ovarian_cancer_ffpe_visium,10x_human_ovarian_cancer_ffpe_visium,10x Visium | 10x Visium,2661,5313,background
10x_human_ovarian_cancer_ffpe_visium,10x_human_ovarian_cancer_ffpe_visium,10x Visium | 10x Visium,2733,5438,background
10x_human_ovarian_cancer_ffpe_visium,10x_human_ovarian_cancer_ffpe_visium,10x Visium | 10x Visium,2806,5313,background
10x_human_ovarian_cancer_ffpe_visium,10x_human_ovarian_cancer_ffpe_visium,10x Visium | 10x Visium,2878,5438,background
10x_human_ovarian_cancer_ffpe_visium,10x_human_ovarian_cancer_ffpe_visium,10x Visium | 10x Visium,2950,5313,background
10x_human_ovarian_cancer_ffpe_visium,10x_human_ovarian_cancer_ffpe_visium,10x Visium | 10x Visium,3022,5439,background
10x_human_ovarian_cancer_ffpe_visium,10x_human_ovarian_cancer_ffpe_visium,10x Visium | 10x Visium,3094,5313,background
10x_human_ovarian_cancer_ffpe_visium,10x_human_ovarian_cancer_ffpe_visium,10x Visium | 10x Visium,3166,5439,background
10x_human_ovarian_cancer_ffpe_visium,10x_human_ovarian_cancer_ffpe_visium,10x Visium | 10x Visium,3239,5313,background
10x_human_ovarian_cancer_ffpe_visium,10x_human_ovarian_cancer_ffpe_visium,10x Visium | 10x Visium,3311,5439,background
10x_human_ovarian_cancer_ffpe_visium,10x_human_ovarian_cancer_ffpe_visium,10x Visium | 10x Visium,3383,5314,background
10x_human_ovarian_cancer_ffpe_visium,10x_human_ovarian_cancer_ffpe_visium,10x Visium | 10x Visium,3455,5439,background
10x_human_ovarian_cancer_ffpe_visium,10x_human_ovarian_cancer_ffpe_visium,10x Visium | 10x Visium,3528,5314,background
10x_human_ovarian_cancer_ffpe_visium,10x_human_ovarian_cancer_ffpe_visium,10x Visium | 10x Visium,3600,5440,background
10x_human_ovarian_cancer_ffpe_visium,10x_human_ovarian_cancer_ffpe_visium,10x Visium | 10x Visium,3672,5314,background
10x_human_ovarian_cancer_ffpe_visium,10x_human_ovarian_cancer_ffpe_visium,10x Visium | 10x Visium,3744,5440,background
10x_human_ovarian_cancer_ffpe_visium,10x_human_ovarian_cancer_ffpe_visium,10x Visium | 10x Visium,3816,5314,background
10x_human_ovarian_cancer_ffpe_visium,10x_human_ovarian_cancer_ffpe_visium,10x Visium | 10x Visium,3888,5440,background
10x_human_ovarian_cancer_ffpe_visium,10x_human_ovarian_cancer_ffpe_visium,10x Visium | 10x Visium,3961,5315,background
10x_human_ovarian_cancer_ffpe_visium,10x_human_ovarian_cancer_ffpe_visium,10x Visium | 10x Visium,4033,5440,background
10x_human_ovarian_cancer_ffpe_visium,10x_human_ovarian_cancer_ffpe_visium,10x Visium | 10x Visium,4105,5315,background
10x_human_ovarian_cancer_ffpe_visium,10x_human_ovarian_cancer_ffpe_visium,10x Visium | 10x Visium,4177,5441,background
10x_human_ovarian_cancer_ffpe_visium,10x_human_ovarian_cancer_ffpe_visium,10x Visium | 10x Visium,4249,5315,background
10x_human_ovarian_cancer_ffpe_visium,10x_human_ovarian_cancer_ffpe_visium,10x Visium | 10x Visium,4321,5441,background
10x_human_ovarian_cancer_ffpe_visium,10x_human_ovarian_cancer_ffpe_visium,10x Visium | 10x Visium,4394,5315,background
10x_human_ovarian_cancer_ffpe_visium,10x_human_ovarian_cancer_ffpe_visium,10x Visium | 10x Visium,4466,5441,background
10x_human_ovarian_cancer_ffpe_visium,10x_human_ovarian_cancer_ffpe_visium,10x Visium | 10x Visium,4538,5315,background
10x_human_ovarian_cancer_ffpe_visium,10x_human_ovarian_cancer_ffpe_visium,10x Visium | 10x Visium,4610,5441,background
10x_human_ovarian_cancer_ffpe_visium,10x_human_ovarian_cancer_ffpe_visium,10x Visium | 10x Visium,4683,5316,background
10x_human_ovarian_cancer_ffpe_visium,10x_human_ovarian_cancer_ffpe_visium,10x Visium | 10x Visium,4755,5441,background
10x_human_ovarian_cancer_ffpe_visium,10x_human_ovarian_cancer_ffpe_visium,10x Visium | 10x Visium,4827,5316,background
10x_human_ovarian_cancer_ffpe_visium,10x_human_ovarian_cancer_ffpe_visium,10x Visium | 10x Visium,4899,5442,background
10x_human_ovarian_cancer_ffpe_visium,10x_human_ovarian_cancer_ffpe_visium,10x Visium | 10x Visium,4971,5316,background
10x_human_ovarian_cancer_ffpe_visium,10x_human_ovarian_cancer_ffpe_visium,10x Visium | 10x Visium,5043,5442,background
10x_human_ovarian_cancer_ffpe_visium,10x_human_ovarian_cancer_ffpe_visium,10x Visium | 10x Visium,5116,5316,background
10x_human_ovarian_cancer_ffpe_visium,10x_human_ovarian_cancer_ffpe_visium,10x Visium | 10x Visium,5188,5442,background
10x_human_ovarian_cancer_ffpe_visium,10x_human_ovarian_cancer_ffpe_visium,10x Visium | 10x Visium,5260,5317,background
10x_human_ovarian_cancer_ffpe_visium,10x_human_ovarian_cancer_ffpe_visium,10x Visium | 10x Visium,5332,5442,background
10x_human_ovarian_cancer_ffpe_visium,10x_human_ovarian_cancer_ffpe_visium,10x Visium | 10x Visium,5404,5317,background
10x_human_ovarian_cancer_ffpe_visium,10x_human_ovarian_cancer_ffpe_visium,10x Visium | 10x Visium,5476,5443,background
10x_human_ovarian_cancer_ffpe_visium,10x_human_ovarian_cancer_ffpe_visium,10x Visium | 10x Visium,5549,5317,background
10x_human_ovarian_cancer_ffpe_visium,10x_human_ovarian_cancer_ffpe_visium,10x Visium | 10x Visium,5621,5443,background
10x_human_ovarian_cancer_ffpe_visium,10x_human_ovarian_cancer_ffpe_visium,10x Visium | 10x Visium,5693,5317,background
10x_human_ovarian_cancer_ffpe_visium,10x_human_ovarian_cancer_ffpe_visium,10x Visium | 10x Visium,5765,5443,background
10x_human_ovarian_cancer_ffpe_visium,10x_human_ovarian_cancer_ffpe_visium,10x Visium | 10x Visium,5838,5318,background
10x_human_ovarian_cancer_ffpe_visium,10x_human_ovarian_cancer_ffpe_visium,10x Visium | 10x Visium,5910,5443,background
10x_human_ovarian_cancer_ffpe_visium,10x_human_ovarian_cancer_ffpe_visium,10x Visium | 10x Visium,5982,5318,background
10x_human_ovarian_cancer_ffpe_visium,10x_human_ovarian_cancer_ffpe_visium,10x Visium | 10x Visium,6054,5443,background
10x_human_ovarian_cancer_ffpe_visium,10x_human_ovarian_cancer_ffpe_visium,10x Visium | 10x Visium,6126,5318,background
10x_human_ovarian_cancer_ffpe_visium,10x_human_ovarian_cancer_ffpe_visium,10x Visium | 10x Visium,6198,5444,background
10x_human_ovarian_cancer_ffpe_visium,10x_human_ovarian_cancer_ffpe_visium,10x Visium | 10x Visium,6271,5318,background
10x_human_ovarian_cancer_ffpe_visium,10x_human_ovarian_cancer_ffpe_visium,10x Visium | 10x Visium,6343,5444,background
10x_human_ovarian_cancer_ffpe_visium,10x_human_ovarian_cancer_ffpe_visium,10x Visium | 10x Visium,6415,5318,background
10x_human_ovarian_cancer_ffpe_visium,10x_human_ovarian_cancer_ffpe_visium,10x Visium | 10x Visium,6487,5444,background
10x_human_ovarian_cancer_ffpe_visium,10x_human_ovarian_cancer_ffpe_visium,10x Visium | 10x Visium,6560,5319,background
10x_human_ovarian_cancer_ffpe_visium,10x_human_ovarian_cancer_ffpe_visium,10x Visium | 10x Visium,6632,5444,background
10x_human_ovarian_cancer_ffpe_visium,10x_human_ovarian_cancer_ffpe_visium,10x Visium | 10x Visium,6704,5319,background
10x_human_ovarian_cancer_ffpe_visium,10x_human_ovarian_cancer_ffpe_visium,10x Visium | 10x Visium,6776,5445,background
10x_human_ovarian_cancer_ffpe_visium,10x_human_ovarian_cancer_ffpe_visium,10x Visium | 10x Visium,6848,5319,background
10x_human_ovarian_cancer_ffpe_visium,10x_human_ovarian_cancer_ffpe_visium,10x Visium | 10x Visium,6920,5445,background
10x_human_ovarian_cancer_ffpe_visium,10x_human_ovarian_cancer_ffpe_visium,10x Visium | 10x Visium,6993,5319,background
10x_human_ovarian_cancer_ffpe_visium,10x_human_ovarian_cancer_ffpe_visium,10x Visium | 10x Visium,7065,5445,background
10x_human_ovarian_cancer_ffpe_visium,10x_human_ovarian_cancer_ffpe_visium,10x Visium | 10x Visium,7137,5320,background
10x_human_ovarian_cancer_ffpe_visium,10x_human_ovarian_cancer_ffpe_visium,10x Visium | 10x Visium,7209,5445,background
10x_human_ovarian_cancer_ffpe_visium,10x_human_ovarian_cancer_ffpe_visium,10x Visium | 10x Visium,7281,5320,background
10x_human_ovarian_cancer_ffpe_visium,10x_human_ovarian_cancer_ffpe_visium,10x Visium | 10x Visium,7353,5446,background
10x_human_ovarian_cancer_ffpe_visium,10x_human_ovarian_cancer_ffpe_visium,10x Visium | 10x Visium,7426,5320,background
10x_human_ovarian_cancer_ffpe_visium,10x_human_ovarian_cancer_ffpe_visium,10x Visium | 10x Visium,7498,5446,background
10x_human_ovarian_cancer_ffpe_visium,10x_human_ovarian_cancer_ffpe_visium,10x Visium | 10x Visium,7570,5320,background
10x_human_ovarian_cancer_ffpe_visium,10x_human_ovarian_cancer_ffpe_visium,10x Visium | 10x Visium,7642,5446,background
10x_human_ovarian_cancer_ffpe_visium,10x_human_ovarian_cancer_ffpe_visium,10x Visium | 10x Visium,7715,5321,background
10x_human_ovarian_cancer_ffpe_visium,10x_human_ovarian_cancer_ffpe_visium,10x Visium | 10x Visium,7787,5446,background
10x_human_ovarian_cancer_ffpe_visium,10x_human_ovarian_cancer_ffpe_visium,10x Visium | 10x Visium,7859,5321,background
10x_human_ovarian_cancer_ffpe_visium,10x_human_ovarian_cancer_ffpe_visium,10x Visium | 10x Visium,7931,5446,background
10x_human_ovarian_cancer_ffpe_visium,10x_human_ovarian_cancer_ffpe_visium,10x Visium | 10x Visium,8003,5321,background
10x_human_ovarian_cancer_ffpe_visium,10x_human_ovarian_cancer_ffpe_visium,10x Visium | 10x Visium,8075,5447,background
10x_human_ovarian_cancer_ffpe_visium,10x_human_ovarian_cancer_ffpe_visium,10x Visium | 10x Visium,8148,5321,background
10x_human_ovarian_cancer_ffpe_visium,10x_human_ovarian_cancer_ffpe_visium,10x Visium | 10x Visium,8220,5447,background
10x_human_ovarian_cancer_ffpe_visium,10x_human_ovarian_cancer_ffpe_visium,10x Visium | 10x Visium,8292,5321,background
10x_human_ovarian_cancer_ffpe_visium,10x_human_ovarian_cancer_ffpe_visium,10x Visium | 10x Visium,8364,5447,background
10x_human_ovarian_cancer_ffpe_visium,10x_human_ovarian_cancer_ffpe_visium,10x Visium | 10x Visium,8436,5322,background
10x_human_ovarian_cancer_ffpe_visium,10x_human_ovarian_cancer_ffpe_visium,10x Visium | 10x Visium,8508,5447,background
10x_human_ovarian_cancer_ffpe_visium,10x_human_ovarian_cancer_ffpe_visium,10x Visium | 10x Visium,8581,5322,background
10x_human_ovarian_cancer_ffpe_visium,10x_human_ovarian_cancer_ffpe_visium,10x Visium | 10x Visium,8653,5448,background
10x_human_ovarian_cancer_ffpe_visium,10x_human_ovarian_cancer_ffpe_visium,10x Visium | 10x Visium,8725,5322,background
10x_human_ovarian_cancer_ffpe_visium,10x_human_ovarian_cancer_ffpe_visium,10x Visium | 10x Visium,8797,5448,background
10x_human_ovarian_cancer_ffpe_visium,10x_human_ovarian_cancer_ffpe_visium,10x Visium | 10x Visium,8870,5322,background
10x_human_ovarian_cancer_ffpe_visium,10x_human_ovarian_cancer_ffpe_visium,10x Visium | 10x Visium,8942,5448,background
10x_human_ovarian_cancer_ffpe_visium,10x_human_ovarian_cancer_ffpe_visium,10x Visium | 10x Visium,9014,5323,background
10x_human_ovarian_cancer_ffpe_visium,10x_human_ovarian_cancer_ffpe_visium,10x Visium | 10x Visium,9086,5448,background
10x_human_ovarian_cancer_ffpe_visium,10x_human_ovarian_cancer_ffpe_visium,10x Visium | 10x Visium,9158,5323,background
10x_human_ovarian_cancer_ffpe_visium,10x_human_ovarian_cancer_ffpe_visium,10x Visium | 10x Visium,9230,5449,background
10x_human_ovarian_cancer_ffpe_visium,10x_human_ovarian_cancer_ffpe_visium,10x Visium | 10x Visium,9303,5323,background
10x_human_ovarian_cancer_ffpe_visium,10x_human_ovarian_cancer_ffpe_visium,10x Visium | 10x Visium,9375,5449,background
10x_human_ovarian_cancer_ffpe_visium,10x_human_ovarian_cancer_ffpe_visium,10x Visium | 10x Visium,9447,5323,background
10x_human_ovarian_cancer_ffpe_visium,10x_human_ovarian_cancer_ffpe_visium,10x Visium | 10x Visium,9519,5449,background
10x_human_ovarian_cancer_ffpe_visium,10x_human_ovarian_cancer_ffpe_visium,10x Visium | 10x Visium,9591,5323,background
10x_human_ovarian_cancer_ffpe_visium,10x_human_ovarian_cancer_ffpe_visium,10x Visium | 10x Visium,9663,5449,background
10x_human_ovarian_cancer_ffpe_visium,10x_human_ovarian_cancer_ffpe_visium,10x Visium | 10x Visium,9736,5324,background
10x_human_ovarian_cancer_ffpe_visium,10x_human_ovarian_cancer_ffpe_visium,10x Visium | 10x Visium,9808,5449,background
10x_human_ovarian_cancer_ffpe_visium,10x_human_ovarian_cancer_ffpe_visium,10x Visium | 10x Visium,9880,5324,background
10x_human_ovarian_cancer_ffpe_visium,10x_human_ovarian_cancer_ffpe_visium,10x Visium | 10x Visium,9952,5450,background
10x_human_ovarian_cancer_ffpe_visium,10x_human_ovarian_cancer_ffpe_visium,10x Visium | 10x Visium,10025,5324,background
10x_human_ovarian_cancer_ffpe_visium,10x_human_ovarian_cancer_ffpe_visium,10x Visium | 10x Visium,10097,5450,background
10x_human_ovarian_cancer_ffpe_visium,10x_human_ovarian_cancer_ffpe_visium,10x Visium | 10x Visium,10169,5324,background
10x_human_ovarian_cancer_ffpe_visium,10x_human_ovarian_cancer_ffpe_visium,10x Visium | 10x Visium,10241,5450,background
10x_human_ovarian_cancer_ffpe_visium,10x_human_ovarian_cancer_ffpe_visium,10x Visium | 10x Visium,10313,5325,background
10x_human_ovarian_cancer_ffpe_visium,10x_human_ovarian_cancer_ffpe_visium,10x Visium | 10x Visium,10385,5450,background
10x_human_ovarian_cancer_ffpe_visium,10x_human_ovarian_cancer_ffpe_visium,10x Visium | 10x Visium,10458,5325,background
10x_human_ovarian_cancer_ffpe_visium,10x_human_ovarian_cancer_ffpe_visium,10x Visium | 10x Visium,10530,5451,background
10x_human_ovarian_cancer_ffpe_visium,10x_human_ovarian_cancer_ffpe_visium,10x Visium | 10x Visium,10602,5325,background
10x_human_ovarian_cancer_ffpe_visium,10x_human_ovarian_cancer_ffpe_visium,10x Visium | 10x Visium,10674,5451,background
10x_human_ovarian_cancer_ffpe_visium,10x_human_ovarian_cancer_ffpe_visium,10x Visium | 10x Visium,10747,5325,background
10x_human_ovarian_cancer_ffpe_visium,10x_human_ovarian_cancer_ffpe_visium,10x Visium | 10x Visium,10819,5451,background
10x_human_ovarian_cancer_ffpe_visium,10x_human_ovarian_cancer_ffpe_visium,10x Visium | 10x Visium,2516,5564,background
10x_human_ovarian_cancer_ffpe_visium,10x_human_ovarian_cancer_ffpe_visium,10x Visium | 10x Visium,2588,5689,background
10x_human_ovarian_cancer_ffpe_visium,10x_human_ovarian_cancer_ffpe_visium,10x Visium | 10x Visium,2661,5564,background
10x_human_ovarian_cancer_ffpe_visium,10x_human_ovarian_cancer_ffpe_visium,10x Visium | 10x Visium,2733,5689,background
10x_human_ovarian_cancer_ffpe_visium,10x_human_ovarian_cancer_ffpe_visium,10x Visium | 10x Visium,2805,5564,background
10x_human_ovarian_cancer_ffpe_visium,10x_human_ovarian_cancer_ffpe_visium,10x Visium | 10x Visium,2877,5690,background
10x_human_ovarian_cancer_ffpe_visium,10x_human_ovarian_cancer_ffpe_visium,10x Visium | 10x Visium,2950,5564,background
10x_human_ovarian_cancer_ffpe_visium,10x_human_ovarian_cancer_ffpe_visium,10x Visium | 10x Visium,3022,5690,background
10x_human_ovarian_cancer_ffpe_visium,10x_human_ovarian_cancer_ffpe_visium,10x Visium | 10x Visium,3094,5564,background
10x_human_ovarian_cancer_ffpe_visium,10x_human_ovarian_cancer_ffpe_visium,10x Visium | 10x Visium,3166,5690,background
10x_human_ovarian_cancer_ffpe_visium,10x_human_ovarian_cancer_ffpe_visium,10x Visium | 10x Visium,3238,5565,background
10x_human_ovarian_cancer_ffpe_visium,10x_human_ovarian_cancer_ffpe_visium,10x Visium | 10x Visium,3310,5690,background
10x_human_ovarian_cancer_ffpe_visium,10x_human_ovarian_cancer_ffpe_visium,10x Visium | 10x Visium,3383,5565,background
10x_human_ovarian_cancer_ffpe_visium,10x_human_ovarian_cancer_ffpe_visium,10x Visium | 10x Visium,3455,5691,background
10x_human_ovarian_cancer_ffpe_visium,10x_human_ovarian_cancer_ffpe_visium,10x Visium | 10x Visium,3527,5565,background
10x_human_ovarian_cancer_ffpe_visium,10x_human_ovarian_cancer_ffpe_visium,10x Visium | 10x Visium,3599,5691,background
10x_human_ovarian_cancer_ffpe_visium,10x_human_ovarian_cancer_ffpe_visium,10x Visium | 10x Visium,3672,5565,background
10x_human_ovarian_cancer_ffpe_visium,10x_human_ovarian_cancer_ffpe_visium,10x Visium | 10x Visium,3744,5691,background
10x_human_ovarian_cancer_ffpe_visium,10x_human_ovarian_cancer_ffpe_visium,10x Visium | 10x Visium,3816,5566,background
10x_human_ovarian_cancer_ffpe_visium,10x_human_ovarian_cancer_ffpe_visium,10x Visium | 10x Visium,3888,5691,background
10x_human_ovarian_cancer_ffpe_visium,10x_human_ovarian_cancer_ffpe_visium,10x Visium | 10x Visium,3960,5566,background
10x_human_ovarian_cancer_ffpe_visium,10x_human_ovarian_cancer_ffpe_visium,10x Visium | 10x Visium,4032,5692,background
10x_human_ovarian_cancer_ffpe_visium,10x_human_ovarian_cancer_ffpe_visium,10x Visium | 10x Visium,4105,5566,background
10x_human_ovarian_cancer_ffpe_visium,10x_human_ovarian_cancer_ffpe_visium,10x Visium | 10x Visium,4177,5692,background
10x_human_ovarian_cancer_ffpe_visium,10x_human_ovarian_cancer_ffpe_visium,10x Visium | 10x Visium,4249,5566,background
10x_human_ovarian_cancer_ffpe_visium,10x_human_ovarian_cancer_ffpe_visium,10x Visium | 10x Visium,4321,5692,background
10x_human_ovarian_cancer_ffpe_visium,10x_human_ovarian_cancer_ffpe_visium,10x Visium | 10x Visium,4393,5566,background
10x_human_ovarian_cancer_ffpe_visium,10x_human_ovarian_cancer_ffpe_visium,10x Visium | 10x Visium,4465,5692,background
10x_human_ovarian_cancer_ffpe_visium,10x_human_ovarian_cancer_ffpe_visium,10x Visium | 10x Visium,4538,5567,background
10x_human_ovarian_cancer_ffpe_visium,10x_human_ovarian_cancer_ffpe_visium,10x Visium | 10x Visium,4610,5692,background
10x_human_ovarian_cancer_ffpe_visium,10x_human_ovarian_cancer_ffpe_visium,10x Visium | 10x Visium,4682,5567,background
10x_human_ovarian_cancer_ffpe_visium,10x_human_ovarian_cancer_ffpe_visium,10x Visium | 10x Visium,4754,5693,background
10x_human_ovarian_cancer_ffpe_visium,10x_human_ovarian_cancer_ffpe_visium,10x Visium | 10x Visium,4827,5567,background
10x_human_ovarian_cancer_ffpe_visium,10x_human_ovarian_cancer_ffpe_visium,10x Visium | 10x Visium,4899,5693,background
10x_human_ovarian_cancer_ffpe_visium,10x_human_ovarian_cancer_ffpe_visium,10x Visium | 10x Visium,4971,5567,background
10x_human_ovarian_cancer_ffpe_visium,10x_human_ovarian_cancer_ffpe_visium,10x Visium | 10x Visium,5043,5693,background
10x_human_ovarian_cancer_ffpe_visium,10x_human_ovarian_cancer_ffpe_visium,10x Visium | 10x Visium,5115,5568,background
10x_human_ovarian_cancer_ffpe_visium,10x_human_ovarian_cancer_ffpe_visium,10x Visium | 10x Visium,5187,5693,background
10x_human_ovarian_cancer_ffpe_visium,10x_human_ovarian_cancer_ffpe_visium,10x Visium | 10x Visium,5260,5568,background
10x_human_ovarian_cancer_ffpe_visium,10x_human_ovarian_cancer_ffpe_visium,10x Visium | 10x Visium,5332,5694,background
10x_human_ovarian_cancer_ffpe_visium,10x_human_ovarian_cancer_ffpe_visium,10x Visium | 10x Visium,5404,5568,background
10x_human_ovarian_cancer_ffpe_visium,10x_human_ovarian_cancer_ffpe_visium,10x Visium | 10x Visium,5476,5694,background
10x_human_ovarian_cancer_ffpe_visium,10x_human_ovarian_cancer_ffpe_visium,10x Visium | 10x Visium,5548,5568,background
10x_human_ovarian_cancer_ffpe_visium,10x_human_ovarian_cancer_ffpe_visium,10x Visium | 10x Visium,5620,5694,background
10x_human_ovarian_cancer_ffpe_visium,10x_human_ovarian_cancer_ffpe_visium,10x Visium | 10x Visium,5693,5569,background
10x_human_ovarian_cancer_ffpe_visium,10x_human_ovarian_cancer_ffpe_visium,10x Visium | 10x Visium,5765,5694,background
10x_human_ovarian_cancer_ffpe_visium,10x_human_ovarian_cancer_ffpe_visium,10x Visium | 10x Visium,5837,5569,background
10x_human_ovarian_cancer_ffpe_visium,10x_human_ovarian_cancer_ffpe_visium,10x Visium | 10x Visium,5909,5694,background
10x_human_ovarian_cancer_ffpe_visium,10x_human_ovarian_cancer_ffpe_visium,10x Visium | 10x Visium,5982,5569,background
10x_human_ovarian_cancer_ffpe_visium,10x_human_ovarian_cancer_ffpe_visium,10x Visium | 10x Visium,6054,5695,background
10x_human_ovarian_cancer_ffpe_visium,10x_human_ovarian_cancer_ffpe_visium,10x Visium | 10x Visium,6126,5569,background
10x_human_ovarian_cancer_ffpe_visium,10x_human_ovarian_cancer_ffpe_visium,10x Visium | 10x Visium,6198,5695,background
10x_human_ovarian_cancer_ffpe_visium,10x_human_ovarian_cancer_ffpe_visium,10x Visium | 10x Visium,6270,5569,background
10x_human_ovarian_cancer_ffpe_visium,10x_human_ovarian_cancer_ffpe_visium,10x Visium | 10x Visium,6342,5695,background
10x_human_ovarian_cancer_ffpe_visium,10x_human_ovarian_cancer_ffpe_visium,10x Visium | 10x Visium,6415,5570,background
10x_human_ovarian_cancer_ffpe_visium,10x_human_ovarian_cancer_ffpe_visium,10x Visium | 10x Visium,6487,5695,background
10x_human_ovarian_cancer_ffpe_visium,10x_human_ovarian_cancer_ffpe_visium,10x Visium | 10x Visium,6559,5570,background
10x_human_ovarian_cancer_ffpe_visium,10x_human_ovarian_cancer_ffpe_visium,10x Visium | 10x Visium,6631,5696,background
10x_human_ovarian_cancer_ffpe_visium,10x_human_ovarian_cancer_ffpe_visium,10x Visium | 10x Visium,6704,5570,background
10x_human_ovarian_cancer_ffpe_visium,10x_human_ovarian_cancer_ffpe_visium,10x Visium | 10x Visium,6775,5696,background
10x_human_ovarian_cancer_ffpe_visium,10x_human_ovarian_cancer_ffpe_visium,10x Visium | 10x Visium,6848,5570,background
10x_human_ovarian_cancer_ffpe_visium,10x_human_ovarian_cancer_ffpe_visium,10x Visium | 10x Visium,6920,5696,background
10x_human_ovarian_cancer_ffpe_visium,10x_human_ovarian_cancer_ffpe_visium,10x Visium | 10x Visium,6992,5571,background
10x_human_ovarian_cancer_ffpe_visium,10x_human_ovarian_cancer_ffpe_visium,10x Visium | 10x Visium,7064,5696,background
10x_human_ovarian_cancer_ffpe_visium,10x_human_ovarian_cancer_ffpe_visium,10x Visium | 10x Visium,7137,5571,background
10x_human_ovarian_cancer_ffpe_visium,10x_human_ovarian_cancer_ffpe_visium,10x Visium | 10x Visium,7209,5697,background
10x_human_ovarian_cancer_ffpe_visium,10x_human_ovarian_cancer_ffpe_visium,10x Visium | 10x Visium,7281,5571,background
10x_human_ovarian_cancer_ffpe_visium,10x_human_ovarian_cancer_ffpe_visium,10x Visium | 10x Visium,7353,5697,background
10x_human_ovarian_cancer_ffpe_visium,10x_human_ovarian_cancer_ffpe_visium,10x Visium | 10x Visium,7425,5571,background
10x_human_ovarian_cancer_ffpe_visium,10x_human_ovarian_cancer_ffpe_visium,10x Visium | 10x Visium,7497,5697,background
10x_human_ovarian_cancer_ffpe_visium,10x_human_ovarian_cancer_ffpe_visium,10x Visium | 10x Visium,7570,5572,background
10x_human_ovarian_cancer_ffpe_visium,10x_human_ovarian_cancer_ffpe_visium,10x Visium | 10x Visium,7642,5697,background
10x_human_ovarian_cancer_ffpe_visium,10x_human_ovarian_cancer_ffpe_visium,10x Visium | 10x Visium,7714,5572,background
10x_human_ovarian_cancer_ffpe_visium,10x_human_ovarian_cancer_ffpe_visium,10x Visium | 10x Visium,7786,5697,background
10x_human_ovarian_cancer_ffpe_visium,10x_human_ovarian_cancer_ffpe_visium,10x Visium | 10x Visium,7859,5572,background
10x_human_ovarian_cancer_ffpe_visium,10x_human_ovarian_cancer_ffpe_visium,10x Visium | 10x Visium,7931,5698,background
10x_human_ovarian_cancer_ffpe_visium,10x_human_ovarian_cancer_ffpe_visium,10x Visium | 10x Visium,8003,5572,background
10x_human_ovarian_cancer_ffpe_visium,10x_human_ovarian_cancer_ffpe_visium,10x Visium | 10x Visium,8075,5698,background
10x_human_ovarian_cancer_ffpe_visium,10x_human_ovarian_cancer_ffpe_visium,10x Visium | 10x Visium,8147,5572,background
10x_human_ovarian_cancer_ffpe_visium,10x_human_ovarian_cancer_ffpe_visium,10x Visium | 10x Visium,8219,5698,background
10x_human_ovarian_cancer_ffpe_visium,10x_human_ovarian_cancer_ffpe_visium,10x Visium | 10x Visium,8292,5573,background
10x_human_ovarian_cancer_ffpe_visium,10x_human_ovarian_cancer_ffpe_visium,10x Visium | 10x Visium,8364,5698,background
10x_human_ovarian_cancer_ffpe_visium,10x_human_ovarian_cancer_ffpe_visium,10x Visium | 10x Visium,8436,5573,background
10x_human_ovarian_cancer_ffpe_visium,10x_human_ovarian_cancer_ffpe_visium,10x Visium | 10x Visium,8508,5699,background
10x_human_ovarian_cancer_ffpe_visium,10x_human_ovarian_cancer_ffpe_visium,10x Visium | 10x Visium,8580,5573,background
10x_human_ovarian_cancer_ffpe_visium,10x_human_ovarian_cancer_ffpe_visium,10x Visium | 10x Visium,8652,5699,background
10x_human_ovarian_cancer_ffpe_visium,10x_human_ovarian_cancer_ffpe_visium,10x Visium | 10x Visium,8725,5573,background
10x_human_ovarian_cancer_ffpe_visium,10x_human_ovarian_cancer_ffpe_visium,10x Visium | 10x Visium,8797,5699,background
10x_human_ovarian_cancer_ffpe_visium,10x_human_ovarian_cancer_ffpe_visium,10x Visium | 10x Visium,8869,5574,background
10x_human_ovarian_cancer_ffpe_visium,10x_human_ovarian_cancer_ffpe_visium,10x Visium | 10x Visium,8941,5699,background
10x_human_ovarian_cancer_ffpe_visium,10x_human_ovarian_cancer_ffpe_visium,10x Visium | 10x Visium,9014,5574,background
10x_human_ovarian_cancer_ffpe_visium,10x_human_ovarian_cancer_ffpe_visium,10x Visium | 10x Visium,9086,5700,background
10x_human_ovarian_cancer_ffpe_visium,10x_human_ovarian_cancer_ffpe_visium,10x Visium | 10x Visium,9158,5574,background
10x_human_ovarian_cancer_ffpe_visium,10x_human_ovarian_cancer_ffpe_visium,10x Visium | 10x Visium,9230,5700,background
10x_human_ovarian_cancer_ffpe_visium,10x_human_ovarian_cancer_ffpe_visium,10x Visium | 10x Visium,9302,5574,background
10x_human_ovarian_cancer_ffpe_visium,10x_human_ovarian_cancer_ffpe_visium,10x Visium | 10x Visium,9374,5700,background
10x_human_ovarian_cancer_ffpe_visium,10x_human_ovarian_cancer_ffpe_visium,10x Visium | 10x Visium,9447,5574,background
10x_human_ovarian_cancer_ffpe_visium,10x_human_ovarian_cancer_ffpe_visium,10x Visium | 10x Visium,9519,5700,background
10x_human_ovarian_cancer_ffpe_visium,10x_human_ovarian_cancer_ffpe_visium,10x Visium | 10x Visium,9591,5575,background
10x_human_ovarian_cancer_ffpe_visium,10x_human_ovarian_cancer_ffpe_visium,10x Visium | 10x Visium,9663,5700,background
10x_human_ovarian_cancer_ffpe_visium,10x_human_ovarian_cancer_ffpe_visium,10x Visium | 10x Visium,9735,5575,background
10x_human_ovarian_cancer_ffpe_visium,10x_human_ovarian_cancer_ffpe_visium,10x Visium | 10x Visium,9807,5701,background
10x_human_ovarian_cancer_ffpe_visium,10x_human_ovarian_cancer_ffpe_visium,10x Visium | 10x Visium,9880,5575,background
10x_human_ovarian_cancer_ffpe_visium,10x_human_ovarian_cancer_ffpe_visium,10x Visium | 10x Visium,9952,5701,background
10x_human_ovarian_cancer_ffpe_visium,10x_human_ovarian_cancer_ffpe_visium,10x Visium | 10x Visium,10024,5575,background
10x_human_ovarian_cancer_ffpe_visium,10x_human_ovarian_cancer_ffpe_visium,10x Visium | 10x Visium,10096,5701,background
10x_human_ovarian_cancer_ffpe_visium,10x_human_ovarian_cancer_ffpe_visium,10x Visium | 10x Visium,10169,5576,background
10x_human_ovarian_cancer_ffpe_visium,10x_human_ovarian_cancer_ffpe_visium,10x Visium | 10x Visium,10241,5701,background
10x_human_ovarian_cancer_ffpe_visium,10x_human_ovarian_cancer_ffpe_visium,10x Visium | 10x Visium,10313,5576,background
10x_human_ovarian_cancer_ffpe_visium,10x_human_ovarian_cancer_ffpe_visium,10x Visium | 10x Visium,10385,5702,background
10x_human_ovarian_cancer_ffpe_visium,10x_human_ovarian_cancer_ffpe_visium,10x Visium | 10x Visium,10457,5576,background
10x_human_ovarian_cancer_ffpe_visium,10x_human_ovarian_cancer_ffpe_visium,10x Visium | 10x Visium,10529,5702,background
10x_human_ovarian_cancer_ffpe_visium,10x_human_ovarian_cancer_ffpe_visium,10x Visium | 10x Visium,10602,5576,background
10x_human_ovarian_cancer_ffpe_visium,10x_human_ovarian_cancer_ffpe_visium,10x Visium | 10x Visium,10674,5702,background
10x_human_ovarian_cancer_ffpe_visium,10x_human_ovarian_cancer_ffpe_visium,10x Visium | 10x Visium,10746,5577,background
10x_human_ovarian_cancer_ffpe_visium,10x_human_ovarian_cancer_ffpe_visium,10x Visium | 10x Visium,10818,5702,background
10x_human_ovarian_cancer_ffpe_visium,10x_human_ovarian_cancer_ffpe_visium,10x Visium | 10x Visium,2516,5815,background
10x_human_ovarian_cancer_ffpe_visium,10x_human_ovarian_cancer_ffpe_visium,10x Visium | 10x Visium,2588,5940,background
10x_human_ovarian_cancer_ffpe_visium,10x_human_ovarian_cancer_ffpe_visium,10x Visium | 10x Visium,2660,5815,background
10x_human_ovarian_cancer_ffpe_visium,10x_human_ovarian_cancer_ffpe_visium,10x Visium | 10x Visium,2732,5941,background
10x_human_ovarian_cancer_ffpe_visium,10x_human_ovarian_cancer_ffpe_visium,10x Visium | 10x Visium,2805,5815,background
10x_human_ovarian_cancer_ffpe_visium,10x_human_ovarian_cancer_ffpe_visium,10x Visium | 10x Visium,2877,5941,background
10x_human_ovarian_cancer_ffpe_visium,10x_human_ovarian_cancer_ffpe_visium,10x Visium | 10x Visium,2949,5815,background
10x_human_ovarian_cancer_ffpe_visium,10x_human_ovarian_cancer_ffpe_visium,10x Visium | 10x Visium,3021,5941,background
10x_human_ovarian_cancer_ffpe_visium,10x_human_ovarian_cancer_ffpe_visium,10x Visium | 10x Visium,3094,5816,background
10x_human_ovarian_cancer_ffpe_visium,10x_human_ovarian_cancer_ffpe_visium,10x Visium | 10x Visium,3166,5941,background
10x_human_ovarian_cancer_ffpe_visium,10x_human_ovarian_cancer_ffpe_visium,10x Visium | 10x Visium,3238,5816,background
10x_human_ovarian_cancer_ffpe_visium,10x_human_ovarian_cancer_ffpe_visium,10x Visium | 10x Visium,3310,5942,background
10x_human_ovarian_cancer_ffpe_visium,10x_human_ovarian_cancer_ffpe_visium,10x Visium | 10x Visium,3382,5816,background
10x_human_ovarian_cancer_ffpe_visium,10x_human_ovarian_cancer_ffpe_visium,10x Visium | 10x Visium,3454,5942,background
10x_human_ovarian_cancer_ffpe_visium,10x_human_ovarian_cancer_ffpe_visium,10x Visium | 10x Visium,3527,5816,background
10x_human_ovarian_cancer_ffpe_visium,10x_human_ovarian_cancer_ffpe_visium,10x Visium | 10x Visium,3599,5942,background
10x_human_ovarian_cancer_ffpe_visium,10x_human_ovarian_cancer_ffpe_visium,10x Visium | 10x Visium,3671,5817,background
10x_human_ovarian_cancer_ffpe_visium,10x_human_ovarian_cancer_ffpe_visium,10x Visium | 10x Visium,3743,5942,background
10x_human_ovarian_cancer_ffpe_visium,10x_human_ovarian_cancer_ffpe_visium,10x Visium | 10x Visium,3816,5817,background
10x_human_ovarian_cancer_ffpe_visium,10x_human_ovarian_cancer_ffpe_visium,10x Visium | 10x Visium,3888,5943,background
10x_human_ovarian_cancer_ffpe_visium,10x_human_ovarian_cancer_ffpe_visium,10x Visium | 10x Visium,3960,5817,background
10x_human_ovarian_cancer_ffpe_visium,10x_human_ovarian_cancer_ffpe_visium,10x Visium | 10x Visium,4032,5943,background
10x_human_ovarian_cancer_ffpe_visium,10x_human_ovarian_cancer_ffpe_visium,10x Visium | 10x Visium,4104,5817,background
10x_human_ovarian_cancer_ffpe_visium,10x_human_ovarian_cancer_ffpe_visium,10x Visium | 10x Visium,4176,5943,background
10x_human_ovarian_cancer_ffpe_visium,10x_human_ovarian_cancer_ffpe_visium,10x Visium | 10x Visium,4249,5817,background
10x_human_ovarian_cancer_ffpe_visium,10x_human_ovarian_cancer_ffpe_visium,10x Visium | 10x Visium,4321,5943,background
10x_human_ovarian_cancer_ffpe_visium,10x_human_ovarian_cancer_ffpe_visium,10x Visium | 10x Visium,4393,5818,background
10x_human_ovarian_cancer_ffpe_visium,10x_human_ovarian_cancer_ffpe_visium,10x Visium | 10x Visium,4465,5943,background
10x_human_ovarian_cancer_ffpe_visium,10x_human_ovarian_cancer_ffpe_visium,10x Visium | 10x Visium,4537,5818,background
10x_human_ovarian_cancer_ffpe_visium,10x_human_ovarian_cancer_ffpe_visium,10x Visium | 10x Visium,4609,5944,background
10x_human_ovarian_cancer_ffpe_visium,10x_human_ovarian_cancer_ffpe_visium,10x Visium | 10x Visium,4682,5818,background
10x_human_ovarian_cancer_ffpe_visium,10x_human_ovarian_cancer_ffpe_visium,10x Visium | 10x Visium,4754,5944,background
10x_human_ovarian_cancer_ffpe_visium,10x_human_ovarian_cancer_ffpe_visium,10x Visium | 10x Visium,4826,5818,background
10x_human_ovarian_cancer_ffpe_visium,10x_human_ovarian_cancer_ffpe_visium,10x Visium | 10x Visium,4898,5944,background
10x_human_ovarian_cancer_ffpe_visium,10x_human_ovarian_cancer_ffpe_visium,10x Visium | 10x Visium,4971,5819,background
10x_human_ovarian_cancer_ffpe_visium,10x_human_ovarian_cancer_ffpe_visium,10x Visium | 10x Visium,5043,5944,background
10x_human_ovarian_cancer_ffpe_visium,10x_human_ovarian_cancer_ffpe_visium,10x Visium | 10x Visium,5115,5819,background
10x_human_ovarian_cancer_ffpe_visium,10x_human_ovarian_cancer_ffpe_visium,10x Visium | 10x Visium,5187,5945,background
10x_human_ovarian_cancer_ffpe_visium,10x_human_ovarian_cancer_ffpe_visium,10x Visium | 10x Visium,5259,5819,background
10x_human_ovarian_cancer_ffpe_visium,10x_human_ovarian_cancer_ffpe_visium,10x Visium | 10x Visium,5331,5945,background
10x_human_ovarian_cancer_ffpe_visium,10x_human_ovarian_cancer_ffpe_visium,10x Visium | 10x Visium,5404,5819,background
10x_human_ovarian_cancer_ffpe_visium,10x_human_ovarian_cancer_ffpe_visium,10x Visium | 10x Visium,5476,5945,background
10x_human_ovarian_cancer_ffpe_visium,10x_human_ovarian_cancer_ffpe_visium,10x Visium | 10x Visium,5548,5820,background
10x_human_ovarian_cancer_ffpe_visium,10x_human_ovarian_cancer_ffpe_visium,10x Visium | 10x Visium,5620,5945,background
10x_human_ovarian_cancer_ffpe_visium,10x_human_ovarian_cancer_ffpe_visium,10x Visium | 10x Visium,5692,5820,background
10x_human_ovarian_cancer_ffpe_visium,10x_human_ovarian_cancer_ffpe_visium,10x Visium | 10x Visium,5764,5945,background
10x_human_ovarian_cancer_ffpe_visium,10x_human_ovarian_cancer_ffpe_visium,10x Visium | 10x Visium,5837,5820,background
10x_human_ovarian_cancer_ffpe_visium,10x_human_ovarian_cancer_ffpe_visium,10x Visium | 10x Visium,5909,5946,background
10x_human_ovarian_cancer_ffpe_visium,10x_human_ovarian_cancer_ffpe_visium,10x Visium | 10x Visium,5981,5820,background
10x_human_ovarian_cancer_ffpe_visium,10x_human_ovarian_cancer_ffpe_visium,10x Visium | 10x Visium,6053,5946,background
10x_human_ovarian_cancer_ffpe_visium,10x_human_ovarian_cancer_ffpe_visium,10x Visium | 10x Visium,6126,5820,background
10x_human_ovarian_cancer_ffpe_visium,10x_human_ovarian_cancer_ffpe_visium,10x Visium | 10x Visium,6198,5946,background
10x_human_ovarian_cancer_ffpe_visium,10x_human_ovarian_cancer_ffpe_visium,10x Visium | 10x Visium,6270,5821,background
10x_human_ovarian_cancer_ffpe_visium,10x_human_ovarian_cancer_ffpe_visium,10x Visium | 10x Visium,6342,5946,background
10x_human_ovarian_cancer_ffpe_visium,10x_human_ovarian_cancer_ffpe_visium,10x Visium | 10x Visium,6414,5821,background
10x_human_ovarian_cancer_ffpe_visium,10x_human_ovarian_cancer_ffpe_visium,10x Visium | 10x Visium,6486,5947,background
10x_human_ovarian_cancer_ffpe_visium,10x_human_ovarian_cancer_ffpe_visium,10x Visium | 10x Visium,6559,5821,background
10x_human_ovarian_cancer_ffpe_visium,10x_human_ovarian_cancer_ffpe_visium,10x Visium | 10x Visium,6631,5947,background
10x_human_ovarian_cancer_ffpe_visium,10x_human_ovarian_cancer_ffpe_visium,10x Visium | 10x Visium,6703,5821,background
10x_human_ovarian_cancer_ffpe_visium,10x_human_ovarian_cancer_ffpe_visium,10x Visium | 10x Visium,6775,5947,background
10x_human_ovarian_cancer_ffpe_visium,10x_human_ovarian_cancer_ffpe_visium,10x Visium | 10x Visium,6847,5822,background
10x_human_ovarian_cancer_ffpe_visium,10x_human_ovarian_cancer_ffpe_visium,10x Visium | 10x Visium,6919,5947,background
10x_human_ovarian_cancer_ffpe_visium,10x_human_ovarian_cancer_ffpe_visium,10x Visium | 10x Visium,6992,5822,background
10x_human_ovarian_cancer_ffpe_visium,10x_human_ovarian_cancer_ffpe_visium,10x Visium | 10x Visium,7064,5948,background
10x_human_ovarian_cancer_ffpe_visium,10x_human_ovarian_cancer_ffpe_visium,10x Visium | 10x Visium,7136,5822,background
10x_human_ovarian_cancer_ffpe_visium,10x_human_ovarian_cancer_ffpe_visium,10x Visium | 10x Visium,7208,5948,background
10x_human_ovarian_cancer_ffpe_visium,10x_human_ovarian_cancer_ffpe_visium,10x Visium | 10x Visium,7281,5822,background
10x_human_ovarian_cancer_ffpe_visium,10x_human_ovarian_cancer_ffpe_visium,10x Visium | 10x Visium,7353,5948,background
10x_human_ovarian_cancer_ffpe_visium,10x_human_ovarian_cancer_ffpe_visium,10x Visium | 10x Visium,7425,5822,background
10x_human_ovarian_cancer_ffpe_visium,10x_human_ovarian_cancer_ffpe_visium,10x Visium | 10x Visium,7497,5948,background
10x_human_ovarian_cancer_ffpe_visium,10x_human_ovarian_cancer_ffpe_visium,10x Visium | 10x Visium,7569,5823,background
10x_human_ovarian_cancer_ffpe_visium,10x_human_ovarian_cancer_ffpe_visium,10x Visium | 10x Visium,7641,5948,background
10x_human_ovarian_cancer_ffpe_visium,10x_human_ovarian_cancer_ffpe_visium,10x Visium | 10x Visium,7714,5823,background
10x_human_ovarian_cancer_ffpe_visium,10x_human_ovarian_cancer_ffpe_visium,10x Visium | 10x Visium,7786,5949,background
10x_human_ovarian_cancer_ffpe_visium,10x_human_ovarian_cancer_ffpe_visium,10x Visium | 10x Visium,7858,5823,background
10x_human_ovarian_cancer_ffpe_visium,10x_human_ovarian_cancer_ffpe_visium,10x Visium | 10x Visium,7930,5949,background
10x_human_ovarian_cancer_ffpe_visium,10x_human_ovarian_cancer_ffpe_visium,10x Visium | 10x Visium,8003,5823,background
10x_human_ovarian_cancer_ffpe_visium,10x_human_ovarian_cancer_ffpe_visium,10x Visium | 10x Visium,8075,5949,background
10x_human_ovarian_cancer_ffpe_visium,10x_human_ovarian_cancer_ffpe_visium,10x Visium | 10x Visium,8147,5824,background
10x_human_ovarian_cancer_ffpe_visium,10x_human_ovarian_cancer_ffpe_visium,10x Visium | 10x Visium,8219,5949,background
10x_human_ovarian_cancer_ffpe_visium,10x_human_ovarian_cancer_ffpe_visium,10x Visium | 10x Visium,8291,5824,background
10x_human_ovarian_cancer_ffpe_visium,10x_human_ovarian_cancer_ffpe_visium,10x Visium | 10x Visium,8363,5950,background
10x_human_ovarian_cancer_ffpe_visium,10x_human_ovarian_cancer_ffpe_visium,10x Visium | 10x Visium,8436,5824,background
10x_human_ovarian_cancer_ffpe_visium,10x_human_ovarian_cancer_ffpe_visium,10x Visium | 10x Visium,8508,5950,background
10x_human_ovarian_cancer_ffpe_visium,10x_human_ovarian_cancer_ffpe_visium,10x Visium | 10x Visium,8580,5824,background
10x_human_ovarian_cancer_ffpe_visium,10x_human_ovarian_cancer_ffpe_visium,10x Visium | 10x Visium,8652,5950,background
10x_human_ovarian_cancer_ffpe_visium,10x_human_ovarian_cancer_ffpe_visium,10x Visium | 10x Visium,8724,5825,background
10x_human_ovarian_cancer_ffpe_visium,10x_human_ovarian_cancer_ffpe_visium,10x Visium | 10x Visium,8796,5950,background
10x_human_ovarian_cancer_ffpe_visium,10x_human_ovarian_cancer_ffpe_visium,10x Visium | 10x Visium,8869,5825,background
10x_human_ovarian_cancer_ffpe_visium,10x_human_ovarian_cancer_ffpe_visium,10x Visium | 10x Visium,8941,5951,background
10x_human_ovarian_cancer_ffpe_visium,10x_human_ovarian_cancer_ffpe_visium,10x Visium | 10x Visium,9013,5825,background
10x_human_ovarian_cancer_ffpe_visium,10x_human_ovarian_cancer_ffpe_visium,10x Visium | 10x Visium,9085,5951,background
10x_human_ovarian_cancer_ffpe_visium,10x_human_ovarian_cancer_ffpe_visium,10x Visium | 10x Visium,9158,5825,background
10x_human_ovarian_cancer_ffpe_visium,10x_human_ovarian_cancer_ffpe_visium,10x Visium | 10x Visium,9230,5951,background
10x_human_ovarian_cancer_ffpe_visium,10x_human_ovarian_cancer_ffpe_visium,10x Visium | 10x Visium,9302,5825,background
10x_human_ovarian_cancer_ffpe_visium,10x_human_ovarian_cancer_ffpe_visium,10x Visium | 10x Visium,9374,5951,background
10x_human_ovarian_cancer_ffpe_visium,10x_human_ovarian_cancer_ffpe_visium,10x Visium | 10x Visium,9446,5826,background
10x_human_ovarian_cancer_ffpe_visium,10x_human_ovarian_cancer_ffpe_visium,10x Visium | 10x Visium,9518,5951,background
10x_human_ovarian_cancer_ffpe_visium,10x_human_ovarian_cancer_ffpe_visium,10x Visium | 10x Visium,9591,5826,background
10x_human_ovarian_cancer_ffpe_visium,10x_human_ovarian_cancer_ffpe_visium,10x Visium | 10x Visium,9663,5952,background
10x_human_ovarian_cancer_ffpe_visium,10x_human_ovarian_cancer_ffpe_visium,10x Visium | 10x Visium,9735,5826,background
10x_human_ovarian_cancer_ffpe_visium,10x_human_ovarian_cancer_ffpe_visium,10x Visium | 10x Visium,9807,5952,background
10x_human_ovarian_cancer_ffpe_visium,10x_human_ovarian_cancer_ffpe_visium,10x Visium | 10x Visium,9879,5826,background
10x_human_ovarian_cancer_ffpe_visium,10x_human_ovarian_cancer_ffpe_visium,10x Visium | 10x Visium,9951,5952,background
10x_human_ovarian_cancer_ffpe_visium,10x_human_ovarian_cancer_ffpe_visium,10x Visium | 10x Visium,10024,5827,background
10x_human_ovarian_cancer_ffpe_visium,10x_human_ovarian_cancer_ffpe_visium,10x Visium | 10x Visium,10096,5952,background
10x_human_ovarian_cancer_ffpe_visium,10x_human_ovarian_cancer_ffpe_visium,10x Visium | 10x Visium,10168,5827,background
10x_human_ovarian_cancer_ffpe_visium,10x_human_ovarian_cancer_ffpe_visium,10x Visium | 10x Visium,10240,5953,background
10x_human_ovarian_cancer_ffpe_visium,10x_human_ovarian_cancer_ffpe_visium,10x Visium | 10x Visium,10313,5827,background
10x_human_ovarian_cancer_ffpe_visium,10x_human_ovarian_cancer_ffpe_visium,10x Visium | 10x Visium,10385,5953,background
10x_human_ovarian_cancer_ffpe_visium,10x_human_ovarian_cancer_ffpe_visium,10x Visium | 10x Visium,10457,5827,background
10x_human_ovarian_cancer_ffpe_visium,10x_human_ovarian_cancer_ffpe_visium,10x Visium | 10x Visium,10529,5953,background
10x_human_ovarian_cancer_ffpe_visium,10x_human_ovarian_cancer_ffpe_visium,10x Visium | 10x Visium,10601,5828,background
10x_human_ovarian_cancer_ffpe_visium,10x_human_ovarian_cancer_ffpe_visium,10x Visium | 10x Visium,10673,5953,background
10x_human_ovarian_cancer_ffpe_visium,10x_human_ovarian_cancer_ffpe_visium,10x Visium | 10x Visium,10746,5828,background
10x_human_ovarian_cancer_ffpe_visium,10x_human_ovarian_cancer_ffpe_visium,10x Visium | 10x Visium,10818,5953,background
10x_human_ovarian_cancer_ffpe_visium,10x_human_ovarian_cancer_ffpe_visium,10x Visium | 10x Visium,10890,5828,background
10x_human_ovarian_cancer_ffpe_visium,10x_human_ovarian_cancer_ffpe_visium,10x Visium | 10x Visium,2516,6066,background
10x_human_ovarian_cancer_ffpe_visium,10x_human_ovarian_cancer_ffpe_visium,10x Visium | 10x Visium,2588,6192,background
10x_human_ovarian_cancer_ffpe_visium,10x_human_ovarian_cancer_ffpe_visium,10x Visium | 10x Visium,2660,6066,background
10x_human_ovarian_cancer_ffpe_visium,10x_human_ovarian_cancer_ffpe_visium,10x Visium | 10x Visium,2732,6192,background
10x_human_ovarian_cancer_ffpe_visium,10x_human_ovarian_cancer_ffpe_visium,10x Visium | 10x Visium,2804,6066,background
10x_human_ovarian_cancer_ffpe_visium,10x_human_ovarian_cancer_ffpe_visium,10x Visium | 10x Visium,2876,6192,background
10x_human_ovarian_cancer_ffpe_visium,10x_human_ovarian_cancer_ffpe_visium,10x Visium | 10x Visium,2949,6067,background
10x_human_ovarian_cancer_ffpe_visium,10x_human_ovarian_cancer_ffpe_visium,10x Visium | 10x Visium,3021,6192,background
10x_human_ovarian_cancer_ffpe_visium,10x_human_ovarian_cancer_ffpe_visium,10x Visium | 10x Visium,3093,6067,background
10x_human_ovarian_cancer_ffpe_visium,10x_human_ovarian_cancer_ffpe_visium,10x Visium | 10x Visium,3165,6193,background
10x_human_ovarian_cancer_ffpe_visium,10x_human_ovarian_cancer_ffpe_visium,10x Visium | 10x Visium,3238,6067,background
10x_human_ovarian_cancer_ffpe_visium,10x_human_ovarian_cancer_ffpe_visium,10x Visium | 10x Visium,3310,6193,background
10x_human_ovarian_cancer_ffpe_visium,10x_human_ovarian_cancer_ffpe_visium,10x Visium | 10x Visium,3382,6067,background
10x_human_ovarian_cancer_ffpe_visium,10x_human_ovarian_cancer_ffpe_visium,10x Visium | 10x Visium,3454,6193,background
10x_human_ovarian_cancer_ffpe_visium,10x_human_ovarian_cancer_ffpe_visium,10x Visium | 10x Visium,3526,6068,background
10x_human_ovarian_cancer_ffpe_visium,10x_human_ovarian_cancer_ffpe_visium,10x Visium | 10x Visium,3598,6193,background
10x_human_ovarian_cancer_ffpe_visium,10x_human_ovarian_cancer_ffpe_visium,10x Visium | 10x Visium,3671,6068,background
10x_human_ovarian_cancer_ffpe_visium,10x_human_ovarian_cancer_ffpe_visium,10x Visium | 10x Visium,3743,6194,background
10x_human_ovarian_cancer_ffpe_visium,10x_human_ovarian_cancer_ffpe_visium,10x Visium | 10x Visium,3815,6068,background
10x_human_ovarian_cancer_ffpe_visium,10x_human_ovarian_cancer_ffpe_visium,10x Visium | 10x Visium,3887,6194,background
10x_human_ovarian_cancer_ffpe_visium,10x_human_ovarian_cancer_ffpe_visium,10x Visium | 10x Visium,3959,6068,background
10x_human_ovarian_cancer_ffpe_visium,10x_human_ovarian_cancer_ffpe_visium,10x Visium | 10x Visium,4031,6194,background
10x_human_ovarian_cancer_ffpe_visium,10x_human_ovarian_cancer_ffpe_visium,10x Visium | 10x Visium,4104,6068,background
10x_human_ovarian_cancer_ffpe_visium,10x_human_ovarian_cancer_ffpe_visium,10x Visium | 10x Visium,4176,6194,background
10x_human_ovarian_cancer_ffpe_visium,10x_human_ovarian_cancer_ffpe_visium,10x Visium | 10x Visium,4248,6069,background
10x_human_ovarian_cancer_ffpe_visium,10x_human_ovarian_cancer_ffpe_visium,10x Visium | 10x Visium,4320,6194,background
10x_human_ovarian_cancer_ffpe_visium,10x_human_ovarian_cancer_ffpe_visium,10x Visium | 10x Visium,4393,6069,background
10x_human_ovarian_cancer_ffpe_visium,10x_human_ovarian_cancer_ffpe_visium,10x Visium | 10x Visium,4465,6195,background
10x_human_ovarian_cancer_ffpe_visium,10x_human_ovarian_cancer_ffpe_visium,10x Visium | 10x Visium,4537,6069,background
10x_human_ovarian_cancer_ffpe_visium,10x_human_ovarian_cancer_ffpe_visium,10x Visium | 10x Visium,4609,6195,background
10x_human_ovarian_cancer_ffpe_visium,10x_human_ovarian_cancer_ffpe_visium,10x Visium | 10x Visium,4681,6069,background
10x_human_ovarian_cancer_ffpe_visium,10x_human_ovarian_cancer_ffpe_visium,10x Visium | 10x Visium,4753,6195,background
10x_human_ovarian_cancer_ffpe_visium,10x_human_ovarian_cancer_ffpe_visium,10x Visium | 10x Visium,4826,6070,background
10x_human_ovarian_cancer_ffpe_visium,10x_human_ovarian_cancer_ffpe_visium,10x Visium | 10x Visium,4898,6195,background
10x_human_ovarian_cancer_ffpe_visium,10x_human_ovarian_cancer_ffpe_visium,10x Visium | 10x Visium,4970,6070,background
10x_human_ovarian_cancer_ffpe_visium,10x_human_ovarian_cancer_ffpe_visium,10x Visium | 10x Visium,5042,6196,background
10x_human_ovarian_cancer_ffpe_visium,10x_human_ovarian_cancer_ffpe_visium,10x Visium | 10x Visium,5115,6070,background
10x_human_ovarian_cancer_ffpe_visium,10x_human_ovarian_cancer_ffpe_visium,10x Visium | 10x Visium,5187,6196,background
10x_human_ovarian_cancer_ffpe_visium,10x_human_ovarian_cancer_ffpe_visium,10x Visium | 10x Visium,5259,6070,background
10x_human_ovarian_cancer_ffpe_visium,10x_human_ovarian_cancer_ffpe_visium,10x Visium | 10x Visium,5331,6196,background
10x_human_ovarian_cancer_ffpe_visium,10x_human_ovarian_cancer_ffpe_visium,10x Visium | 10x Visium,5403,6071,background
10x_human_ovarian_cancer_ffpe_visium,10x_human_ovarian_cancer_ffpe_visium,10x Visium | 10x Visium,5475,6196,background
10x_human_ovarian_cancer_ffpe_visium,10x_human_ovarian_cancer_ffpe_visium,10x Visium | 10x Visium,5548,6071,background
10x_human_ovarian_cancer_ffpe_visium,10x_human_ovarian_cancer_ffpe_visium,10x Visium | 10x Visium,5620,6196,background
10x_human_ovarian_cancer_ffpe_visium,10x_human_ovarian_cancer_ffpe_visium,10x Visium | 10x Visium,5692,6071,background
10x_human_ovarian_cancer_ffpe_visium,10x_human_ovarian_cancer_ffpe_visium,10x Visium | 10x Visium,5764,6197,background
10x_human_ovarian_cancer_ffpe_visium,10x_human_ovarian_cancer_ffpe_visium,10x Visium | 10x Visium,5836,6071,background
10x_human_ovarian_cancer_ffpe_visium,10x_human_ovarian_cancer_ffpe_visium,10x Visium | 10x Visium,5908,6197,background
10x_human_ovarian_cancer_ffpe_visium,10x_human_ovarian_cancer_ffpe_visium,10x Visium | 10x Visium,5981,6071,background
10x_human_ovarian_cancer_ffpe_visium,10x_human_ovarian_cancer_ffpe_visium,10x Visium | 10x Visium,6053,6197,background
10x_human_ovarian_cancer_ffpe_visium,10x_human_ovarian_cancer_ffpe_visium,10x Visium | 10x Visium,6125,6072,background
10x_human_ovarian_cancer_ffpe_visium,10x_human_ovarian_cancer_ffpe_visium,10x Visium | 10x Visium,6197,6197,background
10x_human_ovarian_cancer_ffpe_visium,10x_human_ovarian_cancer_ffpe_visium,10x Visium | 10x Visium,6270,6072,background
10x_human_ovarian_cancer_ffpe_visium,10x_human_ovarian_cancer_ffpe_visium,10x Visium | 10x Visium,6342,6198,background
10x_human_ovarian_cancer_ffpe_visium,10x_human_ovarian_cancer_ffpe_visium,10x Visium | 10x Visium,6414,6072,background
10x_human_ovarian_cancer_ffpe_visium,10x_human_ovarian_cancer_ffpe_visium,10x Visium | 10x Visium,6486,6198,background
10x_human_ovarian_cancer_ffpe_visium,10x_human_ovarian_cancer_ffpe_visium,10x Visium | 10x Visium,6558,6072,background
10x_human_ovarian_cancer_ffpe_visium,10x_human_ovarian_cancer_ffpe_visium,10x Visium | 10x Visium,6630,6198,background
10x_human_ovarian_cancer_ffpe_visium,10x_human_ovarian_cancer_ffpe_visium,10x Visium | 10x Visium,6703,6073,background
10x_human_ovarian_cancer_ffpe_visium,10x_human_ovarian_cancer_ffpe_visium,10x Visium | 10x Visium,6775,6198,background
10x_human_ovarian_cancer_ffpe_visium,10x_human_ovarian_cancer_ffpe_visium,10x Visium | 10x Visium,6847,6073,background
10x_human_ovarian_cancer_ffpe_visium,10x_human_ovarian_cancer_ffpe_visium,10x Visium | 10x Visium,6919,6199,background
10x_human_ovarian_cancer_ffpe_visium,10x_human_ovarian_cancer_ffpe_visium,10x Visium | 10x Visium,6991,6073,background
10x_human_ovarian_cancer_ffpe_visium,10x_human_ovarian_cancer_ffpe_visium,10x Visium | 10x Visium,7063,6199,background
10x_human_ovarian_cancer_ffpe_visium,10x_human_ovarian_cancer_ffpe_visium,10x Visium | 10x Visium,7136,6073,background
10x_human_ovarian_cancer_ffpe_visium,10x_human_ovarian_cancer_ffpe_visium,10x Visium | 10x Visium,7208,6199,background
10x_human_ovarian_cancer_ffpe_visium,10x_human_ovarian_cancer_ffpe_visium,10x Visium | 10x Visium,7280,6073,background
10x_human_ovarian_cancer_ffpe_visium,10x_human_ovarian_cancer_ffpe_visium,10x Visium | 10x Visium,7352,6199,background
10x_human_ovarian_cancer_ffpe_visium,10x_human_ovarian_cancer_ffpe_visium,10x Visium | 10x Visium,7425,6074,background
10x_human_ovarian_cancer_ffpe_visium,10x_human_ovarian_cancer_ffpe_visium,10x Visium | 10x Visium,7497,6199,background
10x_human_ovarian_cancer_ffpe_visium,10x_human_ovarian_cancer_ffpe_visium,10x Visium | 10x Visium,7569,6074,background
10x_human_ovarian_cancer_ffpe_visium,10x_human_ovarian_cancer_ffpe_visium,10x Visium | 10x Visium,7641,6200,background
10x_human_ovarian_cancer_ffpe_visium,10x_human_ovarian_cancer_ffpe_visium,10x Visium | 10x Visium,7713,6074,background
10x_human_ovarian_cancer_ffpe_visium,10x_human_ovarian_cancer_ffpe_visium,10x Visium | 10x Visium,7785,6200,background
10x_human_ovarian_cancer_ffpe_visium,10x_human_ovarian_cancer_ffpe_visium,10x Visium | 10x Visium,7858,6074,background
10x_human_ovarian_cancer_ffpe_visium,10x_human_ovarian_cancer_ffpe_visium,10x Visium | 10x Visium,7930,6200,background
10x_human_ovarian_cancer_ffpe_visium,10x_human_ovarian_cancer_ffpe_visium,10x Visium | 10x Visium,8002,6075,background
10x_human_ovarian_cancer_ffpe_visium,10x_human_ovarian_cancer_ffpe_visium,10x Visium | 10x Visium,8074,6200,background
10x_human_ovarian_cancer_ffpe_visium,10x_human_ovarian_cancer_ffpe_visium,10x Visium | 10x Visium,8147,6075,background
10x_human_ovarian_cancer_ffpe_visium,10x_human_ovarian_cancer_ffpe_visium,10x Visium | 10x Visium,8218,6201,background
10x_human_ovarian_cancer_ffpe_visium,10x_human_ovarian_cancer_ffpe_visium,10x Visium | 10x Visium,8291,6075,background
10x_human_ovarian_cancer_ffpe_visium,10x_human_ovarian_cancer_ffpe_visium,10x Visium | 10x Visium,8363,6201,background
10x_human_ovarian_cancer_ffpe_visium,10x_human_ovarian_cancer_ffpe_visium,10x Visium | 10x Visium,8435,6075,background
10x_human_ovarian_cancer_ffpe_visium,10x_human_ovarian_cancer_ffpe_visium,10x Visium | 10x Visium,8507,6201,background
10x_human_ovarian_cancer_ffpe_visium,10x_human_ovarian_cancer_ffpe_visium,10x Visium | 10x Visium,8580,6076,background
10x_human_ovarian_cancer_ffpe_visium,10x_human_ovarian_cancer_ffpe_visium,10x Visium | 10x Visium,8652,6201,background
10x_human_ovarian_cancer_ffpe_visium,10x_human_ovarian_cancer_ffpe_visium,10x Visium | 10x Visium,8724,6076,background
10x_human_ovarian_cancer_ffpe_visium,10x_human_ovarian_cancer_ffpe_visium,10x Visium | 10x Visium,8796,6201,background
10x_human_ovarian_cancer_ffpe_visium,10x_human_ovarian_cancer_ffpe_visium,10x Visium | 10x Visium,8868,6076,background
10x_human_ovarian_cancer_ffpe_visium,10x_human_ovarian_cancer_ffpe_visium,10x Visium | 10x Visium,8940,6202,background
10x_human_ovarian_cancer_ffpe_visium,10x_human_ovarian_cancer_ffpe_visium,10x Visium | 10x Visium,9013,6076,background
10x_human_ovarian_cancer_ffpe_visium,10x_human_ovarian_cancer_ffpe_visium,10x Visium | 10x Visium,9085,6202,background
10x_human_ovarian_cancer_ffpe_visium,10x_human_ovarian_cancer_ffpe_visium,10x Visium | 10x Visium,9157,6076,background
10x_human_ovarian_cancer_ffpe_visium,10x_human_ovarian_cancer_ffpe_visium,10x Visium | 10x Visium,9229,6202,background
10x_human_ovarian_cancer_ffpe_visium,10x_human_ovarian_cancer_ffpe_visium,10x Visium | 10x Visium,9302,6077,background
10x_human_ovarian_cancer_ffpe_visium,10x_human_ovarian_cancer_ffpe_visium,10x Visium | 10x Visium,9374,6202,background
10x_human_ovarian_cancer_ffpe_visium,10x_human_ovarian_cancer_ffpe_visium,10x Visium | 10x Visium,9446,6077,background
10x_human_ovarian_cancer_ffpe_visium,10x_human_ovarian_cancer_ffpe_visium,10x Visium | 10x Visium,9518,6203,background
10x_human_ovarian_cancer_ffpe_visium,10x_human_ovarian_cancer_ffpe_visium,10x Visium | 10x Visium,9590,6077,background
10x_human_ovarian_cancer_ffpe_visium,10x_human_ovarian_cancer_ffpe_visium,10x Visium | 10x Visium,9662,6203,background
10x_human_ovarian_cancer_ffpe_visium,10x_human_ovarian_cancer_ffpe_visium,10x Visium | 10x Visium,9735,6077,background
10x_human_ovarian_cancer_ffpe_visium,10x_human_ovarian_cancer_ffpe_visium,10x Visium | 10x Visium,9807,6203,background
10x_human_ovarian_cancer_ffpe_visium,10x_human_ovarian_cancer_ffpe_visium,10x Visium | 10x Visium,9879,6078,background
10x_human_ovarian_cancer_ffpe_visium,10x_human_ovarian_cancer_ffpe_visium,10x Visium | 10x Visium,9951,6203,background
10x_human_ovarian_cancer_ffpe_visium,10x_human_ovarian_cancer_ffpe_visium,10x Visium | 10x Visium,10023,6078,background
10x_human_ovarian_cancer_ffpe_visium,10x_human_ovarian_cancer_ffpe_visium,10x Visium | 10x Visium,10095,6204,background
10x_human_ovarian_cancer_ffpe_visium,10x_human_ovarian_cancer_ffpe_visium,10x Visium | 10x Visium,10168,6078,background
10x_human_ovarian_cancer_ffpe_visium,10x_human_ovarian_cancer_ffpe_visium,10x Visium | 10x Visium,10240,6204,background
10x_human_ovarian_cancer_ffpe_visium,10x_human_ovarian_cancer_ffpe_visium,10x Visium | 10x Visium,10312,6078,background
10x_human_ovarian_cancer_ffpe_visium,10x_human_ovarian_cancer_ffpe_visium,10x Visium | 10x Visium,10384,6204,background
10x_human_ovarian_cancer_ffpe_visium,10x_human_ovarian_cancer_ffpe_visium,10x Visium | 10x Visium,10457,6079,background
10x_human_ovarian_cancer_ffpe_visium,10x_human_ovarian_cancer_ffpe_visium,10x Visium | 10x Visium,10529,6204,background
10x_human_ovarian_cancer_ffpe_visium,10x_human_ovarian_cancer_ffpe_visium,10x Visium | 10x Visium,10601,6079,background
10x_human_ovarian_cancer_ffpe_visium,10x_human_ovarian_cancer_ffpe_visium,10x Visium | 10x Visium,10673,6204,background
10x_human_ovarian_cancer_ffpe_visium,10x_human_ovarian_cancer_ffpe_visium,10x Visium | 10x Visium,10745,6079,background
10x_human_ovarian_cancer_ffpe_visium,10x_human_ovarian_cancer_ffpe_visium,10x Visium | 10x Visium,10817,6205,background
10x_human_ovarian_cancer_ffpe_visium,10x_human_ovarian_cancer_ffpe_visium,10x Visium | 10x Visium,10890,6079,background
10x_human_ovarian_cancer_ffpe_visium,10x_human_ovarian_cancer_ffpe_visium,10x Visium | 10x Visium,2515,6317,background
10x_human_ovarian_cancer_ffpe_visium,10x_human_ovarian_cancer_ffpe_visium,10x Visium | 10x Visium,2587,6443,background
10x_human_ovarian_cancer_ffpe_visium,10x_human_ovarian_cancer_ffpe_visium,10x Visium | 10x Visium,2660,6317,background
10x_human_ovarian_cancer_ffpe_visium,10x_human_ovarian_cancer_ffpe_visium,10x Visium | 10x Visium,2732,6443,background
10x_human_ovarian_cancer_ffpe_visium,10x_human_ovarian_cancer_ffpe_visium,10x Visium | 10x Visium,2804,6318,background
10x_human_ovarian_cancer_ffpe_visium,10x_human_ovarian_cancer_ffpe_visium,10x Visium | 10x Visium,2876,6443,background
10x_human_ovarian_cancer_ffpe_visium,10x_human_ovarian_cancer_ffpe_visium,10x Visium | 10x Visium,2948,6318,background
10x_human_ovarian_cancer_ffpe_visium,10x_human_ovarian_cancer_ffpe_visium,10x Visium | 10x Visium,3020,6444,background
10x_human_ovarian_cancer_ffpe_visium,10x_human_ovarian_cancer_ffpe_visium,10x Visium | 10x Visium,3093,6318,background
10x_human_ovarian_cancer_ffpe_visium,10x_human_ovarian_cancer_ffpe_visium,10x Visium | 10x Visium,3165,6444,background
10x_human_ovarian_cancer_ffpe_visium,10x_human_ovarian_cancer_ffpe_visium,10x Visium | 10x Visium,3237,6318,background
10x_human_ovarian_cancer_ffpe_visium,10x_human_ovarian_cancer_ffpe_visium,10x Visium | 10x Visium,3309,6444,background
10x_human_ovarian_cancer_ffpe_visium,10x_human_ovarian_cancer_ffpe_visium,10x Visium | 10x Visium,3382,6319,background
10x_human_ovarian_cancer_ffpe_visium,10x_human_ovarian_cancer_ffpe_visium,10x Visium | 10x Visium,3454,6444,background
10x_human_ovarian_cancer_ffpe_visium,10x_human_ovarian_cancer_ffpe_visium,10x Visium | 10x Visium,3526,6319,background
10x_human_ovarian_cancer_ffpe_visium,10x_human_ovarian_cancer_ffpe_visium,10x Visium | 10x Visium,3598,6444,background
10x_human_ovarian_cancer_ffpe_visium,10x_human_ovarian_cancer_ffpe_visium,10x Visium | 10x Visium,3670,6319,background
10x_human_ovarian_cancer_ffpe_visium,10x_human_ovarian_cancer_ffpe_visium,10x Visium | 10x Visium,3742,6445,background
10x_human_ovarian_cancer_ffpe_visium,10x_human_ovarian_cancer_ffpe_visium,10x Visium | 10x Visium,3815,6319,background
10x_human_ovarian_cancer_ffpe_visium,10x_human_ovarian_cancer_ffpe_visium,10x Visium | 10x Visium,3887,6445,background
10x_human_ovarian_cancer_ffpe_visium,10x_human_ovarian_cancer_ffpe_visium,10x Visium | 10x Visium,3959,6319,background
10x_human_ovarian_cancer_ffpe_visium,10x_human_ovarian_cancer_ffpe_visium,10x Visium | 10x Visium,4031,6445,background
10x_human_ovarian_cancer_ffpe_visium,10x_human_ovarian_cancer_ffpe_visium,10x Visium | 10x Visium,4103,6320,background
10x_human_ovarian_cancer_ffpe_visium,10x_human_ovarian_cancer_ffpe_visium,10x Visium | 10x Visium,4175,6445,background
10x_human_ovarian_cancer_ffpe_visium,10x_human_ovarian_cancer_ffpe_visium,10x Visium | 10x Visium,4248,6320,background
10x_human_ovarian_cancer_ffpe_visium,10x_human_ovarian_cancer_ffpe_visium,10x Visium | 10x Visium,4320,6446,background
10x_human_ovarian_cancer_ffpe_visium,10x_human_ovarian_cancer_ffpe_visium,10x Visium | 10x Visium,4392,6320,background
10x_human_ovarian_cancer_ffpe_visium,10x_human_ovarian_cancer_ffpe_visium,10x Visium | 10x Visium,4464,6446,background
10x_human_ovarian_cancer_ffpe_visium,10x_human_ovarian_cancer_ffpe_visium,10x Visium | 10x Visium,4537,6320,background
10x_human_ovarian_cancer_ffpe_visium,10x_human_ovarian_cancer_ffpe_visium,10x Visium | 10x Visium,4609,6446,background
10x_human_ovarian_cancer_ffpe_visium,10x_human_ovarian_cancer_ffpe_visium,10x Visium | 10x Visium,4681,6321,background
10x_human_ovarian_cancer_ffpe_visium,10x_human_ovarian_cancer_ffpe_visium,10x Visium | 10x Visium,4753,6446,background
10x_human_ovarian_cancer_ffpe_visium,10x_human_ovarian_cancer_ffpe_visium,10x Visium | 10x Visium,4825,6321,background
10x_human_ovarian_cancer_ffpe_visium,10x_human_ovarian_cancer_ffpe_visium,10x Visium | 10x Visium,4897,6447,background
10x_human_ovarian_cancer_ffpe_visium,10x_human_ovarian_cancer_ffpe_visium,10x Visium | 10x Visium,4970,6321,background
10x_human_ovarian_cancer_ffpe_visium,10x_human_ovarian_cancer_ffpe_visium,10x Visium | 10x Visium,5042,6447,background
10x_human_ovarian_cancer_ffpe_visium,10x_human_ovarian_cancer_ffpe_visium,10x Visium | 10x Visium,5114,6321,background
10x_human_ovarian_cancer_ffpe_visium,10x_human_ovarian_cancer_ffpe_visium,10x Visium | 10x Visium,5186,6447,background
10x_human_ovarian_cancer_ffpe_visium,10x_human_ovarian_cancer_ffpe_visium,10x Visium | 10x Visium,5259,6322,background
10x_human_ovarian_cancer_ffpe_visium,10x_human_ovarian_cancer_ffpe_visium,10x Visium | 10x Visium,5331,6447,background
10x_human_ovarian_cancer_ffpe_visium,10x_human_ovarian_cancer_ffpe_visium,10x Visium | 10x Visium,5403,6322,background
10x_human_ovarian_cancer_ffpe_visium,10x_human_ovarian_cancer_ffpe_visium,10x Visium | 10x Visium,5475,6447,background
10x_human_ovarian_cancer_ffpe_visium,10x_human_ovarian_cancer_ffpe_visium,10x Visium | 10x Visium,5547,6322,background
10x_human_ovarian_cancer_ffpe_visium,10x_human_ovarian_cancer_ffpe_visium,10x Visium | 10x Visium,5619,6448,background
10x_human_ovarian_cancer_ffpe_visium,10x_human_ovarian_cancer_ffpe_visium,10x Visium | 10x Visium,5692,6322,background
10x_human_ovarian_cancer_ffpe_visium,10x_human_ovarian_cancer_ffpe_visium,10x Visium | 10x Visium,5764,6448,background
10x_human_ovarian_cancer_ffpe_visium,10x_human_ovarian_cancer_ffpe_visium,10x Visium | 10x Visium,5836,6322,background
10x_human_ovarian_cancer_ffpe_visium,10x_human_ovarian_cancer_ffpe_visium,10x Visium | 10x Visium,5908,6448,background
10x_human_ovarian_cancer_ffpe_visium,10x_human_ovarian_cancer_ffpe_visium,10x Visium | 10x Visium,5980,6323,background
10x_human_ovarian_cancer_ffpe_visium,10x_human_ovarian_cancer_ffpe_visium,10x Visium | 10x Visium,6052,6448,background
10x_human_ovarian_cancer_ffpe_visium,10x_human_ovarian_cancer_ffpe_visium,10x Visium | 10x Visium,6125,6323,background
10x_human_ovarian_cancer_ffpe_visium,10x_human_ovarian_cancer_ffpe_visium,10x Visium | 10x Visium,6197,6449,background
10x_human_ovarian_cancer_ffpe_visium,10x_human_ovarian_cancer_ffpe_visium,10x Visium | 10x Visium,6269,6323,background
10x_human_ovarian_cancer_ffpe_visium,10x_human_ovarian_cancer_ffpe_visium,10x Visium | 10x Visium,6341,6449,background
10x_human_ovarian_cancer_ffpe_visium,10x_human_ovarian_cancer_ffpe_visium,10x Visium | 10x Visium,6414,6323,background
10x_human_ovarian_cancer_ffpe_visium,10x_human_ovarian_cancer_ffpe_visium,10x Visium | 10x Visium,6486,6449,background
10x_human_ovarian_cancer_ffpe_visium,10x_human_ovarian_cancer_ffpe_visium,10x Visium | 10x Visium,6558,6324,background
10x_human_ovarian_cancer_ffpe_visium,10x_human_ovarian_cancer_ffpe_visium,10x Visium | 10x Visium,6630,6449,background
10x_human_ovarian_cancer_ffpe_visium,10x_human_ovarian_cancer_ffpe_visium,10x Visium | 10x Visium,6702,6324,background
10x_human_ovarian_cancer_ffpe_visium,10x_human_ovarian_cancer_ffpe_visium,10x Visium | 10x Visium,6774,6450,background
10x_human_ovarian_cancer_ffpe_visium,10x_human_ovarian_cancer_ffpe_visium,10x Visium | 10x Visium,6847,6324,background
10x_human_ovarian_cancer_ffpe_visium,10x_human_ovarian_cancer_ffpe_visium,10x Visium | 10x Visium,6919,6450,background
10x_human_ovarian_cancer_ffpe_visium,10x_human_ovarian_cancer_ffpe_visium,10x Visium | 10x Visium,6991,6324,background
10x_human_ovarian_cancer_ffpe_visium,10x_human_ovarian_cancer_ffpe_visium,10x Visium | 10x Visium,7063,6450,background
10x_human_ovarian_cancer_ffpe_visium,10x_human_ovarian_cancer_ffpe_visium,10x Visium | 10x Visium,7135,6324,background
10x_human_ovarian_cancer_ffpe_visium,10x_human_ovarian_cancer_ffpe_visium,10x Visium | 10x Visium,7207,6450,background
10x_human_ovarian_cancer_ffpe_visium,10x_human_ovarian_cancer_ffpe_visium,10x Visium | 10x Visium,7280,6325,background
10x_human_ovarian_cancer_ffpe_visium,10x_human_ovarian_cancer_ffpe_visium,10x Visium | 10x Visium,7352,6450,background
10x_human_ovarian_cancer_ffpe_visium,10x_human_ovarian_cancer_ffpe_visium,10x Visium | 10x Visium,7424,6325,background
10x_human_ovarian_cancer_ffpe_visium,10x_human_ovarian_cancer_ffpe_visium,10x Visium | 10x Visium,7496,6451,background
10x_human_ovarian_cancer_ffpe_visium,10x_human_ovarian_cancer_ffpe_visium,10x Visium | 10x Visium,7569,6325,background
10x_human_ovarian_cancer_ffpe_visium,10x_human_ovarian_cancer_ffpe_visium,10x Visium | 10x Visium,7641,6451,background
10x_human_ovarian_cancer_ffpe_visium,10x_human_ovarian_cancer_ffpe_visium,10x Visium | 10x Visium,7713,6325,background
10x_human_ovarian_cancer_ffpe_visium,10x_human_ovarian_cancer_ffpe_visium,10x Visium | 10x Visium,7785,6451,background
10x_human_ovarian_cancer_ffpe_visium,10x_human_ovarian_cancer_ffpe_visium,10x Visium | 10x Visium,7857,6326,background
10x_human_ovarian_cancer_ffpe_visium,10x_human_ovarian_cancer_ffpe_visium,10x Visium | 10x Visium,7929,6451,background
10x_human_ovarian_cancer_ffpe_visium,10x_human_ovarian_cancer_ffpe_visium,10x Visium | 10x Visium,8002,6326,background
10x_human_ovarian_cancer_ffpe_visium,10x_human_ovarian_cancer_ffpe_visium,10x Visium | 10x Visium,8074,6452,background
10x_human_ovarian_cancer_ffpe_visium,10x_human_ovarian_cancer_ffpe_visium,10x Visium | 10x Visium,8146,6326,background
10x_human_ovarian_cancer_ffpe_visium,10x_human_ovarian_cancer_ffpe_visium,10x Visium | 10x Visium,8218,6452,background
10x_human_ovarian_cancer_ffpe_visium,10x_human_ovarian_cancer_ffpe_visium,10x Visium | 10x Visium,8290,6326,background
10x_human_ovarian_cancer_ffpe_visium,10x_human_ovarian_cancer_ffpe_visium,10x Visium | 10x Visium,8362,6452,background
10x_human_ovarian_cancer_ffpe_visium,10x_human_ovarian_cancer_ffpe_visium,10x Visium | 10x Visium,8435,6327,background
10x_human_ovarian_cancer_ffpe_visium,10x_human_ovarian_cancer_ffpe_visium,10x Visium | 10x Visium,8507,6452,background
10x_human_ovarian_cancer_ffpe_visium,10x_human_ovarian_cancer_ffpe_visium,10x Visium | 10x Visium,8579,6327,background
10x_human_ovarian_cancer_ffpe_visium,10x_human_ovarian_cancer_ffpe_visium,10x Visium | 10x Visium,8651,6452,background
10x_human_ovarian_cancer_ffpe_visium,10x_human_ovarian_cancer_ffpe_visium,10x Visium | 10x Visium,8724,6327,background
10x_human_ovarian_cancer_ffpe_visium,10x_human_ovarian_cancer_ffpe_visium,10x Visium | 10x Visium,8796,6453,background
10x_human_ovarian_cancer_ffpe_visium,10x_human_ovarian_cancer_ffpe_visium,10x Visium | 10x Visium,8868,6327,background
10x_human_ovarian_cancer_ffpe_visium,10x_human_ovarian_cancer_ffpe_visium,10x Visium | 10x Visium,8940,6453,background
10x_human_ovarian_cancer_ffpe_visium,10x_human_ovarian_cancer_ffpe_visium,10x Visium | 10x Visium,9012,6327,background
10x_human_ovarian_cancer_ffpe_visium,10x_human_ovarian_cancer_ffpe_visium,10x Visium | 10x Visium,9084,6453,background
10x_human_ovarian_cancer_ffpe_visium,10x_human_ovarian_cancer_ffpe_visium,10x Visium | 10x Visium,9157,6328,background
10x_human_ovarian_cancer_ffpe_visium,10x_human_ovarian_cancer_ffpe_visium,10x Visium | 10x Visium,9229,6453,background
10x_human_ovarian_cancer_ffpe_visium,10x_human_ovarian_cancer_ffpe_visium,10x Visium | 10x Visium,9301,6328,background
10x_human_ovarian_cancer_ffpe_visium,10x_human_ovarian_cancer_ffpe_visium,10x Visium | 10x Visium,9373,6454,background
10x_human_ovarian_cancer_ffpe_visium,10x_human_ovarian_cancer_ffpe_visium,10x Visium | 10x Visium,9446,6328,background
10x_human_ovarian_cancer_ffpe_visium,10x_human_ovarian_cancer_ffpe_visium,10x Visium | 10x Visium,9518,6454,background
10x_human_ovarian_cancer_ffpe_visium,10x_human_ovarian_cancer_ffpe_visium,10x Visium | 10x Visium,9590,6328,background
10x_human_ovarian_cancer_ffpe_visium,10x_human_ovarian_cancer_ffpe_visium,10x Visium | 10x Visium,9662,6454,background
10x_human_ovarian_cancer_ffpe_visium,10x_human_ovarian_cancer_ffpe_visium,10x Visium | 10x Visium,9734,6329,background
10x_human_ovarian_cancer_ffpe_visium,10x_human_ovarian_cancer_ffpe_visium,10x Visium | 10x Visium,9806,6454,background
10x_human_ovarian_cancer_ffpe_visium,10x_human_ovarian_cancer_ffpe_visium,10x Visium | 10x Visium,9879,6329,background
10x_human_ovarian_cancer_ffpe_visium,10x_human_ovarian_cancer_ffpe_visium,10x Visium | 10x Visium,9951,6455,background
10x_human_ovarian_cancer_ffpe_visium,10x_human_ovarian_cancer_ffpe_visium,10x Visium | 10x Visium,10023,6329,background
10x_human_ovarian_cancer_ffpe_visium,10x_human_ovarian_cancer_ffpe_visium,10x Visium | 10x Visium,10095,6455,background
10x_human_ovarian_cancer_ffpe_visium,10x_human_ovarian_cancer_ffpe_visium,10x Visium | 10x Visium,10167,6329,background
10x_human_ovarian_cancer_ffpe_visium,10x_human_ovarian_cancer_ffpe_visium,10x Visium | 10x Visium,10239,6455,background
10x_human_ovarian_cancer_ffpe_visium,10x_human_ovarian_cancer_ffpe_visium,10x Visium | 10x Visium,10312,6330,background
10x_human_ovarian_cancer_ffpe_visium,10x_human_ovarian_cancer_ffpe_visium,10x Visium | 10x Visium,10384,6455,background
10x_human_ovarian_cancer_ffpe_visium,10x_human_ovarian_cancer_ffpe_visium,10x Visium | 10x Visium,10456,6330,background
10x_human_ovarian_cancer_ffpe_visium,10x_human_ovarian_cancer_ffpe_visium,10x Visium | 10x Visium,10528,6455,background
10x_human_ovarian_cancer_ffpe_visium,10x_human_ovarian_cancer_ffpe_visium,10x Visium | 10x Visium,10601,6330,background
10x_human_ovarian_cancer_ffpe_visium,10x_human_ovarian_cancer_ffpe_visium,10x Visium | 10x Visium,10673,6456,background
10x_human_ovarian_cancer_ffpe_visium,10x_human_ovarian_cancer_ffpe_visium,10x Visium | 10x Visium,10745,6330,background
10x_human_ovarian_cancer_ffpe_visium,10x_human_ovarian_cancer_ffpe_visium,10x Visium | 10x Visium,10817,6456,background
10x_human_ovarian_cancer_ffpe_visium,10x_human_ovarian_cancer_ffpe_visium,10x Visium | 10x Visium,10889,6330,background
10x_human_ovarian_cancer_ffpe_visium,10x_human_ovarian_cancer_ffpe_visium,10x Visium | 10x Visium,10961,6456,background
10x_human_ovarian_cancer_ffpe_visium,10x_human_ovarian_cancer_ffpe_visium,10x Visium | 10x Visium,2515,6568,background
10x_human_ovarian_cancer_ffpe_visium,10x_human_ovarian_cancer_ffpe_visium,10x Visium | 10x Visium,2587,6694,background
10x_human_ovarian_cancer_ffpe_visium,10x_human_ovarian_cancer_ffpe_visium,10x Visium | 10x Visium,2659,6569,background
10x_human_ovarian_cancer_ffpe_visium,10x_human_ovarian_cancer_ffpe_visium,10x Visium | 10x Visium,2731,6694,background
10x_human_ovarian_cancer_ffpe_visium,10x_human_ovarian_cancer_ffpe_visium,10x Visium | 10x Visium,2804,6569,background
10x_human_ovarian_cancer_ffpe_visium,10x_human_ovarian_cancer_ffpe_visium,10x Visium | 10x Visium,2876,6695,background
10x_human_ovarian_cancer_ffpe_visium,10x_human_ovarian_cancer_ffpe_visium,10x Visium | 10x Visium,2948,6569,background
10x_human_ovarian_cancer_ffpe_visium,10x_human_ovarian_cancer_ffpe_visium,10x Visium | 10x Visium,3020,6695,background
10x_human_ovarian_cancer_ffpe_visium,10x_human_ovarian_cancer_ffpe_visium,10x Visium | 10x Visium,3092,6569,background
10x_human_ovarian_cancer_ffpe_visium,10x_human_ovarian_cancer_ffpe_visium,10x Visium | 10x Visium,3164,6695,background
10x_human_ovarian_cancer_ffpe_visium,10x_human_ovarian_cancer_ffpe_visium,10x Visium | 10x Visium,3237,6570,background
10x_human_ovarian_cancer_ffpe_visium,10x_human_ovarian_cancer_ffpe_visium,10x Visium | 10x Visium,3309,6695,background
10x_human_ovarian_cancer_ffpe_visium,10x_human_ovarian_cancer_ffpe_visium,10x Visium | 10x Visium,3381,6570,background
10x_human_ovarian_cancer_ffpe_visium,10x_human_ovarian_cancer_ffpe_visium,10x Visium | 10x Visium,3453,6695,background
10x_human_ovarian_cancer_ffpe_visium,10x_human_ovarian_cancer_ffpe_visium,10x Visium | 10x Visium,3526,6570,background
10x_human_ovarian_cancer_ffpe_visium,10x_human_ovarian_cancer_ffpe_visium,10x Visium | 10x Visium,3598,6696,background
10x_human_ovarian_cancer_ffpe_visium,10x_human_ovarian_cancer_ffpe_visium,10x Visium | 10x Visium,3670,6570,background
10x_human_ovarian_cancer_ffpe_visium,10x_human_ovarian_cancer_ffpe_visium,10x Visium | 10x Visium,3742,6696,background
10x_human_ovarian_cancer_ffpe_visium,10x_human_ovarian_cancer_ffpe_visium,10x Visium | 10x Visium,3814,6570,background
10x_human_ovarian_cancer_ffpe_visium,10x_human_ovarian_cancer_ffpe_visium,10x Visium | 10x Visium,3886,6696,background
10x_human_ovarian_cancer_ffpe_visium,10x_human_ovarian_cancer_ffpe_visium,10x Visium | 10x Visium,3959,6571,background
10x_human_ovarian_cancer_ffpe_visium,10x_human_ovarian_cancer_ffpe_visium,10x Visium | 10x Visium,4031,6696,background
10x_human_ovarian_cancer_ffpe_visium,10x_human_ovarian_cancer_ffpe_visium,10x Visium | 10x Visium,4103,6571,background
10x_human_ovarian_cancer_ffpe_visium,10x_human_ovarian_cancer_ffpe_visium,10x Visium | 10x Visium,4175,6697,background
10x_human_ovarian_cancer_ffpe_visium,10x_human_ovarian_cancer_ffpe_visium,10x Visium | 10x Visium,4247,6571,background
10x_human_ovarian_cancer_ffpe_visium,10x_human_ovarian_cancer_ffpe_visium,10x Visium | 10x Visium,4319,6697,background
10x_human_ovarian_cancer_ffpe_visium,10x_human_ovarian_cancer_ffpe_visium,10x Visium | 10x Visium,4392,6571,background
10x_human_ovarian_cancer_ffpe_visium,10x_human_ovarian_cancer_ffpe_visium,10x Visium | 10x Visium,4464,6697,background
10x_human_ovarian_cancer_ffpe_visium,10x_human_ovarian_cancer_ffpe_visium,10x Visium | 10x Visium,4536,6572,background
10x_human_ovarian_cancer_ffpe_visium,10x_human_ovarian_cancer_ffpe_visium,10x Visium | 10x Visium,4608,6697,background
10x_human_ovarian_cancer_ffpe_visium,10x_human_ovarian_cancer_ffpe_visium,10x Visium | 10x Visium,4681,6572,background
10x_human_ovarian_cancer_ffpe_visium,10x_human_ovarian_cancer_ffpe_visium,10x Visium | 10x Visium,4753,6698,background
10x_human_ovarian_cancer_ffpe_visium,10x_human_ovarian_cancer_ffpe_visium,10x Visium | 10x Visium,4825,6572,background
10x_human_ovarian_cancer_ffpe_visium,10x_human_ovarian_cancer_ffpe_visium,10x Visium | 10x Visium,4897,6698,background
10x_human_ovarian_cancer_ffpe_visium,10x_human_ovarian_cancer_ffpe_visium,10x Visium | 10x Visium,4969,6572,background
10x_human_ovarian_cancer_ffpe_visium,10x_human_ovarian_cancer_ffpe_visium,10x Visium | 10x Visium,5041,6698,background
10x_human_ovarian_cancer_ffpe_visium,10x_human_ovarian_cancer_ffpe_visium,10x Visium | 10x Visium,5114,6573,background
10x_human_ovarian_cancer_ffpe_visium,10x_human_ovarian_cancer_ffpe_visium,10x Visium | 10x Visium,5186,6698,background
10x_human_ovarian_cancer_ffpe_visium,10x_human_ovarian_cancer_ffpe_visium,10x Visium | 10x Visium,5258,6573,background
10x_human_ovarian_cancer_ffpe_visium,10x_human_ovarian_cancer_ffpe_visium,10x Visium | 10x Visium,5330,6698,background
10x_human_ovarian_cancer_ffpe_visium,10x_human_ovarian_cancer_ffpe_visium,10x Visium | 10x Visium,5402,6573,background
10x_human_ovarian_cancer_ffpe_visium,10x_human_ovarian_cancer_ffpe_visium,10x Visium | 10x Visium,5474,6699,background
10x_human_ovarian_cancer_ffpe_visium,10x_human_ovarian_cancer_ffpe_visium,10x Visium | 10x Visium,5547,6573,background
10x_human_ovarian_cancer_ffpe_visium,10x_human_ovarian_cancer_ffpe_visium,10x Visium | 10x Visium,5619,6699,background
10x_human_ovarian_cancer_ffpe_visium,10x_human_ovarian_cancer_ffpe_visium,10x Visium | 10x Visium,5691,6573,background
10x_human_ovarian_cancer_ffpe_visium,10x_human_ovarian_cancer_ffpe_visium,10x Visium | 10x Visium,5763,6699,background
10x_human_ovarian_cancer_ffpe_visium,10x_human_ovarian_cancer_ffpe_visium,10x Visium | 10x Visium,5836,6574,background
10x_human_ovarian_cancer_ffpe_visium,10x_human_ovarian_cancer_ffpe_visium,10x Visium | 10x Visium,5908,6699,background
10x_human_ovarian_cancer_ffpe_visium,10x_human_ovarian_cancer_ffpe_visium,10x Visium | 10x Visium,5980,6574,background
10x_human_ovarian_cancer_ffpe_visium,10x_human_ovarian_cancer_ffpe_visium,10x Visium | 10x Visium,6052,6700,background
10x_human_ovarian_cancer_ffpe_visium,10x_human_ovarian_cancer_ffpe_visium,10x Visium | 10x Visium,6124,6574,background
10x_human_ovarian_cancer_ffpe_visium,10x_human_ovarian_cancer_ffpe_visium,10x Visium | 10x Visium,6196,6700,background
10x_human_ovarian_cancer_ffpe_visium,10x_human_ovarian_cancer_ffpe_visium,10x Visium | 10x Visium,6269,6574,background
10x_human_ovarian_cancer_ffpe_visium,10x_human_ovarian_cancer_ffpe_visium,10x Visium | 10x Visium,6341,6700,background
10x_human_ovarian_cancer_ffpe_visium,10x_human_ovarian_cancer_ffpe_visium,10x Visium | 10x Visium,6413,6575,background
10x_human_ovarian_cancer_ffpe_visium,10x_human_ovarian_cancer_ffpe_visium,10x Visium | 10x Visium,6485,6700,background
10x_human_ovarian_cancer_ffpe_visium,10x_human_ovarian_cancer_ffpe_visium,10x Visium | 10x Visium,6558,6575,background
10x_human_ovarian_cancer_ffpe_visium,10x_human_ovarian_cancer_ffpe_visium,10x Visium | 10x Visium,6630,6701,background
10x_human_ovarian_cancer_ffpe_visium,10x_human_ovarian_cancer_ffpe_visium,10x Visium | 10x Visium,6702,6575,background
10x_human_ovarian_cancer_ffpe_visium,10x_human_ovarian_cancer_ffpe_visium,10x Visium | 10x Visium,6774,6701,background
10x_human_ovarian_cancer_ffpe_visium,10x_human_ovarian_cancer_ffpe_visium,10x Visium | 10x Visium,6846,6575,background
10x_human_ovarian_cancer_ffpe_visium,10x_human_ovarian_cancer_ffpe_visium,10x Visium | 10x Visium,6918,6701,background
10x_human_ovarian_cancer_ffpe_visium,10x_human_ovarian_cancer_ffpe_visium,10x Visium | 10x Visium,6991,6575,background
10x_human_ovarian_cancer_ffpe_visium,10x_human_ovarian_cancer_ffpe_visium,10x Visium | 10x Visium,7063,6701,background
10x_human_ovarian_cancer_ffpe_visium,10x_human_ovarian_cancer_ffpe_visium,10x Visium | 10x Visium,7135,6576,background
10x_human_ovarian_cancer_ffpe_visium,10x_human_ovarian_cancer_ffpe_visium,10x Visium | 10x Visium,7207,6701,background
10x_human_ovarian_cancer_ffpe_visium,10x_human_ovarian_cancer_ffpe_visium,10x Visium | 10x Visium,7279,6576,background
10x_human_ovarian_cancer_ffpe_visium,10x_human_ovarian_cancer_ffpe_visium,10x Visium | 10x Visium,7351,6702,background
10x_human_ovarian_cancer_ffpe_visium,10x_human_ovarian_cancer_ffpe_visium,10x Visium | 10x Visium,7424,6576,background
10x_human_ovarian_cancer_ffpe_visium,10x_human_ovarian_cancer_ffpe_visium,10x Visium | 10x Visium,7496,6702,background
10x_human_ovarian_cancer_ffpe_visium,10x_human_ovarian_cancer_ffpe_visium,10x Visium | 10x Visium,7568,6576,background
10x_human_ovarian_cancer_ffpe_visium,10x_human_ovarian_cancer_ffpe_visium,10x Visium | 10x Visium,7640,6702,background
10x_human_ovarian_cancer_ffpe_visium,10x_human_ovarian_cancer_ffpe_visium,10x Visium | 10x Visium,7713,6577,background
10x_human_ovarian_cancer_ffpe_visium,10x_human_ovarian_cancer_ffpe_visium,10x Visium | 10x Visium,7785,6702,background
10x_human_ovarian_cancer_ffpe_visium,10x_human_ovarian_cancer_ffpe_visium,10x Visium | 10x Visium,7857,6577,background
10x_human_ovarian_cancer_ffpe_visium,10x_human_ovarian_cancer_ffpe_visium,10x Visium | 10x Visium,7929,6703,background
10x_human_ovarian_cancer_ffpe_visium,10x_human_ovarian_cancer_ffpe_visium,10x Visium | 10x Visium,8001,6577,background
10x_human_ovarian_cancer_ffpe_visium,10x_human_ovarian_cancer_ffpe_visium,10x Visium | 10x Visium,8073,6703,background
10x_human_ovarian_cancer_ffpe_visium,10x_human_ovarian_cancer_ffpe_visium,10x Visium | 10x Visium,8146,6577,background
10x_human_ovarian_cancer_ffpe_visium,10x_human_ovarian_cancer_ffpe_visium,10x Visium | 10x Visium,8218,6703,background
10x_human_ovarian_cancer_ffpe_visium,10x_human_ovarian_cancer_ffpe_visium,10x Visium | 10x Visium,8290,6578,background
10x_human_ovarian_cancer_ffpe_visium,10x_human_ovarian_cancer_ffpe_visium,10x Visium | 10x Visium,8362,6703,background
10x_human_ovarian_cancer_ffpe_visium,10x_human_ovarian_cancer_ffpe_visium,10x Visium | 10x Visium,8434,6578,background
10x_human_ovarian_cancer_ffpe_visium,10x_human_ovarian_cancer_ffpe_visium,10x Visium | 10x Visium,8506,6703,background
10x_human_ovarian_cancer_ffpe_visium,10x_human_ovarian_cancer_ffpe_visium,10x Visium | 10x Visium,8579,6578,background
10x_human_ovarian_cancer_ffpe_visium,10x_human_ovarian_cancer_ffpe_visium,10x Visium | 10x Visium,8651,6704,background
10x_human_ovarian_cancer_ffpe_visium,10x_human_ovarian_cancer_ffpe_visium,10x Visium | 10x Visium,8723,6578,background
10x_human_ovarian_cancer_ffpe_visium,10x_human_ovarian_cancer_ffpe_visium,10x Visium | 10x Visium,8795,6704,background
10x_human_ovarian_cancer_ffpe_visium,10x_human_ovarian_cancer_ffpe_visium,10x Visium | 10x Visium,8868,6578,background
10x_human_ovarian_cancer_ffpe_visium,10x_human_ovarian_cancer_ffpe_visium,10x Visium | 10x Visium,8940,6704,background
10x_human_ovarian_cancer_ffpe_visium,10x_human_ovarian_cancer_ffpe_visium,10x Visium | 10x Visium,9012,6579,background
10x_human_ovarian_cancer_ffpe_visium,10x_human_ovarian_cancer_ffpe_visium,10x Visium | 10x Visium,9084,6704,background
10x_human_ovarian_cancer_ffpe_visium,10x_human_ovarian_cancer_ffpe_visium,10x Visium | 10x Visium,9156,6579,background
10x_human_ovarian_cancer_ffpe_visium,10x_human_ovarian_cancer_ffpe_visium,10x Visium | 10x Visium,9228,6705,background
10x_human_ovarian_cancer_ffpe_visium,10x_human_ovarian_cancer_ffpe_visium,10x Visium | 10x Visium,9301,6579,background
10x_human_ovarian_cancer_ffpe_visium,10x_human_ovarian_cancer_ffpe_visium,10x Visium | 10x Visium,9373,6705,background
10x_human_ovarian_cancer_ffpe_visium,10x_human_ovarian_cancer_ffpe_visium,10x Visium | 10x Visium,9445,6579,background
10x_human_ovarian_cancer_ffpe_visium,10x_human_ovarian_cancer_ffpe_visium,10x Visium | 10x Visium,9517,6705,background
10x_human_ovarian_cancer_ffpe_visium,10x_human_ovarian_cancer_ffpe_visium,10x Visium | 10x Visium,9590,6580,background
10x_human_ovarian_cancer_ffpe_visium,10x_human_ovarian_cancer_ffpe_visium,10x Visium | 10x Visium,9662,6705,background
10x_human_ovarian_cancer_ffpe_visium,10x_human_ovarian_cancer_ffpe_visium,10x Visium | 10x Visium,9734,6580,background
10x_human_ovarian_cancer_ffpe_visium,10x_human_ovarian_cancer_ffpe_visium,10x Visium | 10x Visium,9806,6706,background
10x_human_ovarian_cancer_ffpe_visium,10x_human_ovarian_cancer_ffpe_visium,10x Visium | 10x Visium,9878,6580,background
10x_human_ovarian_cancer_ffpe_visium,10x_human_ovarian_cancer_ffpe_visium,10x Visium | 10x Visium,9950,6706,background
10x_human_ovarian_cancer_ffpe_visium,10x_human_ovarian_cancer_ffpe_visium,10x Visium | 10x Visium,10023,6580,background
10x_human_ovarian_cancer_ffpe_visium,10x_human_ovarian_cancer_ffpe_visium,10x Visium | 10x Visium,10095,6706,background
10x_human_ovarian_cancer_ffpe_visium,10x_human_ovarian_cancer_ffpe_visium,10x Visium | 10x Visium,10167,6580,background
10x_human_ovarian_cancer_ffpe_visium,10x_human_ovarian_cancer_ffpe_visium,10x Visium | 10x Visium,10239,6706,background
10x_human_ovarian_cancer_ffpe_visium,10x_human_ovarian_cancer_ffpe_visium,10x Visium | 10x Visium,10311,6581,background
10x_human_ovarian_cancer_ffpe_visium,10x_human_ovarian_cancer_ffpe_visium,10x Visium | 10x Visium,10383,6706,background
10x_human_ovarian_cancer_ffpe_visium,10x_human_ovarian_cancer_ffpe_visium,10x Visium | 10x Visium,10456,6581,background
10x_human_ovarian_cancer_ffpe_visium,10x_human_ovarian_cancer_ffpe_visium,10x Visium | 10x Visium,10528,6707,background
10x_human_ovarian_cancer_ffpe_visium,10x_human_ovarian_cancer_ffpe_visium,10x Visium | 10x Visium,10600,6581,background
10x_human_ovarian_cancer_ffpe_visium,10x_human_ovarian_cancer_ffpe_visium,10x Visium | 10x Visium,10672,6707,background
10x_human_ovarian_cancer_ffpe_visium,10x_human_ovarian_cancer_ffpe_visium,10x Visium | 10x Visium,10745,6581,background
10x_human_ovarian_cancer_ffpe_visium,10x_human_ovarian_cancer_ffpe_visium,10x Visium | 10x Visium,10817,6707,background
10x_human_ovarian_cancer_ffpe_visium,10x_human_ovarian_cancer_ffpe_visium,10x Visium | 10x Visium,10889,6582,background
10x_human_ovarian_cancer_ffpe_visium,10x_human_ovarian_cancer_ffpe_visium,10x Visium | 10x Visium,10961,6707,background
10x_human_ovarian_cancer_ffpe_visium,10x_human_ovarian_cancer_ffpe_visium,10x Visium | 10x Visium,11033,6582,background
10x_human_ovarian_cancer_ffpe_visium,10x_human_ovarian_cancer_ffpe_visium,10x Visium | 10x Visium,2515,6820,background
10x_human_ovarian_cancer_ffpe_visium,10x_human_ovarian_cancer_ffpe_visium,10x Visium | 10x Visium,2586,6945,background
10x_human_ovarian_cancer_ffpe_visium,10x_human_ovarian_cancer_ffpe_visium,10x Visium | 10x Visium,2659,6820,background
10x_human_ovarian_cancer_ffpe_visium,10x_human_ovarian_cancer_ffpe_visium,10x Visium | 10x Visium,2731,6946,background
10x_human_ovarian_cancer_ffpe_visium,10x_human_ovarian_cancer_ffpe_visium,10x Visium | 10x Visium,2803,6820,background
10x_human_ovarian_cancer_ffpe_visium,10x_human_ovarian_cancer_ffpe_visium,10x Visium | 10x Visium,2875,6946,background
10x_human_ovarian_cancer_ffpe_visium,10x_human_ovarian_cancer_ffpe_visium,10x Visium | 10x Visium,2948,6820,background
10x_human_ovarian_cancer_ffpe_visium,10x_human_ovarian_cancer_ffpe_visium,10x Visium | 10x Visium,3020,6946,background
10x_human_ovarian_cancer_ffpe_visium,10x_human_ovarian_cancer_ffpe_visium,10x Visium | 10x Visium,3092,6821,background
10x_human_ovarian_cancer_ffpe_visium,10x_human_ovarian_cancer_ffpe_visium,10x Visium | 10x Visium,3164,6946,background
10x_human_ovarian_cancer_ffpe_visium,10x_human_ovarian_cancer_ffpe_visium,10x Visium | 10x Visium,3236,6821,background
10x_human_ovarian_cancer_ffpe_visium,10x_human_ovarian_cancer_ffpe_visium,10x Visium | 10x Visium,3308,6946,background
10x_human_ovarian_cancer_ffpe_visium,10x_human_ovarian_cancer_ffpe_visium,10x Visium | 10x Visium,3381,6821,background
10x_human_ovarian_cancer_ffpe_visium,10x_human_ovarian_cancer_ffpe_visium,10x Visium | 10x Visium,3453,6947,background
10x_human_ovarian_cancer_ffpe_visium,10x_human_ovarian_cancer_ffpe_visium,10x Visium | 10x Visium,3525,6821,background
10x_human_ovarian_cancer_ffpe_visium,10x_human_ovarian_cancer_ffpe_visium,10x Visium | 10x Visium,3597,6947,background
10x_human_ovarian_cancer_ffpe_visium,10x_human_ovarian_cancer_ffpe_visium,10x Visium | 10x Visium,3670,6821,background
10x_human_ovarian_cancer_ffpe_visium,10x_human_ovarian_cancer_ffpe_visium,10x Visium | 10x Visium,3742,6947,background
10x_human_ovarian_cancer_ffpe_visium,10x_human_ovarian_cancer_ffpe_visium,10x Visium | 10x Visium,3814,6822,background
10x_human_ovarian_cancer_ffpe_visium,10x_human_ovarian_cancer_ffpe_visium,10x Visium | 10x Visium,3886,6947,background
10x_human_ovarian_cancer_ffpe_visium,10x_human_ovarian_cancer_ffpe_visium,10x Visium | 10x Visium,3958,6822,background
10x_human_ovarian_cancer_ffpe_visium,10x_human_ovarian_cancer_ffpe_visium,10x Visium | 10x Visium,4030,6948,background
10x_human_ovarian_cancer_ffpe_visium,10x_human_ovarian_cancer_ffpe_visium,10x Visium | 10x Visium,4103,6822,background
10x_human_ovarian_cancer_ffpe_visium,10x_human_ovarian_cancer_ffpe_visium,10x Visium | 10x Visium,4175,6948,background
10x_human_ovarian_cancer_ffpe_visium,10x_human_ovarian_cancer_ffpe_visium,10x Visium | 10x Visium,4247,6822,background
10x_human_ovarian_cancer_ffpe_visium,10x_human_ovarian_cancer_ffpe_visium,10x Visium | 10x Visium,4319,6948,background
10x_human_ovarian_cancer_ffpe_visium,10x_human_ovarian_cancer_ffpe_visium,10x Visium | 10x Visium,4391,6823,background
10x_human_ovarian_cancer_ffpe_visium,10x_human_ovarian_cancer_ffpe_visium,10x Visium | 10x Visium,4463,6948,background
10x_human_ovarian_cancer_ffpe_visium,10x_human_ovarian_cancer_ffpe_visium,10x Visium | 10x Visium,4536,6823,background
10x_human_ovarian_cancer_ffpe_visium,10x_human_ovarian_cancer_ffpe_visium,10x Visium | 10x Visium,4608,6949,background
10x_human_ovarian_cancer_ffpe_visium,10x_human_ovarian_cancer_ffpe_visium,10x Visium | 10x Visium,4680,6823,background
10x_human_ovarian_cancer_ffpe_visium,10x_human_ovarian_cancer_ffpe_visium,10x Visium | 10x Visium,4752,6949,background
10x_human_ovarian_cancer_ffpe_visium,10x_human_ovarian_cancer_ffpe_visium,10x Visium | 10x Visium,4825,6823,background
10x_human_ovarian_cancer_ffpe_visium,10x_human_ovarian_cancer_ffpe_visium,10x Visium | 10x Visium,4897,6949,background
10x_human_ovarian_cancer_ffpe_visium,10x_human_ovarian_cancer_ffpe_visium,10x Visium | 10x Visium,4969,6823,background
10x_human_ovarian_cancer_ffpe_visium,10x_human_ovarian_cancer_ffpe_visium,10x Visium | 10x Visium,5041,6949,background
10x_human_ovarian_cancer_ffpe_visium,10x_human_ovarian_cancer_ffpe_visium,10x Visium | 10x Visium,5113,6824,background
10x_human_ovarian_cancer_ffpe_visium,10x_human_ovarian_cancer_ffpe_visium,10x Visium | 10x Visium,5185,6949,background
10x_human_ovarian_cancer_ffpe_visium,10x_human_ovarian_cancer_ffpe_visium,10x Visium | 10x Visium,5258,6824,background
10x_human_ovarian_cancer_ffpe_visium,10x_human_ovarian_cancer_ffpe_visium,10x Visium | 10x Visium,5330,6950,background
10x_human_ovarian_cancer_ffpe_visium,10x_human_ovarian_cancer_ffpe_visium,10x Visium | 10x Visium,5402,6824,background
10x_human_ovarian_cancer_ffpe_visium,10x_human_ovarian_cancer_ffpe_visium,10x Visium | 10x Visium,5474,6950,background
10x_human_ovarian_cancer_ffpe_visium,10x_human_ovarian_cancer_ffpe_visium,10x Visium | 10x Visium,5546,6824,background
10x_human_ovarian_cancer_ffpe_visium,10x_human_ovarian_cancer_ffpe_visium,10x Visium | 10x Visium,5618,6950,background
10x_human_ovarian_cancer_ffpe_visium,10x_human_ovarian_cancer_ffpe_visium,10x Visium | 10x Visium,5691,6825,background
10x_human_ovarian_cancer_ffpe_visium,10x_human_ovarian_cancer_ffpe_visium,10x Visium | 10x Visium,5763,6950,background
10x_human_ovarian_cancer_ffpe_visium,10x_human_ovarian_cancer_ffpe_visium,10x Visium | 10x Visium,5835,6825,background
10x_human_ovarian_cancer_ffpe_visium,10x_human_ovarian_cancer_ffpe_visium,10x Visium | 10x Visium,5907,6951,background
10x_human_ovarian_cancer_ffpe_visium,10x_human_ovarian_cancer_ffpe_visium,10x Visium | 10x Visium,5980,6825,background
10x_human_ovarian_cancer_ffpe_visium,10x_human_ovarian_cancer_ffpe_visium,10x Visium | 10x Visium,6052,6951,background
10x_human_ovarian_cancer_ffpe_visium,10x_human_ovarian_cancer_ffpe_visium,10x Visium | 10x Visium,6124,6825,background
10x_human_ovarian_cancer_ffpe_visium,10x_human_ovarian_cancer_ffpe_visium,10x Visium | 10x Visium,6196,6951,background
10x_human_ovarian_cancer_ffpe_visium,10x_human_ovarian_cancer_ffpe_visium,10x Visium | 10x Visium,6268,6826,background
10x_human_ovarian_cancer_ffpe_visium,10x_human_ovarian_cancer_ffpe_visium,10x Visium | 10x Visium,6340,6951,background
10x_human_ovarian_cancer_ffpe_visium,10x_human_ovarian_cancer_ffpe_visium,10x Visium | 10x Visium,6413,6826,background
10x_human_ovarian_cancer_ffpe_visium,10x_human_ovarian_cancer_ffpe_visium,10x Visium | 10x Visium,6485,6952,background
10x_human_ovarian_cancer_ffpe_visium,10x_human_ovarian_cancer_ffpe_visium,10x Visium | 10x Visium,6557,6826,background
10x_human_ovarian_cancer_ffpe_visium,10x_human_ovarian_cancer_ffpe_visium,10x Visium | 10x Visium,6629,6952,background
10x_human_ovarian_cancer_ffpe_visium,10x_human_ovarian_cancer_ffpe_visium,10x Visium | 10x Visium,6702,6826,background
10x_human_ovarian_cancer_ffpe_visium,10x_human_ovarian_cancer_ffpe_visium,10x Visium | 10x Visium,6774,6952,background
10x_human_ovarian_cancer_ffpe_visium,10x_human_ovarian_cancer_ffpe_visium,10x Visium | 10x Visium,6846,6826,background
10x_human_ovarian_cancer_ffpe_visium,10x_human_ovarian_cancer_ffpe_visium,10x Visium | 10x Visium,6918,6952,background
10x_human_ovarian_cancer_ffpe_visium,10x_human_ovarian_cancer_ffpe_visium,10x Visium | 10x Visium,6990,6827,background
10x_human_ovarian_cancer_ffpe_visium,10x_human_ovarian_cancer_ffpe_visium,10x Visium | 10x Visium,7062,6952,background
10x_human_ovarian_cancer_ffpe_visium,10x_human_ovarian_cancer_ffpe_visium,10x Visium | 10x Visium,7135,6827,background
10x_human_ovarian_cancer_ffpe_visium,10x_human_ovarian_cancer_ffpe_visium,10x Visium | 10x Visium,7207,6953,background
10x_human_ovarian_cancer_ffpe_visium,10x_human_ovarian_cancer_ffpe_visium,10x Visium | 10x Visium,7279,6827,background
10x_human_ovarian_cancer_ffpe_visium,10x_human_ovarian_cancer_ffpe_visium,10x Visium | 10x Visium,7351,6953,background
10x_human_ovarian_cancer_ffpe_visium,10x_human_ovarian_cancer_ffpe_visium,10x Visium | 10x Visium,7423,6827,background
10x_human_ovarian_cancer_ffpe_visium,10x_human_ovarian_cancer_ffpe_visium,10x Visium | 10x Visium,7495,6953,background
10x_human_ovarian_cancer_ffpe_visium,10x_human_ovarian_cancer_ffpe_visium,10x Visium | 10x Visium,7568,6828,background
10x_human_ovarian_cancer_ffpe_visium,10x_human_ovarian_cancer_ffpe_visium,10x Visium | 10x Visium,7640,6953,background
10x_human_ovarian_cancer_ffpe_visium,10x_human_ovarian_cancer_ffpe_visium,10x Visium | 10x Visium,7712,6828,background
10x_human_ovarian_cancer_ffpe_visium,10x_human_ovarian_cancer_ffpe_visium,10x Visium | 10x Visium,7784,6954,background
10x_human_ovarian_cancer_ffpe_visium,10x_human_ovarian_cancer_ffpe_visium,10x Visium | 10x Visium,7857,6828,background
10x_human_ovarian_cancer_ffpe_visium,10x_human_ovarian_cancer_ffpe_visium,10x Visium | 10x Visium,7929,6954,background
10x_human_ovarian_cancer_ffpe_visium,10x_human_ovarian_cancer_ffpe_visium,10x Visium | 10x Visium,8001,6828,background
10x_human_ovarian_cancer_ffpe_visium,10x_human_ovarian_cancer_ffpe_visium,10x Visium | 10x Visium,8073,6954,background
10x_human_ovarian_cancer_ffpe_visium,10x_human_ovarian_cancer_ffpe_visium,10x Visium | 10x Visium,8145,6829,background
10x_human_ovarian_cancer_ffpe_visium,10x_human_ovarian_cancer_ffpe_visium,10x Visium | 10x Visium,8217,6954,background
10x_human_ovarian_cancer_ffpe_visium,10x_human_ovarian_cancer_ffpe_visium,10x Visium | 10x Visium,8290,6829,background
10x_human_ovarian_cancer_ffpe_visium,10x_human_ovarian_cancer_ffpe_visium,10x Visium | 10x Visium,8362,6954,background
10x_human_ovarian_cancer_ffpe_visium,10x_human_ovarian_cancer_ffpe_visium,10x Visium | 10x Visium,8434,6829,background
10x_human_ovarian_cancer_ffpe_visium,10x_human_ovarian_cancer_ffpe_visium,10x Visium | 10x Visium,8506,6955,background
10x_human_ovarian_cancer_ffpe_visium,10x_human_ovarian_cancer_ffpe_visium,10x Visium | 10x Visium,8578,6829,background
10x_human_ovarian_cancer_ffpe_visium,10x_human_ovarian_cancer_ffpe_visium,10x Visium | 10x Visium,8650,6955,background
10x_human_ovarian_cancer_ffpe_visium,10x_human_ovarian_cancer_ffpe_visium,10x Visium | 10x Visium,8723,6829,background
10x_human_ovarian_cancer_ffpe_visium,10x_human_ovarian_cancer_ffpe_visium,10x Visium | 10x Visium,8795,6955,background
10x_human_ovarian_cancer_ffpe_visium,10x_human_ovarian_cancer_ffpe_visium,10x Visium | 10x Visium,8867,6830,background
10x_human_ovarian_cancer_ffpe_visium,10x_human_ovarian_cancer_ffpe_visium,10x Visium | 10x Visium,8939,6955,background
10x_human_ovarian_cancer_ffpe_visium,10x_human_ovarian_cancer_ffpe_visium,10x Visium | 10x Visium,9012,6830,background
10x_human_ovarian_cancer_ffpe_visium,10x_human_ovarian_cancer_ffpe_visium,10x Visium | 10x Visium,9084,6956,background
10x_human_ovarian_cancer_ffpe_visium,10x_human_ovarian_cancer_ffpe_visium,10x Visium | 10x Visium,9156,6830,background
10x_human_ovarian_cancer_ffpe_visium,10x_human_ovarian_cancer_ffpe_visium,10x Visium | 10x Visium,9228,6956,background
10x_human_ovarian_cancer_ffpe_visium,10x_human_ovarian_cancer_ffpe_visium,10x Visium | 10x Visium,9300,6830,background
10x_human_ovarian_cancer_ffpe_visium,10x_human_ovarian_cancer_ffpe_visium,10x Visium | 10x Visium,9372,6956,background
10x_human_ovarian_cancer_ffpe_visium,10x_human_ovarian_cancer_ffpe_visium,10x Visium | 10x Visium,9445,6831,background
10x_human_ovarian_cancer_ffpe_visium,10x_human_ovarian_cancer_ffpe_visium,10x Visium | 10x Visium,9517,6956,background
10x_human_ovarian_cancer_ffpe_visium,10x_human_ovarian_cancer_ffpe_visium,10x Visium | 10x Visium,9589,6831,background
10x_human_ovarian_cancer_ffpe_visium,10x_human_ovarian_cancer_ffpe_visium,10x Visium | 10x Visium,9661,6957,background
10x_human_ovarian_cancer_ffpe_visium,10x_human_ovarian_cancer_ffpe_visium,10x Visium | 10x Visium,9733,6831,background
10x_human_ovarian_cancer_ffpe_visium,10x_human_ovarian_cancer_ffpe_visium,10x Visium | 10x Visium,9805,6957,background
10x_human_ovarian_cancer_ffpe_visium,10x_human_ovarian_cancer_ffpe_visium,10x Visium | 10x Visium,9878,6831,background
10x_human_ovarian_cancer_ffpe_visium,10x_human_ovarian_cancer_ffpe_visium,10x Visium | 10x Visium,9950,6957,background
10x_human_ovarian_cancer_ffpe_visium,10x_human_ovarian_cancer_ffpe_visium,10x Visium | 10x Visium,10022,6831,background
10x_human_ovarian_cancer_ffpe_visium,10x_human_ovarian_cancer_ffpe_visium,10x Visium | 10x Visium,10094,6957,background
10x_human_ovarian_cancer_ffpe_visium,10x_human_ovarian_cancer_ffpe_visium,10x Visium | 10x Visium,10167,6832,background
10x_human_ovarian_cancer_ffpe_visium,10x_human_ovarian_cancer_ffpe_visium,10x Visium | 10x Visium,10239,6957,background
10x_human_ovarian_cancer_ffpe_visium,10x_human_ovarian_cancer_ffpe_visium,10x Visium | 10x Visium,10311,6832,background
10x_human_ovarian_cancer_ffpe_visium,10x_human_ovarian_cancer_ffpe_visium,10x Visium | 10x Visium,10383,6958,background
10x_human_ovarian_cancer_ffpe_visium,10x_human_ovarian_cancer_ffpe_visium,10x Visium | 10x Visium,10455,6832,background
10x_human_ovarian_cancer_ffpe_visium,10x_human_ovarian_cancer_ffpe_visium,10x Visium | 10x Visium,10527,6958,background
10x_human_ovarian_cancer_ffpe_visium,10x_human_ovarian_cancer_ffpe_visium,10x Visium | 10x Visium,10600,6832,background
10x_human_ovarian_cancer_ffpe_visium,10x_human_ovarian_cancer_ffpe_visium,10x Visium | 10x Visium,10672,6958,background
10x_human_ovarian_cancer_ffpe_visium,10x_human_ovarian_cancer_ffpe_visium,10x Visium | 10x Visium,10744,6833,background
10x_human_ovarian_cancer_ffpe_visium,10x_human_ovarian_cancer_ffpe_visium,10x Visium | 10x Visium,10816,6958,background
10x_human_ovarian_cancer_ffpe_visium,10x_human_ovarian_cancer_ffpe_visium,10x Visium | 10x Visium,10889,6833,background
10x_human_ovarian_cancer_ffpe_visium,10x_human_ovarian_cancer_ffpe_visium,10x Visium | 10x Visium,10961,6959,background
10x_human_ovarian_cancer_ffpe_visium,10x_human_ovarian_cancer_ffpe_visium,10x Visium | 10x Visium,11033,6833,background
10x_human_ovarian_cancer_ffpe_visium,10x_human_ovarian_cancer_ffpe_visium,10x Visium | 10x Visium,2514,7071,background
10x_human_ovarian_cancer_ffpe_visium,10x_human_ovarian_cancer_ffpe_visium,10x Visium | 10x Visium,2586,7197,background
10x_human_ovarian_cancer_ffpe_visium,10x_human_ovarian_cancer_ffpe_visium,10x Visium | 10x Visium,2658,7071,background
10x_human_ovarian_cancer_ffpe_visium,10x_human_ovarian_cancer_ffpe_visium,10x Visium | 10x Visium,2730,7197,background
10x_human_ovarian_cancer_ffpe_visium,10x_human_ovarian_cancer_ffpe_visium,10x Visium | 10x Visium,2803,7071,background
10x_human_ovarian_cancer_ffpe_visium,10x_human_ovarian_cancer_ffpe_visium,10x Visium | 10x Visium,2875,7197,background
10x_human_ovarian_cancer_ffpe_visium,10x_human_ovarian_cancer_ffpe_visium,10x Visium | 10x Visium,2947,7072,background
10x_human_ovarian_cancer_ffpe_visium,10x_human_ovarian_cancer_ffpe_visium,10x Visium | 10x Visium,3019,7197,background
10x_human_ovarian_cancer_ffpe_visium,10x_human_ovarian_cancer_ffpe_visium,10x Visium | 10x Visium,3092,7072,background
10x_human_ovarian_cancer_ffpe_visium,10x_human_ovarian_cancer_ffpe_visium,10x Visium | 10x Visium,3164,7197,background
10x_human_ovarian_cancer_ffpe_visium,10x_human_ovarian_cancer_ffpe_visium,10x Visium | 10x Visium,3236,7072,background
10x_human_ovarian_cancer_ffpe_visium,10x_human_ovarian_cancer_ffpe_visium,10x Visium | 10x Visium,3308,7198,background
10x_human_ovarian_cancer_ffpe_visium,10x_human_ovarian_cancer_ffpe_visium,10x Visium | 10x Visium,3380,7072,background
10x_human_ovarian_cancer_ffpe_visium,10x_human_ovarian_cancer_ffpe_visium,10x Visium | 10x Visium,3452,7198,background
10x_human_ovarian_cancer_ffpe_visium,10x_human_ovarian_cancer_ffpe_visium,10x Visium | 10x Visium,3525,7072,background
10x_human_ovarian_cancer_ffpe_visium,10x_human_ovarian_cancer_ffpe_visium,10x Visium | 10x Visium,3597,7198,background
10x_human_ovarian_cancer_ffpe_visium,10x_human_ovarian_cancer_ffpe_visium,10x Visium | 10x Visium,3669,7073,background
10x_human_ovarian_cancer_ffpe_visium,10x_human_ovarian_cancer_ffpe_visium,10x Visium | 10x Visium,3741,7198,background
10x_human_ovarian_cancer_ffpe_visium,10x_human_ovarian_cancer_ffpe_visium,10x Visium | 10x Visium,3814,7073,background
10x_human_ovarian_cancer_ffpe_visium,10x_human_ovarian_cancer_ffpe_visium,10x Visium | 10x Visium,3886,7199,background
10x_human_ovarian_cancer_ffpe_visium,10x_human_ovarian_cancer_ffpe_visium,10x Visium | 10x Visium,3958,7073,background
10x_human_ovarian_cancer_ffpe_visium,10x_human_ovarian_cancer_ffpe_visium,10x Visium | 10x Visium,4030,7199,background
10x_human_ovarian_cancer_ffpe_visium,10x_human_ovarian_cancer_ffpe_visium,10x Visium | 10x Visium,4102,7073,background
10x_human_ovarian_cancer_ffpe_visium,10x_human_ovarian_cancer_ffpe_visium,10x Visium | 10x Visium,4174,7199,background
10x_human_ovarian_cancer_ffpe_visium,10x_human_ovarian_cancer_ffpe_visium,10x Visium | 10x Visium,4247,7074,background
10x_human_ovarian_cancer_ffpe_visium,10x_human_ovarian_cancer_ffpe_visium,10x Visium | 10x Visium,4319,7199,background
10x_human_ovarian_cancer_ffpe_visium,10x_human_ovarian_cancer_ffpe_visium,10x Visium | 10x Visium,4391,7074,background
10x_human_ovarian_cancer_ffpe_visium,10x_human_ovarian_cancer_ffpe_visium,10x Visium | 10x Visium,4463,7200,background
10x_human_ovarian_cancer_ffpe_visium,10x_human_ovarian_cancer_ffpe_visium,10x Visium | 10x Visium,4535,7074,background
10x_human_ovarian_cancer_ffpe_visium,10x_human_ovarian_cancer_ffpe_visium,10x Visium | 10x Visium,4607,7200,background
10x_human_ovarian_cancer_ffpe_visium,10x_human_ovarian_cancer_ffpe_visium,10x Visium | 10x Visium,4680,7074,background
10x_human_ovarian_cancer_ffpe_visium,10x_human_ovarian_cancer_ffpe_visium,10x Visium | 10x Visium,4752,7200,background
10x_human_ovarian_cancer_ffpe_visium,10x_human_ovarian_cancer_ffpe_visium,10x Visium | 10x Visium,4824,7074,background
10x_human_ovarian_cancer_ffpe_visium,10x_human_ovarian_cancer_ffpe_visium,10x Visium | 10x Visium,4896,7200,background
10x_human_ovarian_cancer_ffpe_visium,10x_human_ovarian_cancer_ffpe_visium,10x Visium | 10x Visium,4969,7075,background
10x_human_ovarian_cancer_ffpe_visium,10x_human_ovarian_cancer_ffpe_visium,10x Visium | 10x Visium,5041,7200,background
10x_human_ovarian_cancer_ffpe_visium,10x_human_ovarian_cancer_ffpe_visium,10x Visium | 10x Visium,5113,7075,background
10x_human_ovarian_cancer_ffpe_visium,10x_human_ovarian_cancer_ffpe_visium,10x Visium | 10x Visium,5185,7201,background
10x_human_ovarian_cancer_ffpe_visium,10x_human_ovarian_cancer_ffpe_visium,10x Visium | 10x Visium,5257,7075,background
10x_human_ovarian_cancer_ffpe_visium,10x_human_ovarian_cancer_ffpe_visium,10x Visium | 10x Visium,5329,7201,background
10x_human_ovarian_cancer_ffpe_visium,10x_human_ovarian_cancer_ffpe_visium,10x Visium | 10x Visium,5402,7075,background
10x_human_ovarian_cancer_ffpe_visium,10x_human_ovarian_cancer_ffpe_visium,10x Visium | 10x Visium,5474,7201,background
10x_human_ovarian_cancer_ffpe_visium,10x_human_ovarian_cancer_ffpe_visium,10x Visium | 10x Visium,5546,7076,background
10x_human_ovarian_cancer_ffpe_visium,10x_human_ovarian_cancer_ffpe_visium,10x Visium | 10x Visium,5618,7201,background
10x_human_ovarian_cancer_ffpe_visium,10x_human_ovarian_cancer_ffpe_visium,10x Visium | 10x Visium,5690,7076,background
10x_human_ovarian_cancer_ffpe_visium,10x_human_ovarian_cancer_ffpe_visium,10x Visium | 10x Visium,5762,7202,background
10x_human_ovarian_cancer_ffpe_visium,10x_human_ovarian_cancer_ffpe_visium,10x Visium | 10x Visium,5835,7076,background
10x_human_ovarian_cancer_ffpe_visium,10x_human_ovarian_cancer_ffpe_visium,10x Visium | 10x Visium,5907,7202,background
10x_human_ovarian_cancer_ffpe_visium,10x_human_ovarian_cancer_ffpe_visium,10x Visium | 10x Visium,5979,7076,background
10x_human_ovarian_cancer_ffpe_visium,10x_human_ovarian_cancer_ffpe_visium,10x Visium | 10x Visium,6051,7202,background
10x_human_ovarian_cancer_ffpe_visium,10x_human_ovarian_cancer_ffpe_visium,10x Visium | 10x Visium,6124,7077,background
10x_human_ovarian_cancer_ffpe_visium,10x_human_ovarian_cancer_ffpe_visium,10x Visium | 10x Visium,6196,7202,background
10x_human_ovarian_cancer_ffpe_visium,10x_human_ovarian_cancer_ffpe_visium,10x Visium | 10x Visium,6268,7077,background
10x_human_ovarian_cancer_ffpe_visium,10x_human_ovarian_cancer_ffpe_visium,10x Visium | 10x Visium,6340,7202,background
10x_human_ovarian_cancer_ffpe_visium,10x_human_ovarian_cancer_ffpe_visium,10x Visium | 10x Visium,6412,7077,background
10x_human_ovarian_cancer_ffpe_visium,10x_human_ovarian_cancer_ffpe_visium,10x Visium | 10x Visium,6484,7203,background
10x_human_ovarian_cancer_ffpe_visium,10x_human_ovarian_cancer_ffpe_visium,10x Visium | 10x Visium,6557,7077,background
10x_human_ovarian_cancer_ffpe_visium,10x_human_ovarian_cancer_ffpe_visium,10x Visium | 10x Visium,6629,7203,background
10x_human_ovarian_cancer_ffpe_visium,10x_human_ovarian_cancer_ffpe_visium,10x Visium | 10x Visium,6701,7077,background
10x_human_ovarian_cancer_ffpe_visium,10x_human_ovarian_cancer_ffpe_visium,10x Visium | 10x Visium,6773,7203,background
10x_human_ovarian_cancer_ffpe_visium,10x_human_ovarian_cancer_ffpe_visium,10x Visium | 10x Visium,6845,7078,background
10x_human_ovarian_cancer_ffpe_visium,10x_human_ovarian_cancer_ffpe_visium,10x Visium | 10x Visium,6917,7203,background
10x_human_ovarian_cancer_ffpe_visium,10x_human_ovarian_cancer_ffpe_visium,10x Visium | 10x Visium,6990,7078,background
10x_human_ovarian_cancer_ffpe_visium,10x_human_ovarian_cancer_ffpe_visium,10x Visium | 10x Visium,7062,7204,background
10x_human_ovarian_cancer_ffpe_visium,10x_human_ovarian_cancer_ffpe_visium,10x Visium | 10x Visium,7134,7078,background
10x_human_ovarian_cancer_ffpe_visium,10x_human_ovarian_cancer_ffpe_visium,10x Visium | 10x Visium,7206,7204,background
10x_human_ovarian_cancer_ffpe_visium,10x_human_ovarian_cancer_ffpe_visium,10x Visium | 10x Visium,7279,7078,background
10x_human_ovarian_cancer_ffpe_visium,10x_human_ovarian_cancer_ffpe_visium,10x Visium | 10x Visium,7351,7204,background
10x_human_ovarian_cancer_ffpe_visium,10x_human_ovarian_cancer_ffpe_visium,10x Visium | 10x Visium,7423,7079,background
10x_human_ovarian_cancer_ffpe_visium,10x_human_ovarian_cancer_ffpe_visium,10x Visium | 10x Visium,7495,7204,background
10x_human_ovarian_cancer_ffpe_visium,10x_human_ovarian_cancer_ffpe_visium,10x Visium | 10x Visium,7567,7079,background
10x_human_ovarian_cancer_ffpe_visium,10x_human_ovarian_cancer_ffpe_visium,10x Visium | 10x Visium,7639,7205,background
10x_human_ovarian_cancer_ffpe_visium,10x_human_ovarian_cancer_ffpe_visium,10x Visium | 10x Visium,7712,7079,background
10x_human_ovarian_cancer_ffpe_visium,10x_human_ovarian_cancer_ffpe_visium,10x Visium | 10x Visium,7784,7205,background
10x_human_ovarian_cancer_ffpe_visium,10x_human_ovarian_cancer_ffpe_visium,10x Visium | 10x Visium,7856,7079,background
10x_human_ovarian_cancer_ffpe_visium,10x_human_ovarian_cancer_ffpe_visium,10x Visium | 10x Visium,7928,7205,background
10x_human_ovarian_cancer_ffpe_visium,10x_human_ovarian_cancer_ffpe_visium,10x Visium | 10x Visium,8001,7080,background
10x_human_ovarian_cancer_ffpe_visium,10x_human_ovarian_cancer_ffpe_visium,10x Visium | 10x Visium,8073,7205,background
10x_human_ovarian_cancer_ffpe_visium,10x_human_ovarian_cancer_ffpe_visium,10x Visium | 10x Visium,8145,7080,background
10x_human_ovarian_cancer_ffpe_visium,10x_human_ovarian_cancer_ffpe_visium,10x Visium | 10x Visium,8217,7205,background
10x_human_ovarian_cancer_ffpe_visium,10x_human_ovarian_cancer_ffpe_visium,10x Visium | 10x Visium,8289,7080,background
10x_human_ovarian_cancer_ffpe_visium,10x_human_ovarian_cancer_ffpe_visium,10x Visium | 10x Visium,8361,7206,background
10x_human_ovarian_cancer_ffpe_visium,10x_human_ovarian_cancer_ffpe_visium,10x Visium | 10x Visium,8434,7080,background
10x_human_ovarian_cancer_ffpe_visium,10x_human_ovarian_cancer_ffpe_visium,10x Visium | 10x Visium,8506,7206,background
10x_human_ovarian_cancer_ffpe_visium,10x_human_ovarian_cancer_ffpe_visium,10x Visium | 10x Visium,8578,7080,background
10x_human_ovarian_cancer_ffpe_visium,10x_human_ovarian_cancer_ffpe_visium,10x Visium | 10x Visium,8650,7206,background
10x_human_ovarian_cancer_ffpe_visium,10x_human_ovarian_cancer_ffpe_visium,10x Visium | 10x Visium,8722,7081,background
10x_human_ovarian_cancer_ffpe_visium,10x_human_ovarian_cancer_ffpe_visium,10x Visium | 10x Visium,8794,7206,background
10x_human_ovarian_cancer_ffpe_visium,10x_human_ovarian_cancer_ffpe_visium,10x Visium | 10x Visium,8867,7081,background
10x_human_ovarian_cancer_ffpe_visium,10x_human_ovarian_cancer_ffpe_visium,10x Visium | 10x Visium,8939,7207,background
10x_human_ovarian_cancer_ffpe_visium,10x_human_ovarian_cancer_ffpe_visium,10x Visium | 10x Visium,9011,7081,background
10x_human_ovarian_cancer_ffpe_visium,10x_human_ovarian_cancer_ffpe_visium,10x Visium | 10x Visium,9083,7207,background
10x_human_ovarian_cancer_ffpe_visium,10x_human_ovarian_cancer_ffpe_visium,10x Visium | 10x Visium,9156,7081,background
10x_human_ovarian_cancer_ffpe_visium,10x_human_ovarian_cancer_ffpe_visium,10x Visium | 10x Visium,9228,7207,background
10x_human_ovarian_cancer_ffpe_visium,10x_human_ovarian_cancer_ffpe_visium,10x Visium | 10x Visium,9300,7082,background
10x_human_ovarian_cancer_ffpe_visium,10x_human_ovarian_cancer_ffpe_visium,10x Visium | 10x Visium,9372,7207,background
10x_human_ovarian_cancer_ffpe_visium,10x_human_ovarian_cancer_ffpe_visium,10x Visium | 10x Visium,9444,7082,background
10x_human_ovarian_cancer_ffpe_visium,10x_human_ovarian_cancer_ffpe_visium,10x Visium | 10x Visium,9516,7208,background
10x_human_ovarian_cancer_ffpe_visium,10x_human_ovarian_cancer_ffpe_visium,10x Visium | 10x Visium,9589,7082,background
10x_human_ovarian_cancer_ffpe_visium,10x_human_ovarian_cancer_ffpe_visium,10x Visium | 10x Visium,9661,7208,background
10x_human_ovarian_cancer_ffpe_visium,10x_human_ovarian_cancer_ffpe_visium,10x Visium | 10x Visium,9733,7082,background
10x_human_ovarian_cancer_ffpe_visium,10x_human_ovarian_cancer_ffpe_visium,10x Visium | 10x Visium,9805,7208,background
10x_human_ovarian_cancer_ffpe_visium,10x_human_ovarian_cancer_ffpe_visium,10x Visium | 10x Visium,9877,7082,background
10x_human_ovarian_cancer_ffpe_visium,10x_human_ovarian_cancer_ffpe_visium,10x Visium | 10x Visium,9949,7208,background
10x_human_ovarian_cancer_ffpe_visium,10x_human_ovarian_cancer_ffpe_visium,10x Visium | 10x Visium,10022,7083,background
10x_human_ovarian_cancer_ffpe_visium,10x_human_ovarian_cancer_ffpe_visium,10x Visium | 10x Visium,10094,7208,background
10x_human_ovarian_cancer_ffpe_visium,10x_human_ovarian_cancer_ffpe_visium,10x Visium | 10x Visium,10166,7083,background
10x_human_ovarian_cancer_ffpe_visium,10x_human_ovarian_cancer_ffpe_visium,10x Visium | 10x Visium,10238,7209,background
10x_human_ovarian_cancer_ffpe_visium,10x_human_ovarian_cancer_ffpe_visium,10x Visium | 10x Visium,10311,7083,background
10x_human_ovarian_cancer_ffpe_visium,10x_human_ovarian_cancer_ffpe_visium,10x Visium | 10x Visium,10383,7209,background
10x_human_ovarian_cancer_ffpe_visium,10x_human_ovarian_cancer_ffpe_visium,10x Visium | 10x Visium,10455,7083,background
10x_human_ovarian_cancer_ffpe_visium,10x_human_ovarian_cancer_ffpe_visium,10x Visium | 10x Visium,10527,7209,background
10x_human_ovarian_cancer_ffpe_visium,10x_human_ovarian_cancer_ffpe_visium,10x Visium | 10x Visium,10599,7084,background
10x_human_ovarian_cancer_ffpe_visium,10x_human_ovarian_cancer_ffpe_visium,10x Visium | 10x Visium,10671,7209,background
10x_human_ovarian_cancer_ffpe_visium,10x_human_ovarian_cancer_ffpe_visium,10x Visium | 10x Visium,10744,7084,background
10x_human_ovarian_cancer_ffpe_visium,10x_human_ovarian_cancer_ffpe_visium,10x Visium | 10x Visium,10816,7210,background
10x_human_ovarian_cancer_ffpe_visium,10x_human_ovarian_cancer_ffpe_visium,10x Visium | 10x Visium,10888,7084,background
10x_human_ovarian_cancer_ffpe_visium,10x_human_ovarian_cancer_ffpe_visium,10x Visium | 10x Visium,10960,7210,background
10x_human_ovarian_cancer_ffpe_visium,10x_human_ovarian_cancer_ffpe_visium,10x Visium | 10x Visium,11033,7084,background
10x_human_ovarian_cancer_ffpe_visium,10x_human_ovarian_cancer_ffpe_visium,10x Visium | 10x Visium,2514,7322,background
10x_human_ovarian_cancer_ffpe_visium,10x_human_ovarian_cancer_ffpe_visium,10x Visium | 10x Visium,2586,7448,background
10x_human_ovarian_cancer_ffpe_visium,10x_human_ovarian_cancer_ffpe_visium,10x Visium | 10x Visium,2658,7322,background
10x_human_ovarian_cancer_ffpe_visium,10x_human_ovarian_cancer_ffpe_visium,10x Visium | 10x Visium,2730,7448,background
10x_human_ovarian_cancer_ffpe_visium,10x_human_ovarian_cancer_ffpe_visium,10x Visium | 10x Visium,2802,7323,background
10x_human_ovarian_cancer_ffpe_visium,10x_human_ovarian_cancer_ffpe_visium,10x Visium | 10x Visium,2874,7448,background
10x_human_ovarian_cancer_ffpe_visium,10x_human_ovarian_cancer_ffpe_visium,10x Visium | 10x Visium,2947,7323,background
10x_human_ovarian_cancer_ffpe_visium,10x_human_ovarian_cancer_ffpe_visium,10x Visium | 10x Visium,3019,7448,background
10x_human_ovarian_cancer_ffpe_visium,10x_human_ovarian_cancer_ffpe_visium,10x Visium | 10x Visium,3091,7323,background
10x_human_ovarian_cancer_ffpe_visium,10x_human_ovarian_cancer_ffpe_visium,10x Visium | 10x Visium,3163,7449,background
10x_human_ovarian_cancer_ffpe_visium,10x_human_ovarian_cancer_ffpe_visium,10x Visium | 10x Visium,3236,7323,background
10x_human_ovarian_cancer_ffpe_visium,10x_human_ovarian_cancer_ffpe_visium,10x Visium | 10x Visium,3308,7449,background
10x_human_ovarian_cancer_ffpe_visium,10x_human_ovarian_cancer_ffpe_visium,10x Visium | 10x Visium,3380,7323,background
10x_human_ovarian_cancer_ffpe_visium,10x_human_ovarian_cancer_ffpe_visium,10x Visium | 10x Visium,3452,7449,background
10x_human_ovarian_cancer_ffpe_visium,10x_human_ovarian_cancer_ffpe_visium,10x Visium | 10x Visium,3524,7324,background
10x_human_ovarian_cancer_ffpe_visium,10x_human_ovarian_cancer_ffpe_visium,10x Visium | 10x Visium,3596,7449,background
10x_human_ovarian_cancer_ffpe_visium,10x_human_ovarian_cancer_ffpe_visium,10x Visium | 10x Visium,3669,7324,background
10x_human_ovarian_cancer_ffpe_visium,10x_human_ovarian_cancer_ffpe_visium,10x Visium | 10x Visium,3741,7450,background
10x_human_ovarian_cancer_ffpe_visium,10x_human_ovarian_cancer_ffpe_visium,10x Visium | 10x Visium,3813,7324,background
10x_human_ovarian_cancer_ffpe_visium,10x_human_ovarian_cancer_ffpe_visium,10x Visium | 10x Visium,3885,7450,background
10x_human_ovarian_cancer_ffpe_visium,10x_human_ovarian_cancer_ffpe_visium,10x Visium | 10x Visium,3958,7324,background
10x_human_ovarian_cancer_ffpe_visium,10x_human_ovarian_cancer_ffpe_visium,10x Visium | 10x Visium,4029,7450,background
10x_human_ovarian_cancer_ffpe_visium,10x_human_ovarian_cancer_ffpe_visium,10x Visium | 10x Visium,4102,7325,background
10x_human_ovarian_cancer_ffpe_visium,10x_human_ovarian_cancer_ffpe_visium,10x Visium | 10x Visium,4174,7450,background
10x_human_ovarian_cancer_ffpe_visium,10x_human_ovarian_cancer_ffpe_visium,10x Visium | 10x Visium,4246,7325,background
10x_human_ovarian_cancer_ffpe_visium,10x_human_ovarian_cancer_ffpe_visium,10x Visium | 10x Visium,4318,7451,background
10x_human_ovarian_cancer_ffpe_visium,10x_human_ovarian_cancer_ffpe_visium,10x Visium | 10x Visium,4391,7325,background
10x_human_ovarian_cancer_ffpe_visium,10x_human_ovarian_cancer_ffpe_visium,10x Visium | 10x Visium,4463,7451,background
10x_human_ovarian_cancer_ffpe_visium,10x_human_ovarian_cancer_ffpe_visium,10x Visium | 10x Visium,4535,7325,background
10x_human_ovarian_cancer_ffpe_visium,10x_human_ovarian_cancer_ffpe_visium,10x Visium | 10x Visium,4607,7451,background
10x_human_ovarian_cancer_ffpe_visium,10x_human_ovarian_cancer_ffpe_visium,10x Visium | 10x Visium,4679,7325,background
10x_human_ovarian_cancer_ffpe_visium,10x_human_ovarian_cancer_ffpe_visium,10x Visium | 10x Visium,4751,7451,background
10x_human_ovarian_cancer_ffpe_visium,10x_human_ovarian_cancer_ffpe_visium,10x Visium | 10x Visium,4824,7326,background
10x_human_ovarian_cancer_ffpe_visium,10x_human_ovarian_cancer_ffpe_visium,10x Visium | 10x Visium,4896,7451,background
10x_human_ovarian_cancer_ffpe_visium,10x_human_ovarian_cancer_ffpe_visium,10x Visium | 10x Visium,4968,7326,background
10x_human_ovarian_cancer_ffpe_visium,10x_human_ovarian_cancer_ffpe_visium,10x Visium | 10x Visium,5040,7452,background
10x_human_ovarian_cancer_ffpe_visium,10x_human_ovarian_cancer_ffpe_visium,10x Visium | 10x Visium,5113,7326,background
10x_human_ovarian_cancer_ffpe_visium,10x_human_ovarian_cancer_ffpe_visium,10x Visium | 10x Visium,5185,7452,background
10x_human_ovarian_cancer_ffpe_visium,10x_human_ovarian_cancer_ffpe_visium,10x Visium | 10x Visium,5257,7326,background
10x_human_ovarian_cancer_ffpe_visium,10x_human_ovarian_cancer_ffpe_visium,10x Visium | 10x Visium,5329,7452,background
10x_human_ovarian_cancer_ffpe_visium,10x_human_ovarian_cancer_ffpe_visium,10x Visium | 10x Visium,5401,7327,background
10x_human_ovarian_cancer_ffpe_visium,10x_human_ovarian_cancer_ffpe_visium,10x Visium | 10x Visium,5473,7452,background
10x_human_ovarian_cancer_ffpe_visium,10x_human_ovarian_cancer_ffpe_visium,10x Visium | 10x Visium,5546,7327,background
10x_human_ovarian_cancer_ffpe_visium,10x_human_ovarian_cancer_ffpe_visium,10x Visium | 10x Visium,5618,7453,background
10x_human_ovarian_cancer_ffpe_visium,10x_human_ovarian_cancer_ffpe_visium,10x Visium | 10x Visium,5690,7327,background
10x_human_ovarian_cancer_ffpe_visium,10x_human_ovarian_cancer_ffpe_visium,10x Visium | 10x Visium,5762,7453,background
10x_human_ovarian_cancer_ffpe_visium,10x_human_ovarian_cancer_ffpe_visium,10x Visium | 10x Visium,5834,7327,background
10x_human_ovarian_cancer_ffpe_visium,10x_human_ovarian_cancer_ffpe_visium,10x Visium | 10x Visium,5906,7453,background
10x_human_ovarian_cancer_ffpe_visium,10x_human_ovarian_cancer_ffpe_visium,10x Visium | 10x Visium,5979,7328,background
10x_human_ovarian_cancer_ffpe_visium,10x_human_ovarian_cancer_ffpe_visium,10x Visium | 10x Visium,6051,7453,background
10x_human_ovarian_cancer_ffpe_visium,10x_human_ovarian_cancer_ffpe_visium,10x Visium | 10x Visium,6123,7328,background
10x_human_ovarian_cancer_ffpe_visium,10x_human_ovarian_cancer_ffpe_visium,10x Visium | 10x Visium,6195,7453,background
10x_human_ovarian_cancer_ffpe_visium,10x_human_ovarian_cancer_ffpe_visium,10x Visium | 10x Visium,6268,7328,background
10x_human_ovarian_cancer_ffpe_visium,10x_human_ovarian_cancer_ffpe_visium,10x Visium | 10x Visium,6340,7454,background
10x_human_ovarian_cancer_ffpe_visium,10x_human_ovarian_cancer_ffpe_visium,10x Visium | 10x Visium,6412,7328,background
10x_human_ovarian_cancer_ffpe_visium,10x_human_ovarian_cancer_ffpe_visium,10x Visium | 10x Visium,6484,7454,background
10x_human_ovarian_cancer_ffpe_visium,10x_human_ovarian_cancer_ffpe_visium,10x Visium | 10x Visium,6556,7328,background
10x_human_ovarian_cancer_ffpe_visium,10x_human_ovarian_cancer_ffpe_visium,10x Visium | 10x Visium,6628,7454,background
10x_human_ovarian_cancer_ffpe_visium,10x_human_ovarian_cancer_ffpe_visium,10x Visium | 10x Visium,6701,7329,background
10x_human_ovarian_cancer_ffpe_visium,10x_human_ovarian_cancer_ffpe_visium,10x Visium | 10x Visium,6773,7454,background
10x_human_ovarian_cancer_ffpe_visium,10x_human_ovarian_cancer_ffpe_visium,10x Visium | 10x Visium,6845,7329,background
10x_human_ovarian_cancer_ffpe_visium,10x_human_ovarian_cancer_ffpe_visium,10x Visium | 10x Visium,6917,7455,background
10x_human_ovarian_cancer_ffpe_visium,10x_human_ovarian_cancer_ffpe_visium,10x Visium | 10x Visium,6989,7329,background
10x_human_ovarian_cancer_ffpe_visium,10x_human_ovarian_cancer_ffpe_visium,10x Visium | 10x Visium,7061,7455,background
10x_human_ovarian_cancer_ffpe_visium,10x_human_ovarian_cancer_ffpe_visium,10x Visium | 10x Visium,7134,7329,background
10x_human_ovarian_cancer_ffpe_visium,10x_human_ovarian_cancer_ffpe_visium,10x Visium | 10x Visium,7206,7455,background
10x_human_ovarian_cancer_ffpe_visium,10x_human_ovarian_cancer_ffpe_visium,10x Visium | 10x Visium,7278,7330,background
10x_human_ovarian_cancer_ffpe_visium,10x_human_ovarian_cancer_ffpe_visium,10x Visium | 10x Visium,7350,7455,background
10x_human_ovarian_cancer_ffpe_visium,10x_human_ovarian_cancer_ffpe_visium,10x Visium | 10x Visium,7423,7330,background
10x_human_ovarian_cancer_ffpe_visium,10x_human_ovarian_cancer_ffpe_visium,10x Visium | 10x Visium,7495,7456,background
10x_human_ovarian_cancer_ffpe_visium,10x_human_ovarian_cancer_ffpe_visium,10x Visium | 10x Visium,7567,7330,background
10x_human_ovarian_cancer_ffpe_visium,10x_human_ovarian_cancer_ffpe_visium,10x Visium | 10x Visium,7639,7456,background
10x_human_ovarian_cancer_ffpe_visium,10x_human_ovarian_cancer_ffpe_visium,10x Visium | 10x Visium,7711,7330,background
10x_human_ovarian_cancer_ffpe_visium,10x_human_ovarian_cancer_ffpe_visium,10x Visium | 10x Visium,7783,7456,background
10x_human_ovarian_cancer_ffpe_visium,10x_human_ovarian_cancer_ffpe_visium,10x Visium | 10x Visium,7856,7331,background
10x_human_ovarian_cancer_ffpe_visium,10x_human_ovarian_cancer_ffpe_visium,10x Visium | 10x Visium,7928,7456,background
10x_human_ovarian_cancer_ffpe_visium,10x_human_ovarian_cancer_ffpe_visium,10x Visium | 10x Visium,8000,7331,background
10x_human_ovarian_cancer_ffpe_visium,10x_human_ovarian_cancer_ffpe_visium,10x Visium | 10x Visium,8072,7456,background
10x_human_ovarian_cancer_ffpe_visium,10x_human_ovarian_cancer_ffpe_visium,10x Visium | 10x Visium,8145,7331,background
10x_human_ovarian_cancer_ffpe_visium,10x_human_ovarian_cancer_ffpe_visium,10x Visium | 10x Visium,8217,7457,background
10x_human_ovarian_cancer_ffpe_visium,10x_human_ovarian_cancer_ffpe_visium,10x Visium | 10x Visium,8289,7331,background
10x_human_ovarian_cancer_ffpe_visium,10x_human_ovarian_cancer_ffpe_visium,10x Visium | 10x Visium,8361,7457,background
10x_human_ovarian_cancer_ffpe_visium,10x_human_ovarian_cancer_ffpe_visium,10x Visium | 10x Visium,8433,7331,background
10x_human_ovarian_cancer_ffpe_visium,10x_human_ovarian_cancer_ffpe_visium,10x Visium | 10x Visium,8505,7457,background
10x_human_ovarian_cancer_ffpe_visium,10x_human_ovarian_cancer_ffpe_visium,10x Visium | 10x Visium,8578,7332,background
10x_human_ovarian_cancer_ffpe_visium,10x_human_ovarian_cancer_ffpe_visium,10x Visium | 10x Visium,8650,7457,background
10x_human_ovarian_cancer_ffpe_visium,10x_human_ovarian_cancer_ffpe_visium,10x Visium | 10x Visium,8722,7332,background
10x_human_ovarian_cancer_ffpe_visium,10x_human_ovarian_cancer_ffpe_visium,10x Visium | 10x Visium,8794,7458,background
10x_human_ovarian_cancer_ffpe_visium,10x_human_ovarian_cancer_ffpe_visium,10x Visium | 10x Visium,8866,7332,background
10x_human_ovarian_cancer_ffpe_visium,10x_human_ovarian_cancer_ffpe_visium,10x Visium | 10x Visium,8938,7458,background
10x_human_ovarian_cancer_ffpe_visium,10x_human_ovarian_cancer_ffpe_visium,10x Visium | 10x Visium,9011,7332,background
10x_human_ovarian_cancer_ffpe_visium,10x_human_ovarian_cancer_ffpe_visium,10x Visium | 10x Visium,9083,7458,background
10x_human_ovarian_cancer_ffpe_visium,10x_human_ovarian_cancer_ffpe_visium,10x Visium | 10x Visium,9155,7333,background
10x_human_ovarian_cancer_ffpe_visium,10x_human_ovarian_cancer_ffpe_visium,10x Visium | 10x Visium,9227,7458,background
10x_human_ovarian_cancer_ffpe_visium,10x_human_ovarian_cancer_ffpe_visium,10x Visium | 10x Visium,9300,7333,background
10x_human_ovarian_cancer_ffpe_visium,10x_human_ovarian_cancer_ffpe_visium,10x Visium | 10x Visium,9372,7459,background
10x_human_ovarian_cancer_ffpe_visium,10x_human_ovarian_cancer_ffpe_visium,10x Visium | 10x Visium,9444,7333,background
10x_human_ovarian_cancer_ffpe_visium,10x_human_ovarian_cancer_ffpe_visium,10x Visium | 10x Visium,9516,7459,background
10x_human_ovarian_cancer_ffpe_visium,10x_human_ovarian_cancer_ffpe_visium,10x Visium | 10x Visium,9588,7333,background
10x_human_ovarian_cancer_ffpe_visium,10x_human_ovarian_cancer_ffpe_visium,10x Visium | 10x Visium,9660,7459,background
10x_human_ovarian_cancer_ffpe_visium,10x_human_ovarian_cancer_ffpe_visium,10x Visium | 10x Visium,9733,7333,background
10x_human_ovarian_cancer_ffpe_visium,10x_human_ovarian_cancer_ffpe_visium,10x Visium | 10x Visium,9805,7459,background
10x_human_ovarian_cancer_ffpe_visium,10x_human_ovarian_cancer_ffpe_visium,10x Visium | 10x Visium,9877,7334,background
10x_human_ovarian_cancer_ffpe_visium,10x_human_ovarian_cancer_ffpe_visium,10x Visium | 10x Visium,9949,7459,background
10x_human_ovarian_cancer_ffpe_visium,10x_human_ovarian_cancer_ffpe_visium,10x Visium | 10x Visium,10021,7334,background
10x_human_ovarian_cancer_ffpe_visium,10x_human_ovarian_cancer_ffpe_visium,10x Visium | 10x Visium,10093,7460,background
10x_human_ovarian_cancer_ffpe_visium,10x_human_ovarian_cancer_ffpe_visium,10x Visium | 10x Visium,10166,7334,background
10x_human_ovarian_cancer_ffpe_visium,10x_human_ovarian_cancer_ffpe_visium,10x Visium | 10x Visium,10238,7460,background
10x_human_ovarian_cancer_ffpe_visium,10x_human_ovarian_cancer_ffpe_visium,10x Visium | 10x Visium,10310,7334,background
10x_human_ovarian_cancer_ffpe_visium,10x_human_ovarian_cancer_ffpe_visium,10x Visium | 10x Visium,10382,7460,background
10x_human_ovarian_cancer_ffpe_visium,10x_human_ovarian_cancer_ffpe_visium,10x Visium | 10x Visium,10455,7335,background
10x_human_ovarian_cancer_ffpe_visium,10x_human_ovarian_cancer_ffpe_visium,10x Visium | 10x Visium,10527,7460,background
10x_human_ovarian_cancer_ffpe_visium,10x_human_ovarian_cancer_ffpe_visium,10x Visium | 10x Visium,10599,7335,background
10x_human_ovarian_cancer_ffpe_visium,10x_human_ovarian_cancer_ffpe_visium,10x Visium | 10x Visium,10671,7461,background
10x_human_ovarian_cancer_ffpe_visium,10x_human_ovarian_cancer_ffpe_visium,10x Visium | 10x Visium,10743,7335,background
10x_human_ovarian_cancer_ffpe_visium,10x_human_ovarian_cancer_ffpe_visium,10x Visium | 10x Visium,10815,7461,background
10x_human_ovarian_cancer_ffpe_visium,10x_human_ovarian_cancer_ffpe_visium,10x Visium | 10x Visium,10888,7335,background
10x_human_ovarian_cancer_ffpe_visium,10x_human_ovarian_cancer_ffpe_visium,10x Visium | 10x Visium,10960,7461,background
10x_human_ovarian_cancer_ffpe_visium,10x_human_ovarian_cancer_ffpe_visium,10x Visium | 10x Visium,2513,7573,background
10x_human_ovarian_cancer_ffpe_visium,10x_human_ovarian_cancer_ffpe_visium,10x Visium | 10x Visium,2585,7699,background
10x_human_ovarian_cancer_ffpe_visium,10x_human_ovarian_cancer_ffpe_visium,10x Visium | 10x Visium,2658,7574,background
10x_human_ovarian_cancer_ffpe_visium,10x_human_ovarian_cancer_ffpe_visium,10x Visium | 10x Visium,2730,7699,background
10x_human_ovarian_cancer_ffpe_visium,10x_human_ovarian_cancer_ffpe_visium,10x Visium | 10x Visium,2802,7574,background
10x_human_ovarian_cancer_ffpe_visium,10x_human_ovarian_cancer_ffpe_visium,10x Visium | 10x Visium,2874,7699,background
10x_human_ovarian_cancer_ffpe_visium,10x_human_ovarian_cancer_ffpe_visium,10x Visium | 10x Visium,2946,7574,background
10x_human_ovarian_cancer_ffpe_visium,10x_human_ovarian_cancer_ffpe_visium,10x Visium | 10x Visium,3018,7700,background
10x_human_ovarian_cancer_ffpe_visium,10x_human_ovarian_cancer_ffpe_visium,10x Visium | 10x Visium,3091,7574,background
10x_human_ovarian_cancer_ffpe_visium,10x_human_ovarian_cancer_ffpe_visium,10x Visium | 10x Visium,3163,7700,background
10x_human_ovarian_cancer_ffpe_visium,10x_human_ovarian_cancer_ffpe_visium,10x Visium | 10x Visium,3235,7574,background
10x_human_ovarian_cancer_ffpe_visium,10x_human_ovarian_cancer_ffpe_visium,10x Visium | 10x Visium,3307,7700,background
10x_human_ovarian_cancer_ffpe_visium,10x_human_ovarian_cancer_ffpe_visium,10x Visium | 10x Visium,3380,7575,background
10x_human_ovarian_cancer_ffpe_visium,10x_human_ovarian_cancer_ffpe_visium,10x Visium | 10x Visium,3452,7700,background
10x_human_ovarian_cancer_ffpe_visium,10x_human_ovarian_cancer_ffpe_visium,10x Visium | 10x Visium,3524,7575,background
10x_human_ovarian_cancer_ffpe_visium,10x_human_ovarian_cancer_ffpe_visium,10x Visium | 10x Visium,3596,7701,background
10x_human_ovarian_cancer_ffpe_visium,10x_human_ovarian_cancer_ffpe_visium,10x Visium | 10x Visium,3668,7575,background
10x_human_ovarian_cancer_ffpe_visium,10x_human_ovarian_cancer_ffpe_visium,10x Visium | 10x Visium,3740,7701,background
10x_human_ovarian_cancer_ffpe_visium,10x_human_ovarian_cancer_ffpe_visium,10x Visium | 10x Visium,3813,7575,background
10x_human_ovarian_cancer_ffpe_visium,10x_human_ovarian_cancer_ffpe_visium,10x Visium | 10x Visium,3885,7701,background
10x_human_ovarian_cancer_ffpe_visium,10x_human_ovarian_cancer_ffpe_visium,10x Visium | 10x Visium,3957,7576,background
10x_human_ovarian_cancer_ffpe_visium,10x_human_ovarian_cancer_ffpe_visium,10x Visium | 10x Visium,4029,7701,background
10x_human_ovarian_cancer_ffpe_visium,10x_human_ovarian_cancer_ffpe_visium,10x Visium | 10x Visium,4101,7576,background
10x_human_ovarian_cancer_ffpe_visium,10x_human_ovarian_cancer_ffpe_visium,10x Visium | 10x Visium,4173,7702,background
10x_human_ovarian_cancer_ffpe_visium,10x_human_ovarian_cancer_ffpe_visium,10x Visium | 10x Visium,4246,7576,background
10x_human_ovarian_cancer_ffpe_visium,10x_human_ovarian_cancer_ffpe_visium,10x Visium | 10x Visium,4318,7702,background
10x_human_ovarian_cancer_ffpe_visium,10x_human_ovarian_cancer_ffpe_visium,10x Visium | 10x Visium,4390,7576,background
10x_human_ovarian_cancer_ffpe_visium,10x_human_ovarian_cancer_ffpe_visium,10x Visium | 10x Visium,4462,7702,background
10x_human_ovarian_cancer_ffpe_visium,10x_human_ovarian_cancer_ffpe_visium,10x Visium | 10x Visium,4535,7576,background
10x_human_ovarian_cancer_ffpe_visium,10x_human_ovarian_cancer_ffpe_visium,10x Visium | 10x Visium,4607,7702,background
10x_human_ovarian_cancer_ffpe_visium,10x_human_ovarian_cancer_ffpe_visium,10x Visium | 10x Visium,4679,7577,background
10x_human_ovarian_cancer_ffpe_visium,10x_human_ovarian_cancer_ffpe_visium,10x Visium | 10x Visium,4751,7702,background
10x_human_ovarian_cancer_ffpe_visium,10x_human_ovarian_cancer_ffpe_visium,10x Visium | 10x Visium,4823,7577,background
10x_human_ovarian_cancer_ffpe_visium,10x_human_ovarian_cancer_ffpe_visium,10x Visium | 10x Visium,4895,7703,background
10x_human_ovarian_cancer_ffpe_visium,10x_human_ovarian_cancer_ffpe_visium,10x Visium | 10x Visium,4968,7577,background
10x_human_ovarian_cancer_ffpe_visium,10x_human_ovarian_cancer_ffpe_visium,10x Visium | 10x Visium,5040,7703,background
10x_human_ovarian_cancer_ffpe_visium,10x_human_ovarian_cancer_ffpe_visium,10x Visium | 10x Visium,5112,7577,background
10x_human_ovarian_cancer_ffpe_visium,10x_human_ovarian_cancer_ffpe_visium,10x Visium | 10x Visium,5184,7703,background
10x_human_ovarian_cancer_ffpe_visium,10x_human_ovarian_cancer_ffpe_visium,10x Visium | 10x Visium,5257,7578,background
10x_human_ovarian_cancer_ffpe_visium,10x_human_ovarian_cancer_ffpe_visium,10x Visium | 10x Visium,5329,7703,background
10x_human_ovarian_cancer_ffpe_visium,10x_human_ovarian_cancer_ffpe_visium,10x Visium | 10x Visium,5401,7578,background
10x_human_ovarian_cancer_ffpe_visium,10x_human_ovarian_cancer_ffpe_visium,10x Visium | 10x Visium,5473,7704,background
10x_human_ovarian_cancer_ffpe_visium,10x_human_ovarian_cancer_ffpe_visium,10x Visium | 10x Visium,5545,7578,background
10x_human_ovarian_cancer_ffpe_visium,10x_human_ovarian_cancer_ffpe_visium,10x Visium | 10x Visium,5617,7704,background
10x_human_ovarian_cancer_ffpe_visium,10x_human_ovarian_cancer_ffpe_visium,10x Visium | 10x Visium,5690,7578,background
10x_human_ovarian_cancer_ffpe_visium,10x_human_ovarian_cancer_ffpe_visium,10x Visium | 10x Visium,5762,7704,background
10x_human_ovarian_cancer_ffpe_visium,10x_human_ovarian_cancer_ffpe_visium,10x Visium | 10x Visium,5834,7579,background
10x_human_ovarian_cancer_ffpe_visium,10x_human_ovarian_cancer_ffpe_visium,10x Visium | 10x Visium,5906,7704,background
10x_human_ovarian_cancer_ffpe_visium,10x_human_ovarian_cancer_ffpe_visium,10x Visium | 10x Visium,5978,7579,background
10x_human_ovarian_cancer_ffpe_visium,10x_human_ovarian_cancer_ffpe_visium,10x Visium | 10x Visium,6050,7704,background
10x_human_ovarian_cancer_ffpe_visium,10x_human_ovarian_cancer_ffpe_visium,10x Visium | 10x Visium,6123,7579,background
10x_human_ovarian_cancer_ffpe_visium,10x_human_ovarian_cancer_ffpe_visium,10x Visium | 10x Visium,6195,7705,background
10x_human_ovarian_cancer_ffpe_visium,10x_human_ovarian_cancer_ffpe_visium,10x Visium | 10x Visium,6267,7579,background
10x_human_ovarian_cancer_ffpe_visium,10x_human_ovarian_cancer_ffpe_visium,10x Visium | 10x Visium,6339,7705,background
10x_human_ovarian_cancer_ffpe_visium,10x_human_ovarian_cancer_ffpe_visium,10x Visium | 10x Visium,6412,7579,background
10x_human_ovarian_cancer_ffpe_visium,10x_human_ovarian_cancer_ffpe_visium,10x Visium | 10x Visium,6484,7705,background
10x_human_ovarian_cancer_ffpe_visium,10x_human_ovarian_cancer_ffpe_visium,10x Visium | 10x Visium,6556,7580,background
10x_human_ovarian_cancer_ffpe_visium,10x_human_ovarian_cancer_ffpe_visium,10x Visium | 10x Visium,6628,7705,background
10x_human_ovarian_cancer_ffpe_visium,10x_human_ovarian_cancer_ffpe_visium,10x Visium | 10x Visium,6700,7580,background
10x_human_ovarian_cancer_ffpe_visium,10x_human_ovarian_cancer_ffpe_visium,10x Visium | 10x Visium,6772,7706,background
10x_human_ovarian_cancer_ffpe_visium,10x_human_ovarian_cancer_ffpe_visium,10x Visium | 10x Visium,6845,7580,background
10x_human_ovarian_cancer_ffpe_visium,10x_human_ovarian_cancer_ffpe_visium,10x Visium | 10x Visium,6917,7706,background
10x_human_ovarian_cancer_ffpe_visium,10x_human_ovarian_cancer_ffpe_visium,10x Visium | 10x Visium,6989,7580,background
10x_human_ovarian_cancer_ffpe_visium,10x_human_ovarian_cancer_ffpe_visium,10x Visium | 10x Visium,7061,7706,background
10x_human_ovarian_cancer_ffpe_visium,10x_human_ovarian_cancer_ffpe_visium,10x Visium | 10x Visium,7133,7581,background
10x_human_ovarian_cancer_ffpe_visium,10x_human_ovarian_cancer_ffpe_visium,10x Visium | 10x Visium,7205,7706,background
10x_human_ovarian_cancer_ffpe_visium,10x_human_ovarian_cancer_ffpe_visium,10x Visium | 10x Visium,7278,7581,background
10x_human_ovarian_cancer_ffpe_visium,10x_human_ovarian_cancer_ffpe_visium,10x Visium | 10x Visium,7350,7707,background
10x_human_ovarian_cancer_ffpe_visium,10x_human_ovarian_cancer_ffpe_visium,10x Visium | 10x Visium,7422,7581,background
10x_human_ovarian_cancer_ffpe_visium,10x_human_ovarian_cancer_ffpe_visium,10x Visium | 10x Visium,7494,7707,background
10x_human_ovarian_cancer_ffpe_visium,10x_human_ovarian_cancer_ffpe_visium,10x Visium | 10x Visium,7567,7581,background
10x_human_ovarian_cancer_ffpe_visium,10x_human_ovarian_cancer_ffpe_visium,10x Visium | 10x Visium,7639,7707,background
10x_human_ovarian_cancer_ffpe_visium,10x_human_ovarian_cancer_ffpe_visium,10x Visium | 10x Visium,7711,7581,background
10x_human_ovarian_cancer_ffpe_visium,10x_human_ovarian_cancer_ffpe_visium,10x Visium | 10x Visium,7783,7707,background
10x_human_ovarian_cancer_ffpe_visium,10x_human_ovarian_cancer_ffpe_visium,10x Visium | 10x Visium,7855,7582,background
10x_human_ovarian_cancer_ffpe_visium,10x_human_ovarian_cancer_ffpe_visium,10x Visium | 10x Visium,7927,7707,background
10x_human_ovarian_cancer_ffpe_visium,10x_human_ovarian_cancer_ffpe_visium,10x Visium | 10x Visium,8000,7582,background
10x_human_ovarian_cancer_ffpe_visium,10x_human_ovarian_cancer_ffpe_visium,10x Visium | 10x Visium,8072,7708,background
10x_human_ovarian_cancer_ffpe_visium,10x_human_ovarian_cancer_ffpe_visium,10x Visium | 10x Visium,8144,7582,background
10x_human_ovarian_cancer_ffpe_visium,10x_human_ovarian_cancer_ffpe_visium,10x Visium | 10x Visium,8216,7708,background
10x_human_ovarian_cancer_ffpe_visium,10x_human_ovarian_cancer_ffpe_visium,10x Visium | 10x Visium,8289,7582,background
10x_human_ovarian_cancer_ffpe_visium,10x_human_ovarian_cancer_ffpe_visium,10x Visium | 10x Visium,8360,7708,background
10x_human_ovarian_cancer_ffpe_visium,10x_human_ovarian_cancer_ffpe_visium,10x Visium | 10x Visium,8433,7583,background
10x_human_ovarian_cancer_ffpe_visium,10x_human_ovarian_cancer_ffpe_visium,10x Visium | 10x Visium,8505,7708,background
10x_human_ovarian_cancer_ffpe_visium,10x_human_ovarian_cancer_ffpe_visium,10x Visium | 10x Visium,8577,7583,background
10x_human_ovarian_cancer_ffpe_visium,10x_human_ovarian_cancer_ffpe_visium,10x Visium | 10x Visium,8649,7709,background
10x_human_ovarian_cancer_ffpe_visium,10x_human_ovarian_cancer_ffpe_visium,10x Visium | 10x Visium,8722,7583,background
10x_human_ovarian_cancer_ffpe_visium,10x_human_ovarian_cancer_ffpe_visium,10x Visium | 10x Visium,8794,7709,background
10x_human_ovarian_cancer_ffpe_visium,10x_human_ovarian_cancer_ffpe_visium,10x Visium | 10x Visium,8866,7583,background
10x_human_ovarian_cancer_ffpe_visium,10x_human_ovarian_cancer_ffpe_visium,10x Visium | 10x Visium,8938,7709,background
10x_human_ovarian_cancer_ffpe_visium,10x_human_ovarian_cancer_ffpe_visium,10x Visium | 10x Visium,9010,7584,background
10x_human_ovarian_cancer_ffpe_visium,10x_human_ovarian_cancer_ffpe_visium,10x Visium | 10x Visium,9082,7709,background
10x_human_ovarian_cancer_ffpe_visium,10x_human_ovarian_cancer_ffpe_visium,10x Visium | 10x Visium,9155,7584,background
10x_human_ovarian_cancer_ffpe_visium,10x_human_ovarian_cancer_ffpe_visium,10x Visium | 10x Visium,9227,7710,background
10x_human_ovarian_cancer_ffpe_visium,10x_human_ovarian_cancer_ffpe_visium,10x Visium | 10x Visium,9299,7584,background
10x_human_ovarian_cancer_ffpe_visium,10x_human_ovarian_cancer_ffpe_visium,10x Visium | 10x Visium,9371,7710,background
10x_human_ovarian_cancer_ffpe_visium,10x_human_ovarian_cancer_ffpe_visium,10x Visium | 10x Visium,9444,7584,background
10x_human_ovarian_cancer_ffpe_visium,10x_human_ovarian_cancer_ffpe_visium,10x Visium | 10x Visium,9516,7710,background
10x_human_ovarian_cancer_ffpe_visium,10x_human_ovarian_cancer_ffpe_visium,10x Visium | 10x Visium,9588,7584,background
10x_human_ovarian_cancer_ffpe_visium,10x_human_ovarian_cancer_ffpe_visium,10x Visium | 10x Visium,9660,7710,background
10x_human_ovarian_cancer_ffpe_visium,10x_human_ovarian_cancer_ffpe_visium,10x Visium | 10x Visium,9732,7585,background
10x_human_ovarian_cancer_ffpe_visium,10x_human_ovarian_cancer_ffpe_visium,10x Visium | 10x Visium,9804,7710,background
10x_human_ovarian_cancer_ffpe_visium,10x_human_ovarian_cancer_ffpe_visium,10x Visium | 10x Visium,9877,7585,background
10x_human_ovarian_cancer_ffpe_visium,10x_human_ovarian_cancer_ffpe_visium,10x Visium | 10x Visium,9949,7711,background
10x_human_ovarian_cancer_ffpe_visium,10x_human_ovarian_cancer_ffpe_visium,10x Visium | 10x Visium,10021,7585,background
10x_human_ovarian_cancer_ffpe_visium,10x_human_ovarian_cancer_ffpe_visium,10x Visium | 10x Visium,10093,7711,background
10x_human_ovarian_cancer_ffpe_visium,10x_human_ovarian_cancer_ffpe_visium,10x Visium | 10x Visium,10165,7585,background
10x_human_ovarian_cancer_ffpe_visium,10x_human_ovarian_cancer_ffpe_visium,10x Visium | 10x Visium,10237,7711,background
10x_human_ovarian_cancer_ffpe_visium,10x_human_ovarian_cancer_ffpe_visium,10x Visium | 10x Visium,10310,7586,background
10x_human_ovarian_cancer_ffpe_visium,10x_human_ovarian_cancer_ffpe_visium,10x Visium | 10x Visium,10382,7711,background
10x_human_ovarian_cancer_ffpe_visium,10x_human_ovarian_cancer_ffpe_visium,10x Visium | 10x Visium,10454,7586,background
10x_human_ovarian_cancer_ffpe_visium,10x_human_ovarian_cancer_ffpe_visium,10x Visium | 10x Visium,10526,7712,background
10x_human_ovarian_cancer_ffpe_visium,10x_human_ovarian_cancer_ffpe_visium,10x Visium | 10x Visium,10599,7586,background
10x_human_ovarian_cancer_ffpe_visium,10x_human_ovarian_cancer_ffpe_visium,10x Visium | 10x Visium,10671,7712,background
10x_human_ovarian_cancer_ffpe_visium,10x_human_ovarian_cancer_ffpe_visium,10x Visium | 10x Visium,10743,7586,background
10x_human_ovarian_cancer_ffpe_visium,10x_human_ovarian_cancer_ffpe_visium,10x Visium | 10x Visium,10815,7712,background
10x_human_ovarian_cancer_ffpe_visium,10x_human_ovarian_cancer_ffpe_visium,10x Visium | 10x Visium,10887,7587,background
10x_human_ovarian_cancer_ffpe_visium,10x_human_ovarian_cancer_ffpe_visium,10x Visium | 10x Visium,11032,7587,background
10x_human_ovarian_cancer_ffpe_visium,10x_human_ovarian_cancer_ffpe_visium,10x Visium | 10x Visium,2513,7824,background
10x_human_ovarian_cancer_ffpe_visium,10x_human_ovarian_cancer_ffpe_visium,10x Visium | 10x Visium,2585,7950,background
10x_human_ovarian_cancer_ffpe_visium,10x_human_ovarian_cancer_ffpe_visium,10x Visium | 10x Visium,2657,7825,background
10x_human_ovarian_cancer_ffpe_visium,10x_human_ovarian_cancer_ffpe_visium,10x Visium | 10x Visium,2729,7950,background
10x_human_ovarian_cancer_ffpe_visium,10x_human_ovarian_cancer_ffpe_visium,10x Visium | 10x Visium,2802,7825,background
10x_human_ovarian_cancer_ffpe_visium,10x_human_ovarian_cancer_ffpe_visium,10x Visium | 10x Visium,2874,7951,background
10x_human_ovarian_cancer_ffpe_visium,10x_human_ovarian_cancer_ffpe_visium,10x Visium | 10x Visium,2946,7825,background
10x_human_ovarian_cancer_ffpe_visium,10x_human_ovarian_cancer_ffpe_visium,10x Visium | 10x Visium,3018,7951,background
10x_human_ovarian_cancer_ffpe_visium,10x_human_ovarian_cancer_ffpe_visium,10x Visium | 10x Visium,3090,7825,background
10x_human_ovarian_cancer_ffpe_visium,10x_human_ovarian_cancer_ffpe_visium,10x Visium | 10x Visium,3162,7951,background
10x_human_ovarian_cancer_ffpe_visium,10x_human_ovarian_cancer_ffpe_visium,10x Visium | 10x Visium,3235,7826,background
10x_human_ovarian_cancer_ffpe_visium,10x_human_ovarian_cancer_ffpe_visium,10x Visium | 10x Visium,3307,7951,background
10x_human_ovarian_cancer_ffpe_visium,10x_human_ovarian_cancer_ffpe_visium,10x Visium | 10x Visium,3379,7826,background
10x_human_ovarian_cancer_ffpe_visium,10x_human_ovarian_cancer_ffpe_visium,10x Visium | 10x Visium,3451,7952,background
10x_human_ovarian_cancer_ffpe_visium,10x_human_ovarian_cancer_ffpe_visium,10x Visium | 10x Visium,3524,7826,background
10x_human_ovarian_cancer_ffpe_visium,10x_human_ovarian_cancer_ffpe_visium,10x Visium | 10x Visium,3596,7952,background
10x_human_ovarian_cancer_ffpe_visium,10x_human_ovarian_cancer_ffpe_visium,10x Visium | 10x Visium,3668,7826,background
10x_human_ovarian_cancer_ffpe_visium,10x_human_ovarian_cancer_ffpe_visium,10x Visium | 10x Visium,3740,7952,background
10x_human_ovarian_cancer_ffpe_visium,10x_human_ovarian_cancer_ffpe_visium,10x Visium | 10x Visium,3812,7827,background
10x_human_ovarian_cancer_ffpe_visium,10x_human_ovarian_cancer_ffpe_visium,10x Visium | 10x Visium,3884,7952,background
10x_human_ovarian_cancer_ffpe_visium,10x_human_ovarian_cancer_ffpe_visium,10x Visium | 10x Visium,3957,7827,background
10x_human_ovarian_cancer_ffpe_visium,10x_human_ovarian_cancer_ffpe_visium,10x Visium | 10x Visium,4029,7953,background
10x_human_ovarian_cancer_ffpe_visium,10x_human_ovarian_cancer_ffpe_visium,10x Visium | 10x Visium,4101,7827,background
10x_human_ovarian_cancer_ffpe_visium,10x_human_ovarian_cancer_ffpe_visium,10x Visium | 10x Visium,4173,7953,background
10x_human_ovarian_cancer_ffpe_visium,10x_human_ovarian_cancer_ffpe_visium,10x Visium | 10x Visium,4245,7827,background
10x_human_ovarian_cancer_ffpe_visium,10x_human_ovarian_cancer_ffpe_visium,10x Visium | 10x Visium,4317,7953,background
10x_human_ovarian_cancer_ffpe_visium,10x_human_ovarian_cancer_ffpe_visium,10x Visium | 10x Visium,4390,7827,background
10x_human_ovarian_cancer_ffpe_visium,10x_human_ovarian_cancer_ffpe_visium,10x Visium | 10x Visium,4462,7953,background
10x_human_ovarian_cancer_ffpe_visium,10x_human_ovarian_cancer_ffpe_visium,10x Visium | 10x Visium,4534,7828,background
10x_human_ovarian_cancer_ffpe_visium,10x_human_ovarian_cancer_ffpe_visium,10x Visium | 10x Visium,4606,7953,background
10x_human_ovarian_cancer_ffpe_visium,10x_human_ovarian_cancer_ffpe_visium,10x Visium | 10x Visium,4679,7828,background
10x_human_ovarian_cancer_ffpe_visium,10x_human_ovarian_cancer_ffpe_visium,10x Visium | 10x Visium,4751,7954,background
10x_human_ovarian_cancer_ffpe_visium,10x_human_ovarian_cancer_ffpe_visium,10x Visium | 10x Visium,4823,7828,background
10x_human_ovarian_cancer_ffpe_visium,10x_human_ovarian_cancer_ffpe_visium,10x Visium | 10x Visium,4895,7954,background
10x_human_ovarian_cancer_ffpe_visium,10x_human_ovarian_cancer_ffpe_visium,10x Visium | 10x Visium,4967,7828,background
10x_human_ovarian_cancer_ffpe_visium,10x_human_ovarian_cancer_ffpe_visium,10x Visium | 10x Visium,5039,7954,background
10x_human_ovarian_cancer_ffpe_visium,10x_human_ovarian_cancer_ffpe_visium,10x Visium | 10x Visium,5112,7829,background
10x_human_ovarian_cancer_ffpe_visium,10x_human_ovarian_cancer_ffpe_visium,10x Visium | 10x Visium,5184,7954,background
10x_human_ovarian_cancer_ffpe_visium,10x_human_ovarian_cancer_ffpe_visium,10x Visium | 10x Visium,5256,7829,background
10x_human_ovarian_cancer_ffpe_visium,10x_human_ovarian_cancer_ffpe_visium,10x Visium | 10x Visium,5328,7955,background
10x_human_ovarian_cancer_ffpe_visium,10x_human_ovarian_cancer_ffpe_visium,10x Visium | 10x Visium,5401,7829,background
10x_human_ovarian_cancer_ffpe_visium,10x_human_ovarian_cancer_ffpe_visium,10x Visium | 10x Visium,5472,7955,background
10x_human_ovarian_cancer_ffpe_visium,10x_human_ovarian_cancer_ffpe_visium,10x Visium | 10x Visium,5545,7829,background
10x_human_ovarian_cancer_ffpe_visium,10x_human_ovarian_cancer_ffpe_visium,10x Visium | 10x Visium,5617,7955,background
10x_human_ovarian_cancer_ffpe_visium,10x_human_ovarian_cancer_ffpe_visium,10x Visium | 10x Visium,5689,7830,background
10x_human_ovarian_cancer_ffpe_visium,10x_human_ovarian_cancer_ffpe_visium,10x Visium | 10x Visium,5761,7955,background
10x_human_ovarian_cancer_ffpe_visium,10x_human_ovarian_cancer_ffpe_visium,10x Visium | 10x Visium,5834,7830,background
10x_human_ovarian_cancer_ffpe_visium,10x_human_ovarian_cancer_ffpe_visium,10x Visium | 10x Visium,5906,7955,background
10x_human_ovarian_cancer_ffpe_visium,10x_human_ovarian_cancer_ffpe_visium,10x Visium | 10x Visium,5978,7830,background
10x_human_ovarian_cancer_ffpe_visium,10x_human_ovarian_cancer_ffpe_visium,10x Visium | 10x Visium,6050,7956,background
10x_human_ovarian_cancer_ffpe_visium,10x_human_ovarian_cancer_ffpe_visium,10x Visium | 10x Visium,6122,7830,background
10x_human_ovarian_cancer_ffpe_visium,10x_human_ovarian_cancer_ffpe_visium,10x Visium | 10x Visium,6194,7956,background
10x_human_ovarian_cancer_ffpe_visium,10x_human_ovarian_cancer_ffpe_visium,10x Visium | 10x Visium,6267,7830,background
10x_human_ovarian_cancer_ffpe_visium,10x_human_ovarian_cancer_ffpe_visium,10x Visium | 10x Visium,6339,7956,background
10x_human_ovarian_cancer_ffpe_visium,10x_human_ovarian_cancer_ffpe_visium,10x Visium | 10x Visium,6411,7831,background
10x_human_ovarian_cancer_ffpe_visium,10x_human_ovarian_cancer_ffpe_visium,10x Visium | 10x Visium,6483,7956,background
10x_human_ovarian_cancer_ffpe_visium,10x_human_ovarian_cancer_ffpe_visium,10x Visium | 10x Visium,6556,7831,background
10x_human_ovarian_cancer_ffpe_visium,10x_human_ovarian_cancer_ffpe_visium,10x Visium | 10x Visium,6628,7957,background
10x_human_ovarian_cancer_ffpe_visium,10x_human_ovarian_cancer_ffpe_visium,10x Visium | 10x Visium,6700,7831,background
10x_human_ovarian_cancer_ffpe_visium,10x_human_ovarian_cancer_ffpe_visium,10x Visium | 10x Visium,6772,7957,background
10x_human_ovarian_cancer_ffpe_visium,10x_human_ovarian_cancer_ffpe_visium,10x Visium | 10x Visium,6844,7831,background
10x_human_ovarian_cancer_ffpe_visium,10x_human_ovarian_cancer_ffpe_visium,10x Visium | 10x Visium,6916,7957,background
10x_human_ovarian_cancer_ffpe_visium,10x_human_ovarian_cancer_ffpe_visium,10x Visium | 10x Visium,6989,7832,background
10x_human_ovarian_cancer_ffpe_visium,10x_human_ovarian_cancer_ffpe_visium,10x Visium | 10x Visium,7061,7957,background
10x_human_ovarian_cancer_ffpe_visium,10x_human_ovarian_cancer_ffpe_visium,10x Visium | 10x Visium,7133,7832,background
10x_human_ovarian_cancer_ffpe_visium,10x_human_ovarian_cancer_ffpe_visium,10x Visium | 10x Visium,7205,7958,background
10x_human_ovarian_cancer_ffpe_visium,10x_human_ovarian_cancer_ffpe_visium,10x Visium | 10x Visium,7277,7832,background
10x_human_ovarian_cancer_ffpe_visium,10x_human_ovarian_cancer_ffpe_visium,10x Visium | 10x Visium,7349,7958,background
10x_human_ovarian_cancer_ffpe_visium,10x_human_ovarian_cancer_ffpe_visium,10x Visium | 10x Visium,7422,7832,background
10x_human_ovarian_cancer_ffpe_visium,10x_human_ovarian_cancer_ffpe_visium,10x Visium | 10x Visium,7494,7958,background
10x_human_ovarian_cancer_ffpe_visium,10x_human_ovarian_cancer_ffpe_visium,10x Visium | 10x Visium,7566,7832,background
10x_human_ovarian_cancer_ffpe_visium,10x_human_ovarian_cancer_ffpe_visium,10x Visium | 10x Visium,7638,7958,background
10x_human_ovarian_cancer_ffpe_visium,10x_human_ovarian_cancer_ffpe_visium,10x Visium | 10x Visium,7711,7833,background
10x_human_ovarian_cancer_ffpe_visium,10x_human_ovarian_cancer_ffpe_visium,10x Visium | 10x Visium,7783,7958,background
10x_human_ovarian_cancer_ffpe_visium,10x_human_ovarian_cancer_ffpe_visium,10x Visium | 10x Visium,7855,7833,background
10x_human_ovarian_cancer_ffpe_visium,10x_human_ovarian_cancer_ffpe_visium,10x Visium | 10x Visium,7927,7959,background
10x_human_ovarian_cancer_ffpe_visium,10x_human_ovarian_cancer_ffpe_visium,10x Visium | 10x Visium,7999,7833,background
10x_human_ovarian_cancer_ffpe_visium,10x_human_ovarian_cancer_ffpe_visium,10x Visium | 10x Visium,8071,7959,background
10x_human_ovarian_cancer_ffpe_visium,10x_human_ovarian_cancer_ffpe_visium,10x Visium | 10x Visium,8144,7833,background
10x_human_ovarian_cancer_ffpe_visium,10x_human_ovarian_cancer_ffpe_visium,10x Visium | 10x Visium,8216,7959,background
10x_human_ovarian_cancer_ffpe_visium,10x_human_ovarian_cancer_ffpe_visium,10x Visium | 10x Visium,8288,7834,background
10x_human_ovarian_cancer_ffpe_visium,10x_human_ovarian_cancer_ffpe_visium,10x Visium | 10x Visium,8360,7959,background
10x_human_ovarian_cancer_ffpe_visium,10x_human_ovarian_cancer_ffpe_visium,10x Visium | 10x Visium,8432,7834,background
10x_human_ovarian_cancer_ffpe_visium,10x_human_ovarian_cancer_ffpe_visium,10x Visium | 10x Visium,8504,7960,background
10x_human_ovarian_cancer_ffpe_visium,10x_human_ovarian_cancer_ffpe_visium,10x Visium | 10x Visium,8577,7834,background
10x_human_ovarian_cancer_ffpe_visium,10x_human_ovarian_cancer_ffpe_visium,10x Visium | 10x Visium,8649,7960,background
10x_human_ovarian_cancer_ffpe_visium,10x_human_ovarian_cancer_ffpe_visium,10x Visium | 10x Visium,8721,7834,background
10x_human_ovarian_cancer_ffpe_visium,10x_human_ovarian_cancer_ffpe_visium,10x Visium | 10x Visium,8793,7960,background
10x_human_ovarian_cancer_ffpe_visium,10x_human_ovarian_cancer_ffpe_visium,10x Visium | 10x Visium,8866,7835,background
10x_human_ovarian_cancer_ffpe_visium,10x_human_ovarian_cancer_ffpe_visium,10x Visium | 10x Visium,8938,7960,background
10x_human_ovarian_cancer_ffpe_visium,10x_human_ovarian_cancer_ffpe_visium,10x Visium | 10x Visium,9010,7835,background
10x_human_ovarian_cancer_ffpe_visium,10x_human_ovarian_cancer_ffpe_visium,10x Visium | 10x Visium,9082,7961,background
10x_human_ovarian_cancer_ffpe_visium,10x_human_ovarian_cancer_ffpe_visium,10x Visium | 10x Visium,9154,7835,background
10x_human_ovarian_cancer_ffpe_visium,10x_human_ovarian_cancer_ffpe_visium,10x Visium | 10x Visium,9226,7961,background
10x_human_ovarian_cancer_ffpe_visium,10x_human_ovarian_cancer_ffpe_visium,10x Visium | 10x Visium,9299,7835,background
10x_human_ovarian_cancer_ffpe_visium,10x_human_ovarian_cancer_ffpe_visium,10x Visium | 10x Visium,9371,7961,background
10x_human_ovarian_cancer_ffpe_visium,10x_human_ovarian_cancer_ffpe_visium,10x Visium | 10x Visium,9443,7835,background
10x_human_ovarian_cancer_ffpe_visium,10x_human_ovarian_cancer_ffpe_visium,10x Visium | 10x Visium,9515,7961,background
10x_human_ovarian_cancer_ffpe_visium,10x_human_ovarian_cancer_ffpe_visium,10x Visium | 10x Visium,9588,7836,background
10x_human_ovarian_cancer_ffpe_visium,10x_human_ovarian_cancer_ffpe_visium,10x Visium | 10x Visium,9660,7961,background
10x_human_ovarian_cancer_ffpe_visium,10x_human_ovarian_cancer_ffpe_visium,10x Visium | 10x Visium,9732,7836,background
10x_human_ovarian_cancer_ffpe_visium,10x_human_ovarian_cancer_ffpe_visium,10x Visium | 10x Visium,9804,7962,background
10x_human_ovarian_cancer_ffpe_visium,10x_human_ovarian_cancer_ffpe_visium,10x Visium | 10x Visium,9876,7836,background
10x_human_ovarian_cancer_ffpe_visium,10x_human_ovarian_cancer_ffpe_visium,10x Visium | 10x Visium,9948,7962,background
10x_human_ovarian_cancer_ffpe_visium,10x_human_ovarian_cancer_ffpe_visium,10x Visium | 10x Visium,10021,7836,background
10x_human_ovarian_cancer_ffpe_visium,10x_human_ovarian_cancer_ffpe_visium,10x Visium | 10x Visium,10093,7962,background
10x_human_ovarian_cancer_ffpe_visium,10x_human_ovarian_cancer_ffpe_visium,10x Visium | 10x Visium,10165,7837,background
10x_human_ovarian_cancer_ffpe_visium,10x_human_ovarian_cancer_ffpe_visium,10x Visium | 10x Visium,10237,7962,background
10x_human_ovarian_cancer_ffpe_visium,10x_human_ovarian_cancer_ffpe_visium,10x Visium | 10x Visium,10309,7837,background
10x_human_ovarian_cancer_ffpe_visium,10x_human_ovarian_cancer_ffpe_visium,10x Visium | 10x Visium,10381,7963,background
10x_human_ovarian_cancer_ffpe_visium,10x_human_ovarian_cancer_ffpe_visium,10x Visium | 10x Visium,10454,7837,background
10x_human_ovarian_cancer_ffpe_visium,10x_human_ovarian_cancer_ffpe_visium,10x Visium | 10x Visium,10526,7963,background
10x_human_ovarian_cancer_ffpe_visium,10x_human_ovarian_cancer_ffpe_visium,10x Visium | 10x Visium,10598,7837,background
10x_human_ovarian_cancer_ffpe_visium,10x_human_ovarian_cancer_ffpe_visium,10x Visium | 10x Visium,10670,7963,background
10x_human_ovarian_cancer_ffpe_visium,10x_human_ovarian_cancer_ffpe_visium,10x Visium | 10x Visium,10743,7838,background
10x_human_ovarian_cancer_ffpe_visium,10x_human_ovarian_cancer_ffpe_visium,10x Visium | 10x Visium,10887,7838,background
10x_human_ovarian_cancer_ffpe_visium,10x_human_ovarian_cancer_ffpe_visium,10x Visium | 10x Visium,2513,8076,background
10x_human_ovarian_cancer_ffpe_visium,10x_human_ovarian_cancer_ffpe_visium,10x Visium | 10x Visium,2585,8201,background
10x_human_ovarian_cancer_ffpe_visium,10x_human_ovarian_cancer_ffpe_visium,10x Visium | 10x Visium,2657,8076,background
10x_human_ovarian_cancer_ffpe_visium,10x_human_ovarian_cancer_ffpe_visium,10x Visium | 10x Visium,2729,8202,background
10x_human_ovarian_cancer_ffpe_visium,10x_human_ovarian_cancer_ffpe_visium,10x Visium | 10x Visium,2801,8076,background
10x_human_ovarian_cancer_ffpe_visium,10x_human_ovarian_cancer_ffpe_visium,10x Visium | 10x Visium,2873,8202,background
10x_human_ovarian_cancer_ffpe_visium,10x_human_ovarian_cancer_ffpe_visium,10x Visium | 10x Visium,2946,8076,background
10x_human_ovarian_cancer_ffpe_visium,10x_human_ovarian_cancer_ffpe_visium,10x Visium | 10x Visium,3018,8202,background
10x_human_ovarian_cancer_ffpe_visium,10x_human_ovarian_cancer_ffpe_visium,10x Visium | 10x Visium,3090,8077,background
10x_human_ovarian_cancer_ffpe_visium,10x_human_ovarian_cancer_ffpe_visium,10x Visium | 10x Visium,3162,8202,background
10x_human_ovarian_cancer_ffpe_visium,10x_human_ovarian_cancer_ffpe_visium,10x Visium | 10x Visium,3234,8077,background
10x_human_ovarian_cancer_ffpe_visium,10x_human_ovarian_cancer_ffpe_visium,10x Visium | 10x Visium,3306,8203,background
10x_human_ovarian_cancer_ffpe_visium,10x_human_ovarian_cancer_ffpe_visium,10x Visium | 10x Visium,3379,8077,background
10x_human_ovarian_cancer_ffpe_visium,10x_human_ovarian_cancer_ffpe_visium,10x Visium | 10x Visium,3451,8203,background
10x_human_ovarian_cancer_ffpe_visium,10x_human_ovarian_cancer_ffpe_visium,10x Visium | 10x Visium,3523,8077,background
10x_human_ovarian_cancer_ffpe_visium,10x_human_ovarian_cancer_ffpe_visium,10x Visium | 10x Visium,3595,8203,background
10x_human_ovarian_cancer_ffpe_visium,10x_human_ovarian_cancer_ffpe_visium,10x Visium | 10x Visium,3668,8078,background
10x_human_ovarian_cancer_ffpe_visium,10x_human_ovarian_cancer_ffpe_visium,10x Visium | 10x Visium,3740,8203,background
10x_human_ovarian_cancer_ffpe_visium,10x_human_ovarian_cancer_ffpe_visium,10x Visium | 10x Visium,3812,8078,background
10x_human_ovarian_cancer_ffpe_visium,10x_human_ovarian_cancer_ffpe_visium,10x Visium | 10x Visium,3884,8203,background
10x_human_ovarian_cancer_ffpe_visium,10x_human_ovarian_cancer_ffpe_visium,10x Visium | 10x Visium,3956,8078,background
10x_human_ovarian_cancer_ffpe_visium,10x_human_ovarian_cancer_ffpe_visium,10x Visium | 10x Visium,4028,8204,background
10x_human_ovarian_cancer_ffpe_visium,10x_human_ovarian_cancer_ffpe_visium,10x Visium | 10x Visium,4101,8078,background
10x_human_ovarian_cancer_ffpe_visium,10x_human_ovarian_cancer_ffpe_visium,10x Visium | 10x Visium,4173,8204,background
10x_human_ovarian_cancer_ffpe_visium,10x_human_ovarian_cancer_ffpe_visium,10x Visium | 10x Visium,4245,8078,background
10x_human_ovarian_cancer_ffpe_visium,10x_human_ovarian_cancer_ffpe_visium,10x Visium | 10x Visium,4317,8204,background
10x_human_ovarian_cancer_ffpe_visium,10x_human_ovarian_cancer_ffpe_visium,10x Visium | 10x Visium,4389,8079,background
10x_human_ovarian_cancer_ffpe_visium,10x_human_ovarian_cancer_ffpe_visium,10x Visium | 10x Visium,4461,8204,background
10x_human_ovarian_cancer_ffpe_visium,10x_human_ovarian_cancer_ffpe_visium,10x Visium | 10x Visium,4534,8079,background
10x_human_ovarian_cancer_ffpe_visium,10x_human_ovarian_cancer_ffpe_visium,10x Visium | 10x Visium,4606,8205,background
10x_human_ovarian_cancer_ffpe_visium,10x_human_ovarian_cancer_ffpe_visium,10x Visium | 10x Visium,4678,8079,background
10x_human_ovarian_cancer_ffpe_visium,10x_human_ovarian_cancer_ffpe_visium,10x Visium | 10x Visium,4750,8205,background
10x_human_ovarian_cancer_ffpe_visium,10x_human_ovarian_cancer_ffpe_visium,10x Visium | 10x Visium,4823,8079,background
10x_human_ovarian_cancer_ffpe_visium,10x_human_ovarian_cancer_ffpe_visium,10x Visium | 10x Visium,4895,8205,background
10x_human_ovarian_cancer_ffpe_visium,10x_human_ovarian_cancer_ffpe_visium,10x Visium | 10x Visium,4967,8080,background
10x_human_ovarian_cancer_ffpe_visium,10x_human_ovarian_cancer_ffpe_visium,10x Visium | 10x Visium,5039,8205,background
10x_human_ovarian_cancer_ffpe_visium,10x_human_ovarian_cancer_ffpe_visium,10x Visium | 10x Visium,5111,8080,background
10x_human_ovarian_cancer_ffpe_visium,10x_human_ovarian_cancer_ffpe_visium,10x Visium | 10x Visium,5183,8206,background
10x_human_ovarian_cancer_ffpe_visium,10x_human_ovarian_cancer_ffpe_visium,10x Visium | 10x Visium,5256,8080,background
10x_human_ovarian_cancer_ffpe_visium,10x_human_ovarian_cancer_ffpe_visium,10x Visium | 10x Visium,5328,8206,background
10x_human_ovarian_cancer_ffpe_visium,10x_human_ovarian_cancer_ffpe_visium,10x Visium | 10x Visium,5400,8080,background
10x_human_ovarian_cancer_ffpe_visium,10x_human_ovarian_cancer_ffpe_visium,10x Visium | 10x Visium,5472,8206,background
10x_human_ovarian_cancer_ffpe_visium,10x_human_ovarian_cancer_ffpe_visium,10x Visium | 10x Visium,5544,8081,background
10x_human_ovarian_cancer_ffpe_visium,10x_human_ovarian_cancer_ffpe_visium,10x Visium | 10x Visium,5616,8206,background
10x_human_ovarian_cancer_ffpe_visium,10x_human_ovarian_cancer_ffpe_visium,10x Visium | 10x Visium,5689,8081,background
10x_human_ovarian_cancer_ffpe_visium,10x_human_ovarian_cancer_ffpe_visium,10x Visium | 10x Visium,5761,8206,background
10x_human_ovarian_cancer_ffpe_visium,10x_human_ovarian_cancer_ffpe_visium,10x Visium | 10x Visium,5833,8081,background
10x_human_ovarian_cancer_ffpe_visium,10x_human_ovarian_cancer_ffpe_visium,10x Visium | 10x Visium,5905,8207,background
10x_human_ovarian_cancer_ffpe_visium,10x_human_ovarian_cancer_ffpe_visium,10x Visium | 10x Visium,5978,8081,background
10x_human_ovarian_cancer_ffpe_visium,10x_human_ovarian_cancer_ffpe_visium,10x Visium | 10x Visium,6050,8207,background
10x_human_ovarian_cancer_ffpe_visium,10x_human_ovarian_cancer_ffpe_visium,10x Visium | 10x Visium,6122,8081,background
10x_human_ovarian_cancer_ffpe_visium,10x_human_ovarian_cancer_ffpe_visium,10x Visium | 10x Visium,6194,8207,background
10x_human_ovarian_cancer_ffpe_visium,10x_human_ovarian_cancer_ffpe_visium,10x Visium | 10x Visium,6266,8082,background
10x_human_ovarian_cancer_ffpe_visium,10x_human_ovarian_cancer_ffpe_visium,10x Visium | 10x Visium,6338,8207,background
10x_human_ovarian_cancer_ffpe_visium,10x_human_ovarian_cancer_ffpe_visium,10x Visium | 10x Visium,6411,8082,background
10x_human_ovarian_cancer_ffpe_visium,10x_human_ovarian_cancer_ffpe_visium,10x Visium | 10x Visium,6483,8208,background
10x_human_ovarian_cancer_ffpe_visium,10x_human_ovarian_cancer_ffpe_visium,10x Visium | 10x Visium,6555,8082,background
10x_human_ovarian_cancer_ffpe_visium,10x_human_ovarian_cancer_ffpe_visium,10x Visium | 10x Visium,6627,8208,background
10x_human_ovarian_cancer_ffpe_visium,10x_human_ovarian_cancer_ffpe_visium,10x Visium | 10x Visium,6700,8082,background
10x_human_ovarian_cancer_ffpe_visium,10x_human_ovarian_cancer_ffpe_visium,10x Visium | 10x Visium,6772,8208,background
10x_human_ovarian_cancer_ffpe_visium,10x_human_ovarian_cancer_ffpe_visium,10x Visium | 10x Visium,6844,8083,background
10x_human_ovarian_cancer_ffpe_visium,10x_human_ovarian_cancer_ffpe_visium,10x Visium | 10x Visium,6916,8208,background
10x_human_ovarian_cancer_ffpe_visium,10x_human_ovarian_cancer_ffpe_visium,10x Visium | 10x Visium,6988,8083,background
10x_human_ovarian_cancer_ffpe_visium,10x_human_ovarian_cancer_ffpe_visium,10x Visium | 10x Visium,7060,8209,background
10x_human_ovarian_cancer_ffpe_visium,10x_human_ovarian_cancer_ffpe_visium,10x Visium | 10x Visium,7133,8083,background
10x_human_ovarian_cancer_ffpe_visium,10x_human_ovarian_cancer_ffpe_visium,10x Visium | 10x Visium,7205,8209,background
10x_human_ovarian_cancer_ffpe_visium,10x_human_ovarian_cancer_ffpe_visium,10x Visium | 10x Visium,7277,8083,background
10x_human_ovarian_cancer_ffpe_visium,10x_human_ovarian_cancer_ffpe_visium,10x Visium | 10x Visium,7349,8209,background
10x_human_ovarian_cancer_ffpe_visium,10x_human_ovarian_cancer_ffpe_visium,10x Visium | 10x Visium,7421,8083,background
10x_human_ovarian_cancer_ffpe_visium,10x_human_ovarian_cancer_ffpe_visium,10x Visium | 10x Visium,7493,8209,background
10x_human_ovarian_cancer_ffpe_visium,10x_human_ovarian_cancer_ffpe_visium,10x Visium | 10x Visium,7566,8084,background
10x_human_ovarian_cancer_ffpe_visium,10x_human_ovarian_cancer_ffpe_visium,10x Visium | 10x Visium,7638,8209,background
10x_human_ovarian_cancer_ffpe_visium,10x_human_ovarian_cancer_ffpe_visium,10x Visium | 10x Visium,7710,8084,background
10x_human_ovarian_cancer_ffpe_visium,10x_human_ovarian_cancer_ffpe_visium,10x Visium | 10x Visium,7782,8210,background
10x_human_ovarian_cancer_ffpe_visium,10x_human_ovarian_cancer_ffpe_visium,10x Visium | 10x Visium,7855,8084,background
10x_human_ovarian_cancer_ffpe_visium,10x_human_ovarian_cancer_ffpe_visium,10x Visium | 10x Visium,7927,8210,background
10x_human_ovarian_cancer_ffpe_visium,10x_human_ovarian_cancer_ffpe_visium,10x Visium | 10x Visium,7999,8084,background
10x_human_ovarian_cancer_ffpe_visium,10x_human_ovarian_cancer_ffpe_visium,10x Visium | 10x Visium,8071,8210,background
10x_human_ovarian_cancer_ffpe_visium,10x_human_ovarian_cancer_ffpe_visium,10x Visium | 10x Visium,8143,8085,background
10x_human_ovarian_cancer_ffpe_visium,10x_human_ovarian_cancer_ffpe_visium,10x Visium | 10x Visium,8215,8210,background
10x_human_ovarian_cancer_ffpe_visium,10x_human_ovarian_cancer_ffpe_visium,10x Visium | 10x Visium,8288,8085,background
10x_human_ovarian_cancer_ffpe_visium,10x_human_ovarian_cancer_ffpe_visium,10x Visium | 10x Visium,8360,8211,background
10x_human_ovarian_cancer_ffpe_visium,10x_human_ovarian_cancer_ffpe_visium,10x Visium | 10x Visium,8432,8085,background
10x_human_ovarian_cancer_ffpe_visium,10x_human_ovarian_cancer_ffpe_visium,10x Visium | 10x Visium,8504,8211,background
10x_human_ovarian_cancer_ffpe_visium,10x_human_ovarian_cancer_ffpe_visium,10x Visium | 10x Visium,8576,8085,background
10x_human_ovarian_cancer_ffpe_visium,10x_human_ovarian_cancer_ffpe_visium,10x Visium | 10x Visium,8648,8211,background
10x_human_ovarian_cancer_ffpe_visium,10x_human_ovarian_cancer_ffpe_visium,10x Visium | 10x Visium,8721,8086,background
10x_human_ovarian_cancer_ffpe_visium,10x_human_ovarian_cancer_ffpe_visium,10x Visium | 10x Visium,8793,8211,background
10x_human_ovarian_cancer_ffpe_visium,10x_human_ovarian_cancer_ffpe_visium,10x Visium | 10x Visium,8865,8086,background
10x_human_ovarian_cancer_ffpe_visium,10x_human_ovarian_cancer_ffpe_visium,10x Visium | 10x Visium,8937,8211,background
10x_human_ovarian_cancer_ffpe_visium,10x_human_ovarian_cancer_ffpe_visium,10x Visium | 10x Visium,9010,8086,background
10x_human_ovarian_cancer_ffpe_visium,10x_human_ovarian_cancer_ffpe_visium,10x Visium | 10x Visium,9082,8212,background
10x_human_ovarian_cancer_ffpe_visium,10x_human_ovarian_cancer_ffpe_visium,10x Visium | 10x Visium,9154,8086,background
10x_human_ovarian_cancer_ffpe_visium,10x_human_ovarian_cancer_ffpe_visium,10x Visium | 10x Visium,9226,8212,background
10x_human_ovarian_cancer_ffpe_visium,10x_human_ovarian_cancer_ffpe_visium,10x Visium | 10x Visium,9298,8086,background
10x_human_ovarian_cancer_ffpe_visium,10x_human_ovarian_cancer_ffpe_visium,10x Visium | 10x Visium,9370,8212,background
10x_human_ovarian_cancer_ffpe_visium,10x_human_ovarian_cancer_ffpe_visium,10x Visium | 10x Visium,9443,8087,background
10x_human_ovarian_cancer_ffpe_visium,10x_human_ovarian_cancer_ffpe_visium,10x Visium | 10x Visium,9515,8212,background
10x_human_ovarian_cancer_ffpe_visium,10x_human_ovarian_cancer_ffpe_visium,10x Visium | 10x Visium,9587,8087,background
10x_human_ovarian_cancer_ffpe_visium,10x_human_ovarian_cancer_ffpe_visium,10x Visium | 10x Visium,9659,8213,background
10x_human_ovarian_cancer_ffpe_visium,10x_human_ovarian_cancer_ffpe_visium,10x Visium | 10x Visium,9732,8087,background
10x_human_ovarian_cancer_ffpe_visium,10x_human_ovarian_cancer_ffpe_visium,10x Visium | 10x Visium,9803,8213,background
10x_human_ovarian_cancer_ffpe_visium,10x_human_ovarian_cancer_ffpe_visium,10x Visium | 10x Visium,9876,8087,background
10x_human_ovarian_cancer_ffpe_visium,10x_human_ovarian_cancer_ffpe_visium,10x Visium | 10x Visium,9948,8213,background
10x_human_ovarian_cancer_ffpe_visium,10x_human_ovarian_cancer_ffpe_visium,10x Visium | 10x Visium,10020,8088,background
10x_human_ovarian_cancer_ffpe_visium,10x_human_ovarian_cancer_ffpe_visium,10x Visium | 10x Visium,10092,8213,background
10x_human_ovarian_cancer_ffpe_visium,10x_human_ovarian_cancer_ffpe_visium,10x Visium | 10x Visium,10165,8088,background
10x_human_ovarian_cancer_ffpe_visium,10x_human_ovarian_cancer_ffpe_visium,10x Visium | 10x Visium,10237,8214,background
10x_human_ovarian_cancer_ffpe_visium,10x_human_ovarian_cancer_ffpe_visium,10x Visium | 10x Visium,10309,8088,background
10x_human_ovarian_cancer_ffpe_visium,10x_human_ovarian_cancer_ffpe_visium,10x Visium | 10x Visium,10381,8214,background
10x_human_ovarian_cancer_ffpe_visium,10x_human_ovarian_cancer_ffpe_visium,10x Visium | 10x Visium,10453,8088,background
10x_human_ovarian_cancer_ffpe_visium,10x_human_ovarian_cancer_ffpe_visium,10x Visium | 10x Visium,10525,8214,background
10x_human_ovarian_cancer_ffpe_visium,10x_human_ovarian_cancer_ffpe_visium,10x Visium | 10x Visium,10598,8089,background
10x_human_ovarian_cancer_ffpe_visium,10x_human_ovarian_cancer_ffpe_visium,10x Visium | 10x Visium,10814,8214,background
10x_human_ovarian_cancer_ffpe_visium,10x_human_ovarian_cancer_ffpe_visium,10x Visium | 10x Visium,2512,8327,background
10x_human_ovarian_cancer_ffpe_visium,10x_human_ovarian_cancer_ffpe_visium,10x Visium | 10x Visium,2584,8453,background
10x_human_ovarian_cancer_ffpe_visium,10x_human_ovarian_cancer_ffpe_visium,10x Visium | 10x Visium,2656,8327,background
10x_human_ovarian_cancer_ffpe_visium,10x_human_ovarian_cancer_ffpe_visium,10x Visium | 10x Visium,2728,8453,background
10x_human_ovarian_cancer_ffpe_visium,10x_human_ovarian_cancer_ffpe_visium,10x Visium | 10x Visium,2801,8327,background
10x_human_ovarian_cancer_ffpe_visium,10x_human_ovarian_cancer_ffpe_visium,10x Visium | 10x Visium,2873,8453,background
10x_human_ovarian_cancer_ffpe_visium,10x_human_ovarian_cancer_ffpe_visium,10x Visium | 10x Visium,2945,8328,background
10x_human_ovarian_cancer_ffpe_visium,10x_human_ovarian_cancer_ffpe_visium,10x Visium | 10x Visium,3017,8453,background
10x_human_ovarian_cancer_ffpe_visium,10x_human_ovarian_cancer_ffpe_visium,10x Visium | 10x Visium,3090,8328,background
10x_human_ovarian_cancer_ffpe_visium,10x_human_ovarian_cancer_ffpe_visium,10x Visium | 10x Visium,3162,8454,background
10x_human_ovarian_cancer_ffpe_visium,10x_human_ovarian_cancer_ffpe_visium,10x Visium | 10x Visium,3234,8328,background
10x_human_ovarian_cancer_ffpe_visium,10x_human_ovarian_cancer_ffpe_visium,10x Visium | 10x Visium,3306,8454,background
10x_human_ovarian_cancer_ffpe_visium,10x_human_ovarian_cancer_ffpe_visium,10x Visium | 10x Visium,3378,8328,background
10x_human_ovarian_cancer_ffpe_visium,10x_human_ovarian_cancer_ffpe_visium,10x Visium | 10x Visium,3450,8454,background
10x_human_ovarian_cancer_ffpe_visium,10x_human_ovarian_cancer_ffpe_visium,10x Visium | 10x Visium,3523,8329,background
10x_human_ovarian_cancer_ffpe_visium,10x_human_ovarian_cancer_ffpe_visium,10x Visium | 10x Visium,3595,8454,background
10x_human_ovarian_cancer_ffpe_visium,10x_human_ovarian_cancer_ffpe_visium,10x Visium | 10x Visium,3667,8329,background
10x_human_ovarian_cancer_ffpe_visium,10x_human_ovarian_cancer_ffpe_visium,10x Visium | 10x Visium,3739,8454,background
10x_human_ovarian_cancer_ffpe_visium,10x_human_ovarian_cancer_ffpe_visium,10x Visium | 10x Visium,3812,8329,background
10x_human_ovarian_cancer_ffpe_visium,10x_human_ovarian_cancer_ffpe_visium,10x Visium | 10x Visium,3884,8455,background
10x_human_ovarian_cancer_ffpe_visium,10x_human_ovarian_cancer_ffpe_visium,10x Visium | 10x Visium,3956,8329,background
10x_human_ovarian_cancer_ffpe_visium,10x_human_ovarian_cancer_ffpe_visium,10x Visium | 10x Visium,4028,8455,background
10x_human_ovarian_cancer_ffpe_visium,10x_human_ovarian_cancer_ffpe_visium,10x Visium | 10x Visium,4100,8329,background
10x_human_ovarian_cancer_ffpe_visium,10x_human_ovarian_cancer_ffpe_visium,10x Visium | 10x Visium,4172,8455,background
10x_human_ovarian_cancer_ffpe_visium,10x_human_ovarian_cancer_ffpe_visium,10x Visium | 10x Visium,4245,8330,background
10x_human_ovarian_cancer_ffpe_visium,10x_human_ovarian_cancer_ffpe_visium,10x Visium | 10x Visium,4317,8455,background
10x_human_ovarian_cancer_ffpe_visium,10x_human_ovarian_cancer_ffpe_visium,10x Visium | 10x Visium,4389,8330,background
10x_human_ovarian_cancer_ffpe_visium,10x_human_ovarian_cancer_ffpe_visium,10x Visium | 10x Visium,4461,8456,background
10x_human_ovarian_cancer_ffpe_visium,10x_human_ovarian_cancer_ffpe_visium,10x Visium | 10x Visium,4533,8330,background
10x_human_ovarian_cancer_ffpe_visium,10x_human_ovarian_cancer_ffpe_visium,10x Visium | 10x Visium,4605,8456,background
10x_human_ovarian_cancer_ffpe_visium,10x_human_ovarian_cancer_ffpe_visium,10x Visium | 10x Visium,4678,8330,background
10x_human_ovarian_cancer_ffpe_visium,10x_human_ovarian_cancer_ffpe_visium,10x Visium | 10x Visium,4750,8456,background
10x_human_ovarian_cancer_ffpe_visium,10x_human_ovarian_cancer_ffpe_visium,10x Visium | 10x Visium,4822,8331,background
10x_human_ovarian_cancer_ffpe_visium,10x_human_ovarian_cancer_ffpe_visium,10x Visium | 10x Visium,4894,8456,background
10x_human_ovarian_cancer_ffpe_visium,10x_human_ovarian_cancer_ffpe_visium,10x Visium | 10x Visium,4967,8331,background
10x_human_ovarian_cancer_ffpe_visium,10x_human_ovarian_cancer_ffpe_visium,10x Visium | 10x Visium,5039,8457,background
10x_human_ovarian_cancer_ffpe_visium,10x_human_ovarian_cancer_ffpe_visium,10x Visium | 10x Visium,5111,8331,background
10x_human_ovarian_cancer_ffpe_visium,10x_human_ovarian_cancer_ffpe_visium,10x Visium | 10x Visium,5183,8457,background
10x_human_ovarian_cancer_ffpe_visium,10x_human_ovarian_cancer_ffpe_visium,10x Visium | 10x Visium,5255,8331,background
10x_human_ovarian_cancer_ffpe_visium,10x_human_ovarian_cancer_ffpe_visium,10x Visium | 10x Visium,5327,8457,background
10x_human_ovarian_cancer_ffpe_visium,10x_human_ovarian_cancer_ffpe_visium,10x Visium | 10x Visium,5400,8332,background
10x_human_ovarian_cancer_ffpe_visium,10x_human_ovarian_cancer_ffpe_visium,10x Visium | 10x Visium,5472,8457,background
10x_human_ovarian_cancer_ffpe_visium,10x_human_ovarian_cancer_ffpe_visium,10x Visium | 10x Visium,5544,8332,background
10x_human_ovarian_cancer_ffpe_visium,10x_human_ovarian_cancer_ffpe_visium,10x Visium | 10x Visium,5616,8457,background
10x_human_ovarian_cancer_ffpe_visium,10x_human_ovarian_cancer_ffpe_visium,10x Visium | 10x Visium,5688,8332,background
10x_human_ovarian_cancer_ffpe_visium,10x_human_ovarian_cancer_ffpe_visium,10x Visium | 10x Visium,5760,8458,background
10x_human_ovarian_cancer_ffpe_visium,10x_human_ovarian_cancer_ffpe_visium,10x Visium | 10x Visium,5833,8332,background
10x_human_ovarian_cancer_ffpe_visium,10x_human_ovarian_cancer_ffpe_visium,10x Visium | 10x Visium,5905,8458,background
10x_human_ovarian_cancer_ffpe_visium,10x_human_ovarian_cancer_ffpe_visium,10x Visium | 10x Visium,5977,8332,background
10x_human_ovarian_cancer_ffpe_visium,10x_human_ovarian_cancer_ffpe_visium,10x Visium | 10x Visium,6049,8458,background
10x_human_ovarian_cancer_ffpe_visium,10x_human_ovarian_cancer_ffpe_visium,10x Visium | 10x Visium,6122,8333,background
10x_human_ovarian_cancer_ffpe_visium,10x_human_ovarian_cancer_ffpe_visium,10x Visium | 10x Visium,6194,8458,background
10x_human_ovarian_cancer_ffpe_visium,10x_human_ovarian_cancer_ffpe_visium,10x Visium | 10x Visium,6266,8333,background
10x_human_ovarian_cancer_ffpe_visium,10x_human_ovarian_cancer_ffpe_visium,10x Visium | 10x Visium,6338,8459,background
10x_human_ovarian_cancer_ffpe_visium,10x_human_ovarian_cancer_ffpe_visium,10x Visium | 10x Visium,6410,8333,background
10x_human_ovarian_cancer_ffpe_visium,10x_human_ovarian_cancer_ffpe_visium,10x Visium | 10x Visium,6482,8459,background
10x_human_ovarian_cancer_ffpe_visium,10x_human_ovarian_cancer_ffpe_visium,10x Visium | 10x Visium,6555,8333,background
10x_human_ovarian_cancer_ffpe_visium,10x_human_ovarian_cancer_ffpe_visium,10x Visium | 10x Visium,6627,8459,background
10x_human_ovarian_cancer_ffpe_visium,10x_human_ovarian_cancer_ffpe_visium,10x Visium | 10x Visium,6699,8334,background
10x_human_ovarian_cancer_ffpe_visium,10x_human_ovarian_cancer_ffpe_visium,10x Visium | 10x Visium,6771,8459,background
10x_human_ovarian_cancer_ffpe_visium,10x_human_ovarian_cancer_ffpe_visium,10x Visium | 10x Visium,6844,8334,background
10x_human_ovarian_cancer_ffpe_visium,10x_human_ovarian_cancer_ffpe_visium,10x Visium | 10x Visium,6916,8460,background
10x_human_ovarian_cancer_ffpe_visium,10x_human_ovarian_cancer_ffpe_visium,10x Visium | 10x Visium,6988,8334,background
10x_human_ovarian_cancer_ffpe_visium,10x_human_ovarian_cancer_ffpe_visium,10x Visium | 10x Visium,7060,8460,background
10x_human_ovarian_cancer_ffpe_visium,10x_human_ovarian_cancer_ffpe_visium,10x Visium | 10x Visium,7132,8334,background
10x_human_ovarian_cancer_ffpe_visium,10x_human_ovarian_cancer_ffpe_visium,10x Visium | 10x Visium,7204,8460,background
10x_human_ovarian_cancer_ffpe_visium,10x_human_ovarian_cancer_ffpe_visium,10x Visium | 10x Visium,7277,8334,background
10x_human_ovarian_cancer_ffpe_visium,10x_human_ovarian_cancer_ffpe_visium,10x Visium | 10x Visium,7349,8460,background
10x_human_ovarian_cancer_ffpe_visium,10x_human_ovarian_cancer_ffpe_visium,10x Visium | 10x Visium,7421,8335,background
10x_human_ovarian_cancer_ffpe_visium,10x_human_ovarian_cancer_ffpe_visium,10x Visium | 10x Visium,7493,8460,background
10x_human_ovarian_cancer_ffpe_visium,10x_human_ovarian_cancer_ffpe_visium,10x Visium | 10x Visium,7565,8335,background
10x_human_ovarian_cancer_ffpe_visium,10x_human_ovarian_cancer_ffpe_visium,10x Visium | 10x Visium,7637,8461,background
10x_human_ovarian_cancer_ffpe_visium,10x_human_ovarian_cancer_ffpe_visium,10x Visium | 10x Visium,7710,8335,background
10x_human_ovarian_cancer_ffpe_visium,10x_human_ovarian_cancer_ffpe_visium,10x Visium | 10x Visium,7782,8461,background
10x_human_ovarian_cancer_ffpe_visium,10x_human_ovarian_cancer_ffpe_visium,10x Visium | 10x Visium,7854,8335,background
10x_human_ovarian_cancer_ffpe_visium,10x_human_ovarian_cancer_ffpe_visium,10x Visium | 10x Visium,7926,8461,background
10x_human_ovarian_cancer_ffpe_visium,10x_human_ovarian_cancer_ffpe_visium,10x Visium | 10x Visium,7999,8336,background
10x_human_ovarian_cancer_ffpe_visium,10x_human_ovarian_cancer_ffpe_visium,10x Visium | 10x Visium,8071,8461,background
10x_human_ovarian_cancer_ffpe_visium,10x_human_ovarian_cancer_ffpe_visium,10x Visium | 10x Visium,8143,8336,background
10x_human_ovarian_cancer_ffpe_visium,10x_human_ovarian_cancer_ffpe_visium,10x Visium | 10x Visium,8215,8462,background
10x_human_ovarian_cancer_ffpe_visium,10x_human_ovarian_cancer_ffpe_visium,10x Visium | 10x Visium,8287,8336,background
10x_human_ovarian_cancer_ffpe_visium,10x_human_ovarian_cancer_ffpe_visium,10x Visium | 10x Visium,8359,8462,background
10x_human_ovarian_cancer_ffpe_visium,10x_human_ovarian_cancer_ffpe_visium,10x Visium | 10x Visium,8432,8336,background
10x_human_ovarian_cancer_ffpe_visium,10x_human_ovarian_cancer_ffpe_visium,10x Visium | 10x Visium,8504,8462,background
10x_human_ovarian_cancer_ffpe_visium,10x_human_ovarian_cancer_ffpe_visium,10x Visium | 10x Visium,8576,8337,background
10x_human_ovarian_cancer_ffpe_visium,10x_human_ovarian_cancer_ffpe_visium,10x Visium | 10x Visium,8648,8462,background
10x_human_ovarian_cancer_ffpe_visium,10x_human_ovarian_cancer_ffpe_visium,10x Visium | 10x Visium,8720,8337,background
10x_human_ovarian_cancer_ffpe_visium,10x_human_ovarian_cancer_ffpe_visium,10x Visium | 10x Visium,8792,8462,background
10x_human_ovarian_cancer_ffpe_visium,10x_human_ovarian_cancer_ffpe_visium,10x Visium | 10x Visium,8865,8337,background
10x_human_ovarian_cancer_ffpe_visium,10x_human_ovarian_cancer_ffpe_visium,10x Visium | 10x Visium,8937,8463,background
10x_human_ovarian_cancer_ffpe_visium,10x_human_ovarian_cancer_ffpe_visium,10x Visium | 10x Visium,9009,8337,background
10x_human_ovarian_cancer_ffpe_visium,10x_human_ovarian_cancer_ffpe_visium,10x Visium | 10x Visium,9081,8463,background
10x_human_ovarian_cancer_ffpe_visium,10x_human_ovarian_cancer_ffpe_visium,10x Visium | 10x Visium,9154,8337,background
10x_human_ovarian_cancer_ffpe_visium,10x_human_ovarian_cancer_ffpe_visium,10x Visium | 10x Visium,9226,8463,background
10x_human_ovarian_cancer_ffpe_visium,10x_human_ovarian_cancer_ffpe_visium,10x Visium | 10x Visium,9298,8338,background
10x_human_ovarian_cancer_ffpe_visium,10x_human_ovarian_cancer_ffpe_visium,10x Visium | 10x Visium,9370,8463,background
10x_human_ovarian_cancer_ffpe_visium,10x_human_ovarian_cancer_ffpe_visium,10x Visium | 10x Visium,9442,8338,background
10x_human_ovarian_cancer_ffpe_visium,10x_human_ovarian_cancer_ffpe_visium,10x Visium | 10x Visium,9514,8464,background
10x_human_ovarian_cancer_ffpe_visium,10x_human_ovarian_cancer_ffpe_visium,10x Visium | 10x Visium,9587,8338,background
10x_human_ovarian_cancer_ffpe_visium,10x_human_ovarian_cancer_ffpe_visium,10x Visium | 10x Visium,9659,8464,background
10x_human_ovarian_cancer_ffpe_visium,10x_human_ovarian_cancer_ffpe_visium,10x Visium | 10x Visium,9731,8338,background
10x_human_ovarian_cancer_ffpe_visium,10x_human_ovarian_cancer_ffpe_visium,10x Visium | 10x Visium,9803,8464,background
10x_human_ovarian_cancer_ffpe_visium,10x_human_ovarian_cancer_ffpe_visium,10x Visium | 10x Visium,9875,8339,background
10x_human_ovarian_cancer_ffpe_visium,10x_human_ovarian_cancer_ffpe_visium,10x Visium | 10x Visium,9947,8464,background
10x_human_ovarian_cancer_ffpe_visium,10x_human_ovarian_cancer_ffpe_visium,10x Visium | 10x Visium,10020,8339,background
10x_human_ovarian_cancer_ffpe_visium,10x_human_ovarian_cancer_ffpe_visium,10x Visium | 10x Visium,10092,8465,background
10x_human_ovarian_cancer_ffpe_visium,10x_human_ovarian_cancer_ffpe_visium,10x Visium | 10x Visium,10164,8339,background
10x_human_ovarian_cancer_ffpe_visium,10x_human_ovarian_cancer_ffpe_visium,10x Visium | 10x Visium,10236,8465,background
10x_human_ovarian_cancer_ffpe_visium,10x_human_ovarian_cancer_ffpe_visium,10x Visium | 10x Visium,10309,8339,background
10x_human_ovarian_cancer_ffpe_visium,10x_human_ovarian_cancer_ffpe_visium,10x Visium | 10x Visium,10381,8465,background
10x_human_ovarian_cancer_ffpe_visium,10x_human_ovarian_cancer_ffpe_visium,10x Visium | 10x Visium,2512,8578,background
10x_human_ovarian_cancer_ffpe_visium,10x_human_ovarian_cancer_ffpe_visium,10x Visium | 10x Visium,2584,8704,background
10x_human_ovarian_cancer_ffpe_visium,10x_human_ovarian_cancer_ffpe_visium,10x Visium | 10x Visium,2656,8578,background
10x_human_ovarian_cancer_ffpe_visium,10x_human_ovarian_cancer_ffpe_visium,10x Visium | 10x Visium,2728,8704,background
10x_human_ovarian_cancer_ffpe_visium,10x_human_ovarian_cancer_ffpe_visium,10x Visium | 10x Visium,2800,8579,background
10x_human_ovarian_cancer_ffpe_visium,10x_human_ovarian_cancer_ffpe_visium,10x Visium | 10x Visium,2872,8704,background
10x_human_ovarian_cancer_ffpe_visium,10x_human_ovarian_cancer_ffpe_visium,10x Visium | 10x Visium,2945,8579,background
10x_human_ovarian_cancer_ffpe_visium,10x_human_ovarian_cancer_ffpe_visium,10x Visium | 10x Visium,3017,8705,background
10x_human_ovarian_cancer_ffpe_visium,10x_human_ovarian_cancer_ffpe_visium,10x Visium | 10x Visium,3089,8579,background
10x_human_ovarian_cancer_ffpe_visium,10x_human_ovarian_cancer_ffpe_visium,10x Visium | 10x Visium,3161,8705,background
10x_human_ovarian_cancer_ffpe_visium,10x_human_ovarian_cancer_ffpe_visium,10x Visium | 10x Visium,3234,8579,background
10x_human_ovarian_cancer_ffpe_visium,10x_human_ovarian_cancer_ffpe_visium,10x Visium | 10x Visium,3306,8705,background
10x_human_ovarian_cancer_ffpe_visium,10x_human_ovarian_cancer_ffpe_visium,10x Visium | 10x Visium,3378,8580,background
10x_human_ovarian_cancer_ffpe_visium,10x_human_ovarian_cancer_ffpe_visium,10x Visium | 10x Visium,3450,8705,background
10x_human_ovarian_cancer_ffpe_visium,10x_human_ovarian_cancer_ffpe_visium,10x Visium | 10x Visium,3522,8580,background
10x_human_ovarian_cancer_ffpe_visium,10x_human_ovarian_cancer_ffpe_visium,10x Visium | 10x Visium,3594,8705,background
10x_human_ovarian_cancer_ffpe_visium,10x_human_ovarian_cancer_ffpe_visium,10x Visium | 10x Visium,3667,8580,background
10x_human_ovarian_cancer_ffpe_visium,10x_human_ovarian_cancer_ffpe_visium,10x Visium | 10x Visium,3739,8706,background
10x_human_ovarian_cancer_ffpe_visium,10x_human_ovarian_cancer_ffpe_visium,10x Visium | 10x Visium,3811,8580,background
10x_human_ovarian_cancer_ffpe_visium,10x_human_ovarian_cancer_ffpe_visium,10x Visium | 10x Visium,3883,8706,background
10x_human_ovarian_cancer_ffpe_visium,10x_human_ovarian_cancer_ffpe_visium,10x Visium | 10x Visium,3956,8580,background
10x_human_ovarian_cancer_ffpe_visium,10x_human_ovarian_cancer_ffpe_visium,10x Visium | 10x Visium,4028,8706,background
10x_human_ovarian_cancer_ffpe_visium,10x_human_ovarian_cancer_ffpe_visium,10x Visium | 10x Visium,4100,8581,background
10x_human_ovarian_cancer_ffpe_visium,10x_human_ovarian_cancer_ffpe_visium,10x Visium | 10x Visium,4172,8706,background
10x_human_ovarian_cancer_ffpe_visium,10x_human_ovarian_cancer_ffpe_visium,10x Visium | 10x Visium,4244,8581,background
10x_human_ovarian_cancer_ffpe_visium,10x_human_ovarian_cancer_ffpe_visium,10x Visium | 10x Visium,4316,8707,background
10x_human_ovarian_cancer_ffpe_visium,10x_human_ovarian_cancer_ffpe_visium,10x Visium | 10x Visium,4389,8581,background
10x_human_ovarian_cancer_ffpe_visium,10x_human_ovarian_cancer_ffpe_visium,10x Visium | 10x Visium,4461,8707,background
10x_human_ovarian_cancer_ffpe_visium,10x_human_ovarian_cancer_ffpe_visium,10x Visium | 10x Visium,4533,8581,background
10x_human_ovarian_cancer_ffpe_visium,10x_human_ovarian_cancer_ffpe_visium,10x Visium | 10x Visium,4605,8707,background
10x_human_ovarian_cancer_ffpe_visium,10x_human_ovarian_cancer_ffpe_visium,10x Visium | 10x Visium,4677,8582,background
10x_human_ovarian_cancer_ffpe_visium,10x_human_ovarian_cancer_ffpe_visium,10x Visium | 10x Visium,4749,8707,background
10x_human_ovarian_cancer_ffpe_visium,10x_human_ovarian_cancer_ffpe_visium,10x Visium | 10x Visium,4822,8582,background
10x_human_ovarian_cancer_ffpe_visium,10x_human_ovarian_cancer_ffpe_visium,10x Visium | 10x Visium,4894,8708,background
10x_human_ovarian_cancer_ffpe_visium,10x_human_ovarian_cancer_ffpe_visium,10x Visium | 10x Visium,4966,8582,background
10x_human_ovarian_cancer_ffpe_visium,10x_human_ovarian_cancer_ffpe_visium,10x Visium | 10x Visium,5038,8708,background
10x_human_ovarian_cancer_ffpe_visium,10x_human_ovarian_cancer_ffpe_visium,10x Visium | 10x Visium,5111,8582,background
10x_human_ovarian_cancer_ffpe_visium,10x_human_ovarian_cancer_ffpe_visium,10x Visium | 10x Visium,5183,8708,background
10x_human_ovarian_cancer_ffpe_visium,10x_human_ovarian_cancer_ffpe_visium,10x Visium | 10x Visium,5255,8582,background
10x_human_ovarian_cancer_ffpe_visium,10x_human_ovarian_cancer_ffpe_visium,10x Visium | 10x Visium,5327,8708,background
10x_human_ovarian_cancer_ffpe_visium,10x_human_ovarian_cancer_ffpe_visium,10x Visium | 10x Visium,5399,8583,background
10x_human_ovarian_cancer_ffpe_visium,10x_human_ovarian_cancer_ffpe_visium,10x Visium | 10x Visium,5471,8708,background
10x_human_ovarian_cancer_ffpe_visium,10x_human_ovarian_cancer_ffpe_visium,10x Visium | 10x Visium,5544,8583,background
10x_human_ovarian_cancer_ffpe_visium,10x_human_ovarian_cancer_ffpe_visium,10x Visium | 10x Visium,5616,8709,background
10x_human_ovarian_cancer_ffpe_visium,10x_human_ovarian_cancer_ffpe_visium,10x Visium | 10x Visium,5688,8583,background
10x_human_ovarian_cancer_ffpe_visium,10x_human_ovarian_cancer_ffpe_visium,10x Visium | 10x Visium,5760,8709,background
10x_human_ovarian_cancer_ffpe_visium,10x_human_ovarian_cancer_ffpe_visium,10x Visium | 10x Visium,5832,8583,background
10x_human_ovarian_cancer_ffpe_visium,10x_human_ovarian_cancer_ffpe_visium,10x Visium | 10x Visium,5904,8709,background
10x_human_ovarian_cancer_ffpe_visium,10x_human_ovarian_cancer_ffpe_visium,10x Visium | 10x Visium,5977,8584,background
10x_human_ovarian_cancer_ffpe_visium,10x_human_ovarian_cancer_ffpe_visium,10x Visium | 10x Visium,6049,8709,background
10x_human_ovarian_cancer_ffpe_visium,10x_human_ovarian_cancer_ffpe_visium,10x Visium | 10x Visium,6121,8584,background
10x_human_ovarian_cancer_ffpe_visium,10x_human_ovarian_cancer_ffpe_visium,10x Visium | 10x Visium,6193,8710,background
10x_human_ovarian_cancer_ffpe_visium,10x_human_ovarian_cancer_ffpe_visium,10x Visium | 10x Visium,6266,8584,background
10x_human_ovarian_cancer_ffpe_visium,10x_human_ovarian_cancer_ffpe_visium,10x Visium | 10x Visium,6338,8710,background
10x_human_ovarian_cancer_ffpe_visium,10x_human_ovarian_cancer_ffpe_visium,10x Visium | 10x Visium,6410,8584,background
10x_human_ovarian_cancer_ffpe_visium,10x_human_ovarian_cancer_ffpe_visium,10x Visium | 10x Visium,6482,8710,background
10x_human_ovarian_cancer_ffpe_visium,10x_human_ovarian_cancer_ffpe_visium,10x Visium | 10x Visium,6554,8585,background
10x_human_ovarian_cancer_ffpe_visium,10x_human_ovarian_cancer_ffpe_visium,10x Visium | 10x Visium,6626,8710,background
10x_human_ovarian_cancer_ffpe_visium,10x_human_ovarian_cancer_ffpe_visium,10x Visium | 10x Visium,6699,8585,background
10x_human_ovarian_cancer_ffpe_visium,10x_human_ovarian_cancer_ffpe_visium,10x Visium | 10x Visium,6771,8711,background
10x_human_ovarian_cancer_ffpe_visium,10x_human_ovarian_cancer_ffpe_visium,10x Visium | 10x Visium,6843,8585,background
10x_human_ovarian_cancer_ffpe_visium,10x_human_ovarian_cancer_ffpe_visium,10x Visium | 10x Visium,6915,8711,background
10x_human_ovarian_cancer_ffpe_visium,10x_human_ovarian_cancer_ffpe_visium,10x Visium | 10x Visium,6987,8585,background
10x_human_ovarian_cancer_ffpe_visium,10x_human_ovarian_cancer_ffpe_visium,10x Visium | 10x Visium,7059,8711,background
10x_human_ovarian_cancer_ffpe_visium,10x_human_ovarian_cancer_ffpe_visium,10x Visium | 10x Visium,7132,8585,background
10x_human_ovarian_cancer_ffpe_visium,10x_human_ovarian_cancer_ffpe_visium,10x Visium | 10x Visium,7204,8711,background
10x_human_ovarian_cancer_ffpe_visium,10x_human_ovarian_cancer_ffpe_visium,10x Visium | 10x Visium,7276,8586,background
10x_human_ovarian_cancer_ffpe_visium,10x_human_ovarian_cancer_ffpe_visium,10x Visium | 10x Visium,7348,8711,background
10x_human_ovarian_cancer_ffpe_visium,10x_human_ovarian_cancer_ffpe_visium,10x Visium | 10x Visium,7421,8586,background
10x_human_ovarian_cancer_ffpe_visium,10x_human_ovarian_cancer_ffpe_visium,10x Visium | 10x Visium,7493,8712,background
10x_human_ovarian_cancer_ffpe_visium,10x_human_ovarian_cancer_ffpe_visium,10x Visium | 10x Visium,7565,8586,background
10x_human_ovarian_cancer_ffpe_visium,10x_human_ovarian_cancer_ffpe_visium,10x Visium | 10x Visium,7637,8712,background
10x_human_ovarian_cancer_ffpe_visium,10x_human_ovarian_cancer_ffpe_visium,10x Visium | 10x Visium,7709,8586,background
10x_human_ovarian_cancer_ffpe_visium,10x_human_ovarian_cancer_ffpe_visium,10x Visium | 10x Visium,7781,8712,background
10x_human_ovarian_cancer_ffpe_visium,10x_human_ovarian_cancer_ffpe_visium,10x Visium | 10x Visium,7854,8587,background
10x_human_ovarian_cancer_ffpe_visium,10x_human_ovarian_cancer_ffpe_visium,10x Visium | 10x Visium,7926,8712,background
10x_human_ovarian_cancer_ffpe_visium,10x_human_ovarian_cancer_ffpe_visium,10x Visium | 10x Visium,7998,8587,background
10x_human_ovarian_cancer_ffpe_visium,10x_human_ovarian_cancer_ffpe_visium,10x Visium | 10x Visium,8070,8713,background
10x_human_ovarian_cancer_ffpe_visium,10x_human_ovarian_cancer_ffpe_visium,10x Visium | 10x Visium,8143,8587,background
10x_human_ovarian_cancer_ffpe_visium,10x_human_ovarian_cancer_ffpe_visium,10x Visium | 10x Visium,8215,8713,background
10x_human_ovarian_cancer_ffpe_visium,10x_human_ovarian_cancer_ffpe_visium,10x Visium | 10x Visium,8287,8587,background
10x_human_ovarian_cancer_ffpe_visium,10x_human_ovarian_cancer_ffpe_visium,10x Visium | 10x Visium,8359,8713,background
10x_human_ovarian_cancer_ffpe_visium,10x_human_ovarian_cancer_ffpe_visium,10x Visium | 10x Visium,8431,8588,background
10x_human_ovarian_cancer_ffpe_visium,10x_human_ovarian_cancer_ffpe_visium,10x Visium | 10x Visium,8503,8713,background
10x_human_ovarian_cancer_ffpe_visium,10x_human_ovarian_cancer_ffpe_visium,10x Visium | 10x Visium,8576,8588,background
10x_human_ovarian_cancer_ffpe_visium,10x_human_ovarian_cancer_ffpe_visium,10x Visium | 10x Visium,8648,8713,background
10x_human_ovarian_cancer_ffpe_visium,10x_human_ovarian_cancer_ffpe_visium,10x Visium | 10x Visium,8720,8588,background
10x_human_ovarian_cancer_ffpe_visium,10x_human_ovarian_cancer_ffpe_visium,10x Visium | 10x Visium,8792,8714,background
10x_human_ovarian_cancer_ffpe_visium,10x_human_ovarian_cancer_ffpe_visium,10x Visium | 10x Visium,8864,8588,background
10x_human_ovarian_cancer_ffpe_visium,10x_human_ovarian_cancer_ffpe_visium,10x Visium | 10x Visium,8936,8714,background
10x_human_ovarian_cancer_ffpe_visium,10x_human_ovarian_cancer_ffpe_visium,10x Visium | 10x Visium,9009,8588,background
10x_human_ovarian_cancer_ffpe_visium,10x_human_ovarian_cancer_ffpe_visium,10x Visium | 10x Visium,9081,8714,background
10x_human_ovarian_cancer_ffpe_visium,10x_human_ovarian_cancer_ffpe_visium,10x Visium | 10x Visium,9153,8589,background
10x_human_ovarian_cancer_ffpe_visium,10x_human_ovarian_cancer_ffpe_visium,10x Visium | 10x Visium,9225,8714,background
10x_human_ovarian_cancer_ffpe_visium,10x_human_ovarian_cancer_ffpe_visium,10x Visium | 10x Visium,9298,8589,background
10x_human_ovarian_cancer_ffpe_visium,10x_human_ovarian_cancer_ffpe_visium,10x Visium | 10x Visium,9370,8715,background
10x_human_ovarian_cancer_ffpe_visium,10x_human_ovarian_cancer_ffpe_visium,10x Visium | 10x Visium,9442,8589,background
10x_human_ovarian_cancer_ffpe_visium,10x_human_ovarian_cancer_ffpe_visium,10x Visium | 10x Visium,9514,8715,background
10x_human_ovarian_cancer_ffpe_visium,10x_human_ovarian_cancer_ffpe_visium,10x Visium | 10x Visium,9586,8589,background
10x_human_ovarian_cancer_ffpe_visium,10x_human_ovarian_cancer_ffpe_visium,10x Visium | 10x Visium,9658,8715,background
10x_human_ovarian_cancer_ffpe_visium,10x_human_ovarian_cancer_ffpe_visium,10x Visium | 10x Visium,9731,8590,background
10x_human_ovarian_cancer_ffpe_visium,10x_human_ovarian_cancer_ffpe_visium,10x Visium | 10x Visium,9803,8715,background
10x_human_ovarian_cancer_ffpe_visium,10x_human_ovarian_cancer_ffpe_visium,10x Visium | 10x Visium,9875,8590,background
10x_human_ovarian_cancer_ffpe_visium,10x_human_ovarian_cancer_ffpe_visium,10x Visium | 10x Visium,9947,8716,background
10x_human_ovarian_cancer_ffpe_visium,10x_human_ovarian_cancer_ffpe_visium,10x Visium | 10x Visium,10019,8590,background
10x_human_ovarian_cancer_ffpe_visium,10x_human_ovarian_cancer_ffpe_visium,10x Visium | 10x Visium,10091,8716,background
10x_human_ovarian_cancer_ffpe_visium,10x_human_ovarian_cancer_ffpe_visium,10x Visium | 10x Visium,10164,8590,background
10x_human_ovarian_cancer_ffpe_visium,10x_human_ovarian_cancer_ffpe_visium,10x Visium | 10x Visium,10380,8716,background
10x_human_ovarian_cancer_ffpe_visium,10x_human_ovarian_cancer_ffpe_visium,10x Visium | 10x Visium,2511,8829,background
10x_human_ovarian_cancer_ffpe_visium,10x_human_ovarian_cancer_ffpe_visium,10x Visium | 10x Visium,2583,8955,background
10x_human_ovarian_cancer_ffpe_visium,10x_human_ovarian_cancer_ffpe_visium,10x Visium | 10x Visium,2656,8830,background
10x_human_ovarian_cancer_ffpe_visium,10x_human_ovarian_cancer_ffpe_visium,10x Visium | 10x Visium,2728,8955,background
10x_human_ovarian_cancer_ffpe_visium,10x_human_ovarian_cancer_ffpe_visium,10x Visium | 10x Visium,2800,8830,background
10x_human_ovarian_cancer_ffpe_visium,10x_human_ovarian_cancer_ffpe_visium,10x Visium | 10x Visium,2872,8956,background
10x_human_ovarian_cancer_ffpe_visium,10x_human_ovarian_cancer_ffpe_visium,10x Visium | 10x Visium,2944,8830,background
10x_human_ovarian_cancer_ffpe_visium,10x_human_ovarian_cancer_ffpe_visium,10x Visium | 10x Visium,3016,8956,background
10x_human_ovarian_cancer_ffpe_visium,10x_human_ovarian_cancer_ffpe_visium,10x Visium | 10x Visium,3089,8830,background
10x_human_ovarian_cancer_ffpe_visium,10x_human_ovarian_cancer_ffpe_visium,10x Visium | 10x Visium,3161,8956,background
10x_human_ovarian_cancer_ffpe_visium,10x_human_ovarian_cancer_ffpe_visium,10x Visium | 10x Visium,3233,8831,background
10x_human_ovarian_cancer_ffpe_visium,10x_human_ovarian_cancer_ffpe_visium,10x Visium | 10x Visium,3305,8956,background
10x_human_ovarian_cancer_ffpe_visium,10x_human_ovarian_cancer_ffpe_visium,10x Visium | 10x Visium,3378,8831,background
10x_human_ovarian_cancer_ffpe_visium,10x_human_ovarian_cancer_ffpe_visium,10x Visium | 10x Visium,3450,8956,background
10x_human_ovarian_cancer_ffpe_visium,10x_human_ovarian_cancer_ffpe_visium,10x Visium | 10x Visium,3522,8831,background
10x_human_ovarian_cancer_ffpe_visium,10x_human_ovarian_cancer_ffpe_visium,10x Visium | 10x Visium,3594,8957,background
10x_human_ovarian_cancer_ffpe_visium,10x_human_ovarian_cancer_ffpe_visium,10x Visium | 10x Visium,3666,8831,background
10x_human_ovarian_cancer_ffpe_visium,10x_human_ovarian_cancer_ffpe_visium,10x Visium | 10x Visium,3738,8957,background
10x_human_ovarian_cancer_ffpe_visium,10x_human_ovarian_cancer_ffpe_visium,10x Visium | 10x Visium,3811,8831,background
10x_human_ovarian_cancer_ffpe_visium,10x_human_ovarian_cancer_ffpe_visium,10x Visium | 10x Visium,3883,8957,background
10x_human_ovarian_cancer_ffpe_visium,10x_human_ovarian_cancer_ffpe_visium,10x Visium | 10x Visium,3955,8832,background
10x_human_ovarian_cancer_ffpe_visium,10x_human_ovarian_cancer_ffpe_visium,10x Visium | 10x Visium,4027,8957,background
10x_human_ovarian_cancer_ffpe_visium,10x_human_ovarian_cancer_ffpe_visium,10x Visium | 10x Visium,4099,8832,background
10x_human_ovarian_cancer_ffpe_visium,10x_human_ovarian_cancer_ffpe_visium,10x Visium | 10x Visium,4171,8958,background
10x_human_ovarian_cancer_ffpe_visium,10x_human_ovarian_cancer_ffpe_visium,10x Visium | 10x Visium,4244,8832,background
10x_human_ovarian_cancer_ffpe_visium,10x_human_ovarian_cancer_ffpe_visium,10x Visium | 10x Visium,4316,8958,background
10x_human_ovarian_cancer_ffpe_visium,10x_human_ovarian_cancer_ffpe_visium,10x Visium | 10x Visium,4388,8832,background
10x_human_ovarian_cancer_ffpe_visium,10x_human_ovarian_cancer_ffpe_visium,10x Visium | 10x Visium,4460,8958,background
10x_human_ovarian_cancer_ffpe_visium,10x_human_ovarian_cancer_ffpe_visium,10x Visium | 10x Visium,4533,8833,background
10x_human_ovarian_cancer_ffpe_visium,10x_human_ovarian_cancer_ffpe_visium,10x Visium | 10x Visium,4605,8958,background
10x_human_ovarian_cancer_ffpe_visium,10x_human_ovarian_cancer_ffpe_visium,10x Visium | 10x Visium,4677,8833,background
10x_human_ovarian_cancer_ffpe_visium,10x_human_ovarian_cancer_ffpe_visium,10x Visium | 10x Visium,4749,8959,background
10x_human_ovarian_cancer_ffpe_visium,10x_human_ovarian_cancer_ffpe_visium,10x Visium | 10x Visium,4821,8833,background
10x_human_ovarian_cancer_ffpe_visium,10x_human_ovarian_cancer_ffpe_visium,10x Visium | 10x Visium,4893,8959,background
10x_human_ovarian_cancer_ffpe_visium,10x_human_ovarian_cancer_ffpe_visium,10x Visium | 10x Visium,4966,8833,background
10x_human_ovarian_cancer_ffpe_visium,10x_human_ovarian_cancer_ffpe_visium,10x Visium | 10x Visium,5038,8959,background
10x_human_ovarian_cancer_ffpe_visium,10x_human_ovarian_cancer_ffpe_visium,10x Visium | 10x Visium,5110,8833,background
10x_human_ovarian_cancer_ffpe_visium,10x_human_ovarian_cancer_ffpe_visium,10x Visium | 10x Visium,5182,8959,background
10x_human_ovarian_cancer_ffpe_visium,10x_human_ovarian_cancer_ffpe_visium,10x Visium | 10x Visium,5255,8834,background
10x_human_ovarian_cancer_ffpe_visium,10x_human_ovarian_cancer_ffpe_visium,10x Visium | 10x Visium,5327,8959,background
10x_human_ovarian_cancer_ffpe_visium,10x_human_ovarian_cancer_ffpe_visium,10x Visium | 10x Visium,5399,8834,background
10x_human_ovarian_cancer_ffpe_visium,10x_human_ovarian_cancer_ffpe_visium,10x Visium | 10x Visium,5471,8960,background
10x_human_ovarian_cancer_ffpe_visium,10x_human_ovarian_cancer_ffpe_visium,10x Visium | 10x Visium,5543,8834,background
10x_human_ovarian_cancer_ffpe_visium,10x_human_ovarian_cancer_ffpe_visium,10x Visium | 10x Visium,5615,8960,background
10x_human_ovarian_cancer_ffpe_visium,10x_human_ovarian_cancer_ffpe_visium,10x Visium | 10x Visium,5688,8834,background
10x_human_ovarian_cancer_ffpe_visium,10x_human_ovarian_cancer_ffpe_visium,10x Visium | 10x Visium,5760,8960,background
10x_human_ovarian_cancer_ffpe_visium,10x_human_ovarian_cancer_ffpe_visium,10x Visium | 10x Visium,5832,8835,background
10x_human_ovarian_cancer_ffpe_visium,10x_human_ovarian_cancer_ffpe_visium,10x Visium | 10x Visium,5904,8960,background
10x_human_ovarian_cancer_ffpe_visium,10x_human_ovarian_cancer_ffpe_visium,10x Visium | 10x Visium,5976,8835,background
10x_human_ovarian_cancer_ffpe_visium,10x_human_ovarian_cancer_ffpe_visium,10x Visium | 10x Visium,6048,8961,background
10x_human_ovarian_cancer_ffpe_visium,10x_human_ovarian_cancer_ffpe_visium,10x Visium | 10x Visium,6121,8835,background
10x_human_ovarian_cancer_ffpe_visium,10x_human_ovarian_cancer_ffpe_visium,10x Visium | 10x Visium,6193,8961,background
10x_human_ovarian_cancer_ffpe_visium,10x_human_ovarian_cancer_ffpe_visium,10x Visium | 10x Visium,6265,8835,background
10x_human_ovarian_cancer_ffpe_visium,10x_human_ovarian_cancer_ffpe_visium,10x Visium | 10x Visium,6337,8961,background
10x_human_ovarian_cancer_ffpe_visium,10x_human_ovarian_cancer_ffpe_visium,10x Visium | 10x Visium,6410,8836,background
10x_human_ovarian_cancer_ffpe_visium,10x_human_ovarian_cancer_ffpe_visium,10x Visium | 10x Visium,6482,8961,background
10x_human_ovarian_cancer_ffpe_visium,10x_human_ovarian_cancer_ffpe_visium,10x Visium | 10x Visium,6554,8836,background
10x_human_ovarian_cancer_ffpe_visium,10x_human_ovarian_cancer_ffpe_visium,10x Visium | 10x Visium,6626,8962,background
10x_human_ovarian_cancer_ffpe_visium,10x_human_ovarian_cancer_ffpe_visium,10x Visium | 10x Visium,6698,8836,background
10x_human_ovarian_cancer_ffpe_visium,10x_human_ovarian_cancer_ffpe_visium,10x Visium | 10x Visium,6770,8962,background
10x_human_ovarian_cancer_ffpe_visium,10x_human_ovarian_cancer_ffpe_visium,10x Visium | 10x Visium,6843,8836,background
10x_human_ovarian_cancer_ffpe_visium,10x_human_ovarian_cancer_ffpe_visium,10x Visium | 10x Visium,6915,8962,background
10x_human_ovarian_cancer_ffpe_visium,10x_human_ovarian_cancer_ffpe_visium,10x Visium | 10x Visium,6987,8836,background
10x_human_ovarian_cancer_ffpe_visium,10x_human_ovarian_cancer_ffpe_visium,10x Visium | 10x Visium,7059,8962,background
10x_human_ovarian_cancer_ffpe_visium,10x_human_ovarian_cancer_ffpe_visium,10x Visium | 10x Visium,7131,8837,background
10x_human_ovarian_cancer_ffpe_visium,10x_human_ovarian_cancer_ffpe_visium,10x Visium | 10x Visium,7203,8962,background
10x_human_ovarian_cancer_ffpe_visium,10x_human_ovarian_cancer_ffpe_visium,10x Visium | 10x Visium,7276,8837,background
10x_human_ovarian_cancer_ffpe_visium,10x_human_ovarian_cancer_ffpe_visium,10x Visium | 10x Visium,7348,8963,background
10x_human_ovarian_cancer_ffpe_visium,10x_human_ovarian_cancer_ffpe_visium,10x Visium | 10x Visium,7420,8837,background
10x_human_ovarian_cancer_ffpe_visium,10x_human_ovarian_cancer_ffpe_visium,10x Visium | 10x Visium,7492,8963,background
10x_human_ovarian_cancer_ffpe_visium,10x_human_ovarian_cancer_ffpe_visium,10x Visium | 10x Visium,7565,8837,background
10x_human_ovarian_cancer_ffpe_visium,10x_human_ovarian_cancer_ffpe_visium,10x Visium | 10x Visium,7637,8963,background
10x_human_ovarian_cancer_ffpe_visium,10x_human_ovarian_cancer_ffpe_visium,10x Visium | 10x Visium,7709,8838,background
10x_human_ovarian_cancer_ffpe_visium,10x_human_ovarian_cancer_ffpe_visium,10x Visium | 10x Visium,7781,8963,background
10x_human_ovarian_cancer_ffpe_visium,10x_human_ovarian_cancer_ffpe_visium,10x Visium | 10x Visium,7853,8838,background
10x_human_ovarian_cancer_ffpe_visium,10x_human_ovarian_cancer_ffpe_visium,10x Visium | 10x Visium,7925,8964,background
10x_human_ovarian_cancer_ffpe_visium,10x_human_ovarian_cancer_ffpe_visium,10x Visium | 10x Visium,7998,8838,background
10x_human_ovarian_cancer_ffpe_visium,10x_human_ovarian_cancer_ffpe_visium,10x Visium | 10x Visium,8070,8964,background
10x_human_ovarian_cancer_ffpe_visium,10x_human_ovarian_cancer_ffpe_visium,10x Visium | 10x Visium,8142,8838,background
10x_human_ovarian_cancer_ffpe_visium,10x_human_ovarian_cancer_ffpe_visium,10x Visium | 10x Visium,8214,8964,background
10x_human_ovarian_cancer_ffpe_visium,10x_human_ovarian_cancer_ffpe_visium,10x Visium | 10x Visium,8287,8839,background
10x_human_ovarian_cancer_ffpe_visium,10x_human_ovarian_cancer_ffpe_visium,10x Visium | 10x Visium,8359,8964,background
10x_human_ovarian_cancer_ffpe_visium,10x_human_ovarian_cancer_ffpe_visium,10x Visium | 10x Visium,8431,8839,background
10x_human_ovarian_cancer_ffpe_visium,10x_human_ovarian_cancer_ffpe_visium,10x Visium | 10x Visium,8503,8964,background
10x_human_ovarian_cancer_ffpe_visium,10x_human_ovarian_cancer_ffpe_visium,10x Visium | 10x Visium,8575,8839,background
10x_human_ovarian_cancer_ffpe_visium,10x_human_ovarian_cancer_ffpe_visium,10x Visium | 10x Visium,8647,8965,background
10x_human_ovarian_cancer_ffpe_visium,10x_human_ovarian_cancer_ffpe_visium,10x Visium | 10x Visium,8720,8839,background
10x_human_ovarian_cancer_ffpe_visium,10x_human_ovarian_cancer_ffpe_visium,10x Visium | 10x Visium,8792,8965,background
10x_human_ovarian_cancer_ffpe_visium,10x_human_ovarian_cancer_ffpe_visium,10x Visium | 10x Visium,8864,8839,background
10x_human_ovarian_cancer_ffpe_visium,10x_human_ovarian_cancer_ffpe_visium,10x Visium | 10x Visium,8936,8965,background
10x_human_ovarian_cancer_ffpe_visium,10x_human_ovarian_cancer_ffpe_visium,10x Visium | 10x Visium,9008,8840,background
10x_human_ovarian_cancer_ffpe_visium,10x_human_ovarian_cancer_ffpe_visium,10x Visium | 10x Visium,9080,8965,background
10x_human_ovarian_cancer_ffpe_visium,10x_human_ovarian_cancer_ffpe_visium,10x Visium | 10x Visium,9153,8840,background
10x_human_ovarian_cancer_ffpe_visium,10x_human_ovarian_cancer_ffpe_visium,10x Visium | 10x Visium,9225,8966,background
10x_human_ovarian_cancer_ffpe_visium,10x_human_ovarian_cancer_ffpe_visium,10x Visium | 10x Visium,9297,8840,background
10x_human_ovarian_cancer_ffpe_visium,10x_human_ovarian_cancer_ffpe_visium,10x Visium | 10x Visium,9369,8966,background
10x_human_ovarian_cancer_ffpe_visium,10x_human_ovarian_cancer_ffpe_visium,10x Visium | 10x Visium,9442,8840,background
10x_human_ovarian_cancer_ffpe_visium,10x_human_ovarian_cancer_ffpe_visium,10x Visium | 10x Visium,9514,8966,background
10x_human_ovarian_cancer_ffpe_visium,10x_human_ovarian_cancer_ffpe_visium,10x Visium | 10x Visium,9586,8841,background
10x_human_ovarian_cancer_ffpe_visium,10x_human_ovarian_cancer_ffpe_visium,10x Visium | 10x Visium,9658,8966,background
10x_human_ovarian_cancer_ffpe_visium,10x_human_ovarian_cancer_ffpe_visium,10x Visium | 10x Visium,9730,8841,background
10x_human_ovarian_cancer_ffpe_visium,10x_human_ovarian_cancer_ffpe_visium,10x Visium | 10x Visium,9802,8967,background
10x_human_ovarian_cancer_ffpe_visium,10x_human_ovarian_cancer_ffpe_visium,10x Visium | 10x Visium,9875,8841,background
10x_human_ovarian_cancer_ffpe_visium,10x_human_ovarian_cancer_ffpe_visium,10x Visium | 10x Visium,9947,8967,background
10x_human_ovarian_cancer_ffpe_visium,10x_human_ovarian_cancer_ffpe_visium,10x Visium | 10x Visium,10019,8841,background
10x_human_ovarian_cancer_ffpe_visium,10x_human_ovarian_cancer_ffpe_visium,10x Visium | 10x Visium,10091,8967,background
10x_human_ovarian_cancer_ffpe_visium,10x_human_ovarian_cancer_ffpe_visium,10x Visium | 10x Visium,10163,8841,background
10x_human_ovarian_cancer_ffpe_visium,10x_human_ovarian_cancer_ffpe_visium,10x Visium | 10x Visium,10235,8967,background
10x_human_ovarian_cancer_ffpe_visium,10x_human_ovarian_cancer_ffpe_visium,10x Visium | 10x Visium,10308,8842,background
10x_human_ovarian_cancer_ffpe_visium,10x_human_ovarian_cancer_ffpe_visium,10x Visium | 10x Visium,10452,8842,background
10x_human_ovarian_cancer_ffpe_visium,10x_human_ovarian_cancer_ffpe_visium,10x Visium | 10x Visium,2511,9081,background
10x_human_ovarian_cancer_ffpe_visium,10x_human_ovarian_cancer_ffpe_visium,10x Visium | 10x Visium,2583,9206,background
10x_human_ovarian_cancer_ffpe_visium,10x_human_ovarian_cancer_ffpe_visium,10x Visium | 10x Visium,2655,9081,background
10x_human_ovarian_cancer_ffpe_visium,10x_human_ovarian_cancer_ffpe_visium,10x Visium | 10x Visium,2727,9207,background
10x_human_ovarian_cancer_ffpe_visium,10x_human_ovarian_cancer_ffpe_visium,10x Visium | 10x Visium,2800,9081,background
10x_human_ovarian_cancer_ffpe_visium,10x_human_ovarian_cancer_ffpe_visium,10x Visium | 10x Visium,2872,9207,background
10x_human_ovarian_cancer_ffpe_visium,10x_human_ovarian_cancer_ffpe_visium,10x Visium | 10x Visium,2944,9081,background
10x_human_ovarian_cancer_ffpe_visium,10x_human_ovarian_cancer_ffpe_visium,10x Visium | 10x Visium,3016,9207,background
10x_human_ovarian_cancer_ffpe_visium,10x_human_ovarian_cancer_ffpe_visium,10x Visium | 10x Visium,3088,9082,background
10x_human_ovarian_cancer_ffpe_visium,10x_human_ovarian_cancer_ffpe_visium,10x Visium | 10x Visium,3160,9207,background
10x_human_ovarian_cancer_ffpe_visium,10x_human_ovarian_cancer_ffpe_visium,10x Visium | 10x Visium,3233,9082,background
10x_human_ovarian_cancer_ffpe_visium,10x_human_ovarian_cancer_ffpe_visium,10x Visium | 10x Visium,3305,9207,background
10x_human_ovarian_cancer_ffpe_visium,10x_human_ovarian_cancer_ffpe_visium,10x Visium | 10x Visium,3377,9082,background
10x_human_ovarian_cancer_ffpe_visium,10x_human_ovarian_cancer_ffpe_visium,10x Visium | 10x Visium,3449,9208,background
10x_human_ovarian_cancer_ffpe_visium,10x_human_ovarian_cancer_ffpe_visium,10x Visium | 10x Visium,3522,9082,background
10x_human_ovarian_cancer_ffpe_visium,10x_human_ovarian_cancer_ffpe_visium,10x Visium | 10x Visium,3594,9208,background
10x_human_ovarian_cancer_ffpe_visium,10x_human_ovarian_cancer_ffpe_visium,10x Visium | 10x Visium,3666,9082,background
10x_human_ovarian_cancer_ffpe_visium,10x_human_ovarian_cancer_ffpe_visium,10x Visium | 10x Visium,3738,9208,background
10x_human_ovarian_cancer_ffpe_visium,10x_human_ovarian_cancer_ffpe_visium,10x Visium | 10x Visium,3810,9083,background
10x_human_ovarian_cancer_ffpe_visium,10x_human_ovarian_cancer_ffpe_visium,10x Visium | 10x Visium,3882,9208,background
10x_human_ovarian_cancer_ffpe_visium,10x_human_ovarian_cancer_ffpe_visium,10x Visium | 10x Visium,3955,9083,background
10x_human_ovarian_cancer_ffpe_visium,10x_human_ovarian_cancer_ffpe_visium,10x Visium | 10x Visium,4027,9209,background
10x_human_ovarian_cancer_ffpe_visium,10x_human_ovarian_cancer_ffpe_visium,10x Visium | 10x Visium,4099,9083,background
10x_human_ovarian_cancer_ffpe_visium,10x_human_ovarian_cancer_ffpe_visium,10x Visium | 10x Visium,4171,9209,background
10x_human_ovarian_cancer_ffpe_visium,10x_human_ovarian_cancer_ffpe_visium,10x Visium | 10x Visium,4243,9083,background
10x_human_ovarian_cancer_ffpe_visium,10x_human_ovarian_cancer_ffpe_visium,10x Visium | 10x Visium,4315,9209,background
10x_human_ovarian_cancer_ffpe_visium,10x_human_ovarian_cancer_ffpe_visium,10x Visium | 10x Visium,4388,9084,background
10x_human_ovarian_cancer_ffpe_visium,10x_human_ovarian_cancer_ffpe_visium,10x Visium | 10x Visium,4460,9209,background
10x_human_ovarian_cancer_ffpe_visium,10x_human_ovarian_cancer_ffpe_visium,10x Visium | 10x Visium,4532,9084,background
10x_human_ovarian_cancer_ffpe_visium,10x_human_ovarian_cancer_ffpe_visium,10x Visium | 10x Visium,4604,9210,background
10x_human_ovarian_cancer_ffpe_visium,10x_human_ovarian_cancer_ffpe_visium,10x Visium | 10x Visium,4677,9084,background
10x_human_ovarian_cancer_ffpe_visium,10x_human_ovarian_cancer_ffpe_visium,10x Visium | 10x Visium,4749,9210,background
10x_human_ovarian_cancer_ffpe_visium,10x_human_ovarian_cancer_ffpe_visium,10x Visium | 10x Visium,4821,9084,background
10x_human_ovarian_cancer_ffpe_visium,10x_human_ovarian_cancer_ffpe_visium,10x Visium | 10x Visium,4893,9210,background
10x_human_ovarian_cancer_ffpe_visium,10x_human_ovarian_cancer_ffpe_visium,10x Visium | 10x Visium,4965,9084,background
10x_human_ovarian_cancer_ffpe_visium,10x_human_ovarian_cancer_ffpe_visium,10x Visium | 10x Visium,5037,9210,background
10x_human_ovarian_cancer_ffpe_visium,10x_human_ovarian_cancer_ffpe_visium,10x Visium | 10x Visium,5110,9085,background
10x_human_ovarian_cancer_ffpe_visium,10x_human_ovarian_cancer_ffpe_visium,10x Visium | 10x Visium,5182,9210,background
10x_human_ovarian_cancer_ffpe_visium,10x_human_ovarian_cancer_ffpe_visium,10x Visium | 10x Visium,5254,9085,background
10x_human_ovarian_cancer_ffpe_visium,10x_human_ovarian_cancer_ffpe_visium,10x Visium | 10x Visium,5326,9211,background
10x_human_ovarian_cancer_ffpe_visium,10x_human_ovarian_cancer_ffpe_visium,10x Visium | 10x Visium,5399,9085,background
10x_human_ovarian_cancer_ffpe_visium,10x_human_ovarian_cancer_ffpe_visium,10x Visium | 10x Visium,5471,9211,background
10x_human_ovarian_cancer_ffpe_visium,10x_human_ovarian_cancer_ffpe_visium,10x Visium | 10x Visium,5543,9085,background
10x_human_ovarian_cancer_ffpe_visium,10x_human_ovarian_cancer_ffpe_visium,10x Visium | 10x Visium,5615,9211,background
10x_human_ovarian_cancer_ffpe_visium,10x_human_ovarian_cancer_ffpe_visium,10x Visium | 10x Visium,5687,9086,background
10x_human_ovarian_cancer_ffpe_visium,10x_human_ovarian_cancer_ffpe_visium,10x Visium | 10x Visium,5759,9211,background
10x_human_ovarian_cancer_ffpe_visium,10x_human_ovarian_cancer_ffpe_visium,10x Visium | 10x Visium,5832,9086,background
10x_human_ovarian_cancer_ffpe_visium,10x_human_ovarian_cancer_ffpe_visium,10x Visium | 10x Visium,5904,9212,background
10x_human_ovarian_cancer_ffpe_visium,10x_human_ovarian_cancer_ffpe_visium,10x Visium | 10x Visium,5976,9086,background
10x_human_ovarian_cancer_ffpe_visium,10x_human_ovarian_cancer_ffpe_visium,10x Visium | 10x Visium,6048,9212,background
10x_human_ovarian_cancer_ffpe_visium,10x_human_ovarian_cancer_ffpe_visium,10x Visium | 10x Visium,6120,9086,background
10x_human_ovarian_cancer_ffpe_visium,10x_human_ovarian_cancer_ffpe_visium,10x Visium | 10x Visium,6192,9212,background
10x_human_ovarian_cancer_ffpe_visium,10x_human_ovarian_cancer_ffpe_visium,10x Visium | 10x Visium,6265,9087,background
10x_human_ovarian_cancer_ffpe_visium,10x_human_ovarian_cancer_ffpe_visium,10x Visium | 10x Visium,6337,9212,background
10x_human_ovarian_cancer_ffpe_visium,10x_human_ovarian_cancer_ffpe_visium,10x Visium | 10x Visium,6409,9087,background
10x_human_ovarian_cancer_ffpe_visium,10x_human_ovarian_cancer_ffpe_visium,10x Visium | 10x Visium,6481,9212,background
10x_human_ovarian_cancer_ffpe_visium,10x_human_ovarian_cancer_ffpe_visium,10x Visium | 10x Visium,6554,9087,background
10x_human_ovarian_cancer_ffpe_visium,10x_human_ovarian_cancer_ffpe_visium,10x Visium | 10x Visium,6626,9213,background
10x_human_ovarian_cancer_ffpe_visium,10x_human_ovarian_cancer_ffpe_visium,10x Visium | 10x Visium,6698,9087,background
10x_human_ovarian_cancer_ffpe_visium,10x_human_ovarian_cancer_ffpe_visium,10x Visium | 10x Visium,6770,9213,background
10x_human_ovarian_cancer_ffpe_visium,10x_human_ovarian_cancer_ffpe_visium,10x Visium | 10x Visium,6842,9087,background
10x_human_ovarian_cancer_ffpe_visium,10x_human_ovarian_cancer_ffpe_visium,10x Visium | 10x Visium,6914,9213,background
10x_human_ovarian_cancer_ffpe_visium,10x_human_ovarian_cancer_ffpe_visium,10x Visium | 10x Visium,6987,9088,background
10x_human_ovarian_cancer_ffpe_visium,10x_human_ovarian_cancer_ffpe_visium,10x Visium | 10x Visium,7059,9213,background
10x_human_ovarian_cancer_ffpe_visium,10x_human_ovarian_cancer_ffpe_visium,10x Visium | 10x Visium,7131,9088,background
10x_human_ovarian_cancer_ffpe_visium,10x_human_ovarian_cancer_ffpe_visium,10x Visium | 10x Visium,7203,9214,background
10x_human_ovarian_cancer_ffpe_visium,10x_human_ovarian_cancer_ffpe_visium,10x Visium | 10x Visium,7275,9088,background
10x_human_ovarian_cancer_ffpe_visium,10x_human_ovarian_cancer_ffpe_visium,10x Visium | 10x Visium,7347,9214,background
10x_human_ovarian_cancer_ffpe_visium,10x_human_ovarian_cancer_ffpe_visium,10x Visium | 10x Visium,7420,9088,background
10x_human_ovarian_cancer_ffpe_visium,10x_human_ovarian_cancer_ffpe_visium,10x Visium | 10x Visium,7492,9214,background
10x_human_ovarian_cancer_ffpe_visium,10x_human_ovarian_cancer_ffpe_visium,10x Visium | 10x Visium,7564,9089,background
10x_human_ovarian_cancer_ffpe_visium,10x_human_ovarian_cancer_ffpe_visium,10x Visium | 10x Visium,7636,9214,background
10x_human_ovarian_cancer_ffpe_visium,10x_human_ovarian_cancer_ffpe_visium,10x Visium | 10x Visium,7709,9089,background
10x_human_ovarian_cancer_ffpe_visium,10x_human_ovarian_cancer_ffpe_visium,10x Visium | 10x Visium,7781,9215,background
10x_human_ovarian_cancer_ffpe_visium,10x_human_ovarian_cancer_ffpe_visium,10x Visium | 10x Visium,7853,9089,background
10x_human_ovarian_cancer_ffpe_visium,10x_human_ovarian_cancer_ffpe_visium,10x Visium | 10x Visium,7925,9215,background
10x_human_ovarian_cancer_ffpe_visium,10x_human_ovarian_cancer_ffpe_visium,10x Visium | 10x Visium,7997,9089,background
10x_human_ovarian_cancer_ffpe_visium,10x_human_ovarian_cancer_ffpe_visium,10x Visium | 10x Visium,8069,9215,background
10x_human_ovarian_cancer_ffpe_visium,10x_human_ovarian_cancer_ffpe_visium,10x Visium | 10x Visium,8142,9090,background
10x_human_ovarian_cancer_ffpe_visium,10x_human_ovarian_cancer_ffpe_visium,10x Visium | 10x Visium,8214,9215,background
10x_human_ovarian_cancer_ffpe_visium,10x_human_ovarian_cancer_ffpe_visium,10x Visium | 10x Visium,8286,9090,background
10x_human_ovarian_cancer_ffpe_visium,10x_human_ovarian_cancer_ffpe_visium,10x Visium | 10x Visium,8358,9215,background
10x_human_ovarian_cancer_ffpe_visium,10x_human_ovarian_cancer_ffpe_visium,10x Visium | 10x Visium,8430,9090,background
10x_human_ovarian_cancer_ffpe_visium,10x_human_ovarian_cancer_ffpe_visium,10x Visium | 10x Visium,8502,9216,background
10x_human_ovarian_cancer_ffpe_visium,10x_human_ovarian_cancer_ffpe_visium,10x Visium | 10x Visium,8575,9090,background
10x_human_ovarian_cancer_ffpe_visium,10x_human_ovarian_cancer_ffpe_visium,10x Visium | 10x Visium,8647,9216,background
10x_human_ovarian_cancer_ffpe_visium,10x_human_ovarian_cancer_ffpe_visium,10x Visium | 10x Visium,8719,9090,background
10x_human_ovarian_cancer_ffpe_visium,10x_human_ovarian_cancer_ffpe_visium,10x Visium | 10x Visium,8791,9216,background
10x_human_ovarian_cancer_ffpe_visium,10x_human_ovarian_cancer_ffpe_visium,10x Visium | 10x Visium,8864,9091,background
10x_human_ovarian_cancer_ffpe_visium,10x_human_ovarian_cancer_ffpe_visium,10x Visium | 10x Visium,8936,9216,background
10x_human_ovarian_cancer_ffpe_visium,10x_human_ovarian_cancer_ffpe_visium,10x Visium | 10x Visium,9008,9091,background
10x_human_ovarian_cancer_ffpe_visium,10x_human_ovarian_cancer_ffpe_visium,10x Visium | 10x Visium,9080,9217,background
10x_human_ovarian_cancer_ffpe_visium,10x_human_ovarian_cancer_ffpe_visium,10x Visium | 10x Visium,9152,9091,background
10x_human_ovarian_cancer_ffpe_visium,10x_human_ovarian_cancer_ffpe_visium,10x Visium | 10x Visium,9224,9217,background
10x_human_ovarian_cancer_ffpe_visium,10x_human_ovarian_cancer_ffpe_visium,10x Visium | 10x Visium,9297,9091,background
10x_human_ovarian_cancer_ffpe_visium,10x_human_ovarian_cancer_ffpe_visium,10x Visium | 10x Visium,9369,9217,background
10x_human_ovarian_cancer_ffpe_visium,10x_human_ovarian_cancer_ffpe_visium,10x Visium | 10x Visium,9441,9092,background
10x_human_ovarian_cancer_ffpe_visium,10x_human_ovarian_cancer_ffpe_visium,10x Visium | 10x Visium,9513,9217,background
10x_human_ovarian_cancer_ffpe_visium,10x_human_ovarian_cancer_ffpe_visium,10x Visium | 10x Visium,9586,9092,background
10x_human_ovarian_cancer_ffpe_visium,10x_human_ovarian_cancer_ffpe_visium,10x Visium | 10x Visium,9658,9218,background
10x_human_ovarian_cancer_ffpe_visium,10x_human_ovarian_cancer_ffpe_visium,10x Visium | 10x Visium,9730,9092,background
10x_human_ovarian_cancer_ffpe_visium,10x_human_ovarian_cancer_ffpe_visium,10x Visium | 10x Visium,9802,9218,background
10x_human_ovarian_cancer_ffpe_visium,10x_human_ovarian_cancer_ffpe_visium,10x Visium | 10x Visium,9874,9092,background
10x_human_ovarian_cancer_ffpe_visium,10x_human_ovarian_cancer_ffpe_visium,10x Visium | 10x Visium,9946,9218,background
10x_human_ovarian_cancer_ffpe_visium,10x_human_ovarian_cancer_ffpe_visium,10x Visium | 10x Visium,10019,9092,background
10x_human_ovarian_cancer_ffpe_visium,10x_human_ovarian_cancer_ffpe_visium,10x Visium | 10x Visium,10091,9218,background
10x_human_ovarian_cancer_ffpe_visium,10x_human_ovarian_cancer_ffpe_visium,10x Visium | 10x Visium,10163,9093,background
10x_human_ovarian_cancer_ffpe_visium,10x_human_ovarian_cancer_ffpe_visium,10x Visium | 10x Visium,2583,9458,background
10x_human_ovarian_cancer_ffpe_visium,10x_human_ovarian_cancer_ffpe_visium,10x Visium | 10x Visium,2655,9332,background
10x_human_ovarian_cancer_ffpe_visium,10x_human_ovarian_cancer_ffpe_visium,10x Visium | 10x Visium,2727,9458,background
10x_human_ovarian_cancer_ffpe_visium,10x_human_ovarian_cancer_ffpe_visium,10x Visium | 10x Visium,2799,9332,background
10x_human_ovarian_cancer_ffpe_visium,10x_human_ovarian_cancer_ffpe_visium,10x Visium | 10x Visium,2871,9458,background
10x_human_ovarian_cancer_ffpe_visium,10x_human_ovarian_cancer_ffpe_visium,10x Visium | 10x Visium,2944,9333,background
10x_human_ovarian_cancer_ffpe_visium,10x_human_ovarian_cancer_ffpe_visium,10x Visium | 10x Visium,3016,9458,background
10x_human_ovarian_cancer_ffpe_visium,10x_human_ovarian_cancer_ffpe_visium,10x Visium | 10x Visium,3088,9333,background
10x_human_ovarian_cancer_ffpe_visium,10x_human_ovarian_cancer_ffpe_visium,10x Visium | 10x Visium,3160,9458,background
10x_human_ovarian_cancer_ffpe_visium,10x_human_ovarian_cancer_ffpe_visium,10x Visium | 10x Visium,3232,9333,background
10x_human_ovarian_cancer_ffpe_visium,10x_human_ovarian_cancer_ffpe_visium,10x Visium | 10x Visium,3304,9459,background
10x_human_ovarian_cancer_ffpe_visium,10x_human_ovarian_cancer_ffpe_visium,10x Visium | 10x Visium,3377,9333,background
10x_human_ovarian_cancer_ffpe_visium,10x_human_ovarian_cancer_ffpe_visium,10x Visium | 10x Visium,3449,9459,background
10x_human_ovarian_cancer_ffpe_visium,10x_human_ovarian_cancer_ffpe_visium,10x Visium | 10x Visium,3521,9333,background
10x_human_ovarian_cancer_ffpe_visium,10x_human_ovarian_cancer_ffpe_visium,10x Visium | 10x Visium,3593,9459,background
10x_human_ovarian_cancer_ffpe_visium,10x_human_ovarian_cancer_ffpe_visium,10x Visium | 10x Visium,3666,9334,background
10x_human_ovarian_cancer_ffpe_visium,10x_human_ovarian_cancer_ffpe_visium,10x Visium | 10x Visium,3738,9459,background
10x_human_ovarian_cancer_ffpe_visium,10x_human_ovarian_cancer_ffpe_visium,10x Visium | 10x Visium,3810,9334,background
10x_human_ovarian_cancer_ffpe_visium,10x_human_ovarian_cancer_ffpe_visium,10x Visium | 10x Visium,3882,9460,background
10x_human_ovarian_cancer_ffpe_visium,10x_human_ovarian_cancer_ffpe_visium,10x Visium | 10x Visium,3954,9334,background
10x_human_ovarian_cancer_ffpe_visium,10x_human_ovarian_cancer_ffpe_visium,10x Visium | 10x Visium,4026,9460,background
10x_human_ovarian_cancer_ffpe_visium,10x_human_ovarian_cancer_ffpe_visium,10x Visium | 10x Visium,4099,9334,background
10x_human_ovarian_cancer_ffpe_visium,10x_human_ovarian_cancer_ffpe_visium,10x Visium | 10x Visium,4171,9460,background
10x_human_ovarian_cancer_ffpe_visium,10x_human_ovarian_cancer_ffpe_visium,10x Visium | 10x Visium,4243,9335,background
10x_human_ovarian_cancer_ffpe_visium,10x_human_ovarian_cancer_ffpe_visium,10x Visium | 10x Visium,4315,9460,background
10x_human_ovarian_cancer_ffpe_visium,10x_human_ovarian_cancer_ffpe_visium,10x Visium | 10x Visium,4387,9335,background
10x_human_ovarian_cancer_ffpe_visium,10x_human_ovarian_cancer_ffpe_visium,10x Visium | 10x Visium,4459,9461,background
10x_human_ovarian_cancer_ffpe_visium,10x_human_ovarian_cancer_ffpe_visium,10x Visium | 10x Visium,4532,9335,background
10x_human_ovarian_cancer_ffpe_visium,10x_human_ovarian_cancer_ffpe_visium,10x Visium | 10x Visium,4604,9461,background
10x_human_ovarian_cancer_ffpe_visium,10x_human_ovarian_cancer_ffpe_visium,10x Visium | 10x Visium,4676,9335,background
10x_human_ovarian_cancer_ffpe_visium,10x_human_ovarian_cancer_ffpe_visium,10x Visium | 10x Visium,4748,9461,background
10x_human_ovarian_cancer_ffpe_visium,10x_human_ovarian_cancer_ffpe_visium,10x Visium | 10x Visium,4821,9335,background
10x_human_ovarian_cancer_ffpe_visium,10x_human_ovarian_cancer_ffpe_visium,10x Visium | 10x Visium,4893,9461,background
10x_human_ovarian_cancer_ffpe_visium,10x_human_ovarian_cancer_ffpe_visium,10x Visium | 10x Visium,4965,9336,background
10x_human_ovarian_cancer_ffpe_visium,10x_human_ovarian_cancer_ffpe_visium,10x Visium | 10x Visium,5037,9461,background
10x_human_ovarian_cancer_ffpe_visium,10x_human_ovarian_cancer_ffpe_visium,10x Visium | 10x Visium,5109,9336,background
10x_human_ovarian_cancer_ffpe_visium,10x_human_ovarian_cancer_ffpe_visium,10x Visium | 10x Visium,5181,9462,background
10x_human_ovarian_cancer_ffpe_visium,10x_human_ovarian_cancer_ffpe_visium,10x Visium | 10x Visium,5254,9336,background
10x_human_ovarian_cancer_ffpe_visium,10x_human_ovarian_cancer_ffpe_visium,10x Visium | 10x Visium,5326,9462,background
10x_human_ovarian_cancer_ffpe_visium,10x_human_ovarian_cancer_ffpe_visium,10x Visium | 10x Visium,5398,9336,background
10x_human_ovarian_cancer_ffpe_visium,10x_human_ovarian_cancer_ffpe_visium,10x Visium | 10x Visium,5470,9462,background
10x_human_ovarian_cancer_ffpe_visium,10x_human_ovarian_cancer_ffpe_visium,10x Visium | 10x Visium,5543,9337,background
10x_human_ovarian_cancer_ffpe_visium,10x_human_ovarian_cancer_ffpe_visium,10x Visium | 10x Visium,5614,9462,background
10x_human_ovarian_cancer_ffpe_visium,10x_human_ovarian_cancer_ffpe_visium,10x Visium | 10x Visium,5687,9337,background
10x_human_ovarian_cancer_ffpe_visium,10x_human_ovarian_cancer_ffpe_visium,10x Visium | 10x Visium,5759,9463,background
10x_human_ovarian_cancer_ffpe_visium,10x_human_ovarian_cancer_ffpe_visium,10x Visium | 10x Visium,5831,9337,background
10x_human_ovarian_cancer_ffpe_visium,10x_human_ovarian_cancer_ffpe_visium,10x Visium | 10x Visium,5903,9463,background
10x_human_ovarian_cancer_ffpe_visium,10x_human_ovarian_cancer_ffpe_visium,10x Visium | 10x Visium,5976,9337,background
10x_human_ovarian_cancer_ffpe_visium,10x_human_ovarian_cancer_ffpe_visium,10x Visium | 10x Visium,6048,9463,background
10x_human_ovarian_cancer_ffpe_visium,10x_human_ovarian_cancer_ffpe_visium,10x Visium | 10x Visium,6120,9338,background
10x_human_ovarian_cancer_ffpe_visium,10x_human_ovarian_cancer_ffpe_visium,10x Visium | 10x Visium,6192,9463,background
10x_human_ovarian_cancer_ffpe_visium,10x_human_ovarian_cancer_ffpe_visium,10x Visium | 10x Visium,6264,9338,background
10x_human_ovarian_cancer_ffpe_visium,10x_human_ovarian_cancer_ffpe_visium,10x Visium | 10x Visium,6336,9463,background
10x_human_ovarian_cancer_ffpe_visium,10x_human_ovarian_cancer_ffpe_visium,10x Visium | 10x Visium,6409,9338,background
10x_human_ovarian_cancer_ffpe_visium,10x_human_ovarian_cancer_ffpe_visium,10x Visium | 10x Visium,6481,9464,background
10x_human_ovarian_cancer_ffpe_visium,10x_human_ovarian_cancer_ffpe_visium,10x Visium | 10x Visium,6553,9338,background
10x_human_ovarian_cancer_ffpe_visium,10x_human_ovarian_cancer_ffpe_visium,10x Visium | 10x Visium,6625,9464,background
10x_human_ovarian_cancer_ffpe_visium,10x_human_ovarian_cancer_ffpe_visium,10x Visium | 10x Visium,6698,9338,background
10x_human_ovarian_cancer_ffpe_visium,10x_human_ovarian_cancer_ffpe_visium,10x Visium | 10x Visium,6770,9464,background
10x_human_ovarian_cancer_ffpe_visium,10x_human_ovarian_cancer_ffpe_visium,10x Visium | 10x Visium,6842,9339,background
10x_human_ovarian_cancer_ffpe_visium,10x_human_ovarian_cancer_ffpe_visium,10x Visium | 10x Visium,6914,9464,background
10x_human_ovarian_cancer_ffpe_visium,10x_human_ovarian_cancer_ffpe_visium,10x Visium | 10x Visium,6986,9339,background
10x_human_ovarian_cancer_ffpe_visium,10x_human_ovarian_cancer_ffpe_visium,10x Visium | 10x Visium,7058,9465,background
10x_human_ovarian_cancer_ffpe_visium,10x_human_ovarian_cancer_ffpe_visium,10x Visium | 10x Visium,7131,9339,background
10x_human_ovarian_cancer_ffpe_visium,10x_human_ovarian_cancer_ffpe_visium,10x Visium | 10x Visium,7203,9465,background
10x_human_ovarian_cancer_ffpe_visium,10x_human_ovarian_cancer_ffpe_visium,10x Visium | 10x Visium,7275,9339,background
10x_human_ovarian_cancer_ffpe_visium,10x_human_ovarian_cancer_ffpe_visium,10x Visium | 10x Visium,7347,9465,background
10x_human_ovarian_cancer_ffpe_visium,10x_human_ovarian_cancer_ffpe_visium,10x Visium | 10x Visium,7419,9340,background
10x_human_ovarian_cancer_ffpe_visium,10x_human_ovarian_cancer_ffpe_visium,10x Visium | 10x Visium,7491,9465,background
10x_human_ovarian_cancer_ffpe_visium,10x_human_ovarian_cancer_ffpe_visium,10x Visium | 10x Visium,7564,9340,background
10x_human_ovarian_cancer_ffpe_visium,10x_human_ovarian_cancer_ffpe_visium,10x Visium | 10x Visium,7636,9466,background
10x_human_ovarian_cancer_ffpe_visium,10x_human_ovarian_cancer_ffpe_visium,10x Visium | 10x Visium,7708,9340,background
10x_human_ovarian_cancer_ffpe_visium,10x_human_ovarian_cancer_ffpe_visium,10x Visium | 10x Visium,7780,9466,background
10x_human_ovarian_cancer_ffpe_visium,10x_human_ovarian_cancer_ffpe_visium,10x Visium | 10x Visium,7853,9340,background
10x_human_ovarian_cancer_ffpe_visium,10x_human_ovarian_cancer_ffpe_visium,10x Visium | 10x Visium,7925,9466,background
10x_human_ovarian_cancer_ffpe_visium,10x_human_ovarian_cancer_ffpe_visium,10x Visium | 10x Visium,7997,9341,background
10x_human_ovarian_cancer_ffpe_visium,10x_human_ovarian_cancer_ffpe_visium,10x Visium | 10x Visium,8069,9466,background
10x_human_ovarian_cancer_ffpe_visium,10x_human_ovarian_cancer_ffpe_visium,10x Visium | 10x Visium,8141,9341,background
10x_human_ovarian_cancer_ffpe_visium,10x_human_ovarian_cancer_ffpe_visium,10x Visium | 10x Visium,8213,9466,background
10x_human_ovarian_cancer_ffpe_visium,10x_human_ovarian_cancer_ffpe_visium,10x Visium | 10x Visium,8286,9341,background
10x_human_ovarian_cancer_ffpe_visium,10x_human_ovarian_cancer_ffpe_visium,10x Visium | 10x Visium,8358,9467,background
10x_human_ovarian_cancer_ffpe_visium,10x_human_ovarian_cancer_ffpe_visium,10x Visium | 10x Visium,8430,9341,background
10x_human_ovarian_cancer_ffpe_visium,10x_human_ovarian_cancer_ffpe_visium,10x Visium | 10x Visium,8502,9467,background
10x_human_ovarian_cancer_ffpe_visium,10x_human_ovarian_cancer_ffpe_visium,10x Visium | 10x Visium,8574,9341,background
10x_human_ovarian_cancer_ffpe_visium,10x_human_ovarian_cancer_ffpe_visium,10x Visium | 10x Visium,8646,9467,background
10x_human_ovarian_cancer_ffpe_visium,10x_human_ovarian_cancer_ffpe_visium,10x Visium | 10x Visium,8719,9342,background
10x_human_ovarian_cancer_ffpe_visium,10x_human_ovarian_cancer_ffpe_visium,10x Visium | 10x Visium,8791,9467,background
10x_human_ovarian_cancer_ffpe_visium,10x_human_ovarian_cancer_ffpe_visium,10x Visium | 10x Visium,8863,9342,background
10x_human_ovarian_cancer_ffpe_visium,10x_human_ovarian_cancer_ffpe_visium,10x Visium | 10x Visium,8935,9468,background
10x_human_ovarian_cancer_ffpe_visium,10x_human_ovarian_cancer_ffpe_visium,10x Visium | 10x Visium,9008,9342,background
10x_human_ovarian_cancer_ffpe_visium,10x_human_ovarian_cancer_ffpe_visium,10x Visium | 10x Visium,9080,9468,background
10x_human_ovarian_cancer_ffpe_visium,10x_human_ovarian_cancer_ffpe_visium,10x Visium | 10x Visium,9152,9342,background
10x_human_ovarian_cancer_ffpe_visium,10x_human_ovarian_cancer_ffpe_visium,10x Visium | 10x Visium,9224,9468,background
10x_human_ovarian_cancer_ffpe_visium,10x_human_ovarian_cancer_ffpe_visium,10x Visium | 10x Visium,9296,9343,background
10x_human_ovarian_cancer_ffpe_visium,10x_human_ovarian_cancer_ffpe_visium,10x Visium | 10x Visium,9368,9468,background
10x_human_ovarian_cancer_ffpe_visium,10x_human_ovarian_cancer_ffpe_visium,10x Visium | 10x Visium,9441,9343,background
10x_human_ovarian_cancer_ffpe_visium,10x_human_ovarian_cancer_ffpe_visium,10x Visium | 10x Visium,9513,9469,background
10x_human_ovarian_cancer_ffpe_visium,10x_human_ovarian_cancer_ffpe_visium,10x Visium | 10x Visium,9585,9343,background
10x_human_ovarian_cancer_ffpe_visium,10x_human_ovarian_cancer_ffpe_visium,10x Visium | 10x Visium,9657,9469,background
10x_human_ovarian_cancer_ffpe_visium,10x_human_ovarian_cancer_ffpe_visium,10x Visium | 10x Visium,9730,9343,background
10x_human_ovarian_cancer_ffpe_visium,10x_human_ovarian_cancer_ffpe_visium,10x Visium | 10x Visium,9802,9469,background
10x_human_ovarian_cancer_ffpe_visium,10x_human_ovarian_cancer_ffpe_visium,10x Visium | 10x Visium,9874,9343,background
10x_human_ovarian_cancer_ffpe_visium,10x_human_ovarian_cancer_ffpe_visium,10x Visium | 10x Visium,9946,9469,background
10x_human_ovarian_cancer_ffpe_visium,10x_human_ovarian_cancer_ffpe_visium,10x Visium | 10x Visium,10018,9344,background
10x_human_ovarian_cancer_ffpe_visium,10x_human_ovarian_cancer_ffpe_visium,10x Visium | 10x Visium,10090,9469,background
10x_human_ovarian_cancer_ffpe_visium,10x_human_ovarian_cancer_ffpe_visium,10x Visium | 10x Visium,10163,9344,background
10x_human_ovarian_cancer_ffpe_visium,10x_human_ovarian_cancer_ffpe_visium,10x Visium | 10x Visium,2726,9709,background
10x_human_ovarian_cancer_ffpe_visium,10x_human_ovarian_cancer_ffpe_visium,10x Visium | 10x Visium,2799,9583,background
10x_human_ovarian_cancer_ffpe_visium,10x_human_ovarian_cancer_ffpe_visium,10x Visium | 10x Visium,2871,9709,background
10x_human_ovarian_cancer_ffpe_visium,10x_human_ovarian_cancer_ffpe_visium,10x Visium | 10x Visium,2943,9584,background
10x_human_ovarian_cancer_ffpe_visium,10x_human_ovarian_cancer_ffpe_visium,10x Visium | 10x Visium,3015,9709,background
10x_human_ovarian_cancer_ffpe_visium,10x_human_ovarian_cancer_ffpe_visium,10x Visium | 10x Visium,3088,9584,background
10x_human_ovarian_cancer_ffpe_visium,10x_human_ovarian_cancer_ffpe_visium,10x Visium | 10x Visium,3160,9710,background
10x_human_ovarian_cancer_ffpe_visium,10x_human_ovarian_cancer_ffpe_visium,10x Visium | 10x Visium,3232,9584,background
10x_human_ovarian_cancer_ffpe_visium,10x_human_ovarian_cancer_ffpe_visium,10x Visium | 10x Visium,3304,9710,background
10x_human_ovarian_cancer_ffpe_visium,10x_human_ovarian_cancer_ffpe_visium,10x Visium | 10x Visium,3376,9584,background
10x_human_ovarian_cancer_ffpe_visium,10x_human_ovarian_cancer_ffpe_visium,10x Visium | 10x Visium,3448,9710,background
10x_human_ovarian_cancer_ffpe_visium,10x_human_ovarian_cancer_ffpe_visium,10x Visium | 10x Visium,3521,9585,background
10x_human_ovarian_cancer_ffpe_visium,10x_human_ovarian_cancer_ffpe_visium,10x Visium | 10x Visium,3593,9710,background
10x_human_ovarian_cancer_ffpe_visium,10x_human_ovarian_cancer_ffpe_visium,10x Visium | 10x Visium,3665,9585,background
10x_human_ovarian_cancer_ffpe_visium,10x_human_ovarian_cancer_ffpe_visium,10x Visium | 10x Visium,3737,9711,background
10x_human_ovarian_cancer_ffpe_visium,10x_human_ovarian_cancer_ffpe_visium,10x Visium | 10x Visium,3810,9585,background
10x_human_ovarian_cancer_ffpe_visium,10x_human_ovarian_cancer_ffpe_visium,10x Visium | 10x Visium,3882,9711,background
10x_human_ovarian_cancer_ffpe_visium,10x_human_ovarian_cancer_ffpe_visium,10x Visium | 10x Visium,3954,9585,background
10x_human_ovarian_cancer_ffpe_visium,10x_human_ovarian_cancer_ffpe_visium,10x Visium | 10x Visium,4026,9711,background
10x_human_ovarian_cancer_ffpe_visium,10x_human_ovarian_cancer_ffpe_visium,10x Visium | 10x Visium,4098,9586,background
10x_human_ovarian_cancer_ffpe_visium,10x_human_ovarian_cancer_ffpe_visium,10x Visium | 10x Visium,4170,9711,background
10x_human_ovarian_cancer_ffpe_visium,10x_human_ovarian_cancer_ffpe_visium,10x Visium | 10x Visium,4243,9586,background
10x_human_ovarian_cancer_ffpe_visium,10x_human_ovarian_cancer_ffpe_visium,10x Visium | 10x Visium,4315,9712,background
10x_human_ovarian_cancer_ffpe_visium,10x_human_ovarian_cancer_ffpe_visium,10x Visium | 10x Visium,4387,9586,background
10x_human_ovarian_cancer_ffpe_visium,10x_human_ovarian_cancer_ffpe_visium,10x Visium | 10x Visium,4459,9712,background
10x_human_ovarian_cancer_ffpe_visium,10x_human_ovarian_cancer_ffpe_visium,10x Visium | 10x Visium,4531,9586,background
10x_human_ovarian_cancer_ffpe_visium,10x_human_ovarian_cancer_ffpe_visium,10x Visium | 10x Visium,4603,9712,background
10x_human_ovarian_cancer_ffpe_visium,10x_human_ovarian_cancer_ffpe_visium,10x Visium | 10x Visium,4676,9586,background
10x_human_ovarian_cancer_ffpe_visium,10x_human_ovarian_cancer_ffpe_visium,10x Visium | 10x Visium,4748,9712,background
10x_human_ovarian_cancer_ffpe_visium,10x_human_ovarian_cancer_ffpe_visium,10x Visium | 10x Visium,4820,9587,background
10x_human_ovarian_cancer_ffpe_visium,10x_human_ovarian_cancer_ffpe_visium,10x Visium | 10x Visium,4892,9712,background
10x_human_ovarian_cancer_ffpe_visium,10x_human_ovarian_cancer_ffpe_visium,10x Visium | 10x Visium,4965,9587,background
10x_human_ovarian_cancer_ffpe_visium,10x_human_ovarian_cancer_ffpe_visium,10x Visium | 10x Visium,5037,9713,background
10x_human_ovarian_cancer_ffpe_visium,10x_human_ovarian_cancer_ffpe_visium,10x Visium | 10x Visium,5109,9587,background
10x_human_ovarian_cancer_ffpe_visium,10x_human_ovarian_cancer_ffpe_visium,10x Visium | 10x Visium,5181,9713,background
10x_human_ovarian_cancer_ffpe_visium,10x_human_ovarian_cancer_ffpe_visium,10x Visium | 10x Visium,5253,9587,background
10x_human_ovarian_cancer_ffpe_visium,10x_human_ovarian_cancer_ffpe_visium,10x Visium | 10x Visium,5325,9713,background
10x_human_ovarian_cancer_ffpe_visium,10x_human_ovarian_cancer_ffpe_visium,10x Visium | 10x Visium,5398,9588,background
10x_human_ovarian_cancer_ffpe_visium,10x_human_ovarian_cancer_ffpe_visium,10x Visium | 10x Visium,5470,9713,background
10x_human_ovarian_cancer_ffpe_visium,10x_human_ovarian_cancer_ffpe_visium,10x Visium | 10x Visium,5542,9588,background
10x_human_ovarian_cancer_ffpe_visium,10x_human_ovarian_cancer_ffpe_visium,10x Visium | 10x Visium,5614,9714,background
10x_human_ovarian_cancer_ffpe_visium,10x_human_ovarian_cancer_ffpe_visium,10x Visium | 10x Visium,5686,9588,background
10x_human_ovarian_cancer_ffpe_visium,10x_human_ovarian_cancer_ffpe_visium,10x Visium | 10x Visium,5758,9714,background
10x_human_ovarian_cancer_ffpe_visium,10x_human_ovarian_cancer_ffpe_visium,10x Visium | 10x Visium,5831,9588,background
10x_human_ovarian_cancer_ffpe_visium,10x_human_ovarian_cancer_ffpe_visium,10x Visium | 10x Visium,5903,9714,background
10x_human_ovarian_cancer_ffpe_visium,10x_human_ovarian_cancer_ffpe_visium,10x Visium | 10x Visium,5975,9589,background
10x_human_ovarian_cancer_ffpe_visium,10x_human_ovarian_cancer_ffpe_visium,10x Visium | 10x Visium,6047,9714,background
10x_human_ovarian_cancer_ffpe_visium,10x_human_ovarian_cancer_ffpe_visium,10x Visium | 10x Visium,6120,9589,background
10x_human_ovarian_cancer_ffpe_visium,10x_human_ovarian_cancer_ffpe_visium,10x Visium | 10x Visium,6192,9714,background
10x_human_ovarian_cancer_ffpe_visium,10x_human_ovarian_cancer_ffpe_visium,10x Visium | 10x Visium,6264,9589,background
10x_human_ovarian_cancer_ffpe_visium,10x_human_ovarian_cancer_ffpe_visium,10x Visium | 10x Visium,6336,9715,background
10x_human_ovarian_cancer_ffpe_visium,10x_human_ovarian_cancer_ffpe_visium,10x Visium | 10x Visium,6408,9589,background
10x_human_ovarian_cancer_ffpe_visium,10x_human_ovarian_cancer_ffpe_visium,10x Visium | 10x Visium,6480,9715,background
10x_human_ovarian_cancer_ffpe_visium,10x_human_ovarian_cancer_ffpe_visium,10x Visium | 10x Visium,6553,9589,background
10x_human_ovarian_cancer_ffpe_visium,10x_human_ovarian_cancer_ffpe_visium,10x Visium | 10x Visium,6625,9715,background
10x_human_ovarian_cancer_ffpe_visium,10x_human_ovarian_cancer_ffpe_visium,10x Visium | 10x Visium,6697,9590,background
10x_human_ovarian_cancer_ffpe_visium,10x_human_ovarian_cancer_ffpe_visium,10x Visium | 10x Visium,6769,9715,background
10x_human_ovarian_cancer_ffpe_visium,10x_human_ovarian_cancer_ffpe_visium,10x Visium | 10x Visium,6842,9590,background
10x_human_ovarian_cancer_ffpe_visium,10x_human_ovarian_cancer_ffpe_visium,10x Visium | 10x Visium,6914,9716,background
10x_human_ovarian_cancer_ffpe_visium,10x_human_ovarian_cancer_ffpe_visium,10x Visium | 10x Visium,6986,9590,background
10x_human_ovarian_cancer_ffpe_visium,10x_human_ovarian_cancer_ffpe_visium,10x Visium | 10x Visium,7058,9716,background
10x_human_ovarian_cancer_ffpe_visium,10x_human_ovarian_cancer_ffpe_visium,10x Visium | 10x Visium,7130,9590,background
10x_human_ovarian_cancer_ffpe_visium,10x_human_ovarian_cancer_ffpe_visium,10x Visium | 10x Visium,7202,9716,background
10x_human_ovarian_cancer_ffpe_visium,10x_human_ovarian_cancer_ffpe_visium,10x Visium | 10x Visium,7275,9591,background
10x_human_ovarian_cancer_ffpe_visium,10x_human_ovarian_cancer_ffpe_visium,10x Visium | 10x Visium,7347,9716,background
10x_human_ovarian_cancer_ffpe_visium,10x_human_ovarian_cancer_ffpe_visium,10x Visium | 10x Visium,7419,9591,background
10x_human_ovarian_cancer_ffpe_visium,10x_human_ovarian_cancer_ffpe_visium,10x Visium | 10x Visium,7491,9717,background
10x_human_ovarian_cancer_ffpe_visium,10x_human_ovarian_cancer_ffpe_visium,10x Visium | 10x Visium,7563,9591,background
10x_human_ovarian_cancer_ffpe_visium,10x_human_ovarian_cancer_ffpe_visium,10x Visium | 10x Visium,7635,9717,background
10x_human_ovarian_cancer_ffpe_visium,10x_human_ovarian_cancer_ffpe_visium,10x Visium | 10x Visium,7708,9591,background
10x_human_ovarian_cancer_ffpe_visium,10x_human_ovarian_cancer_ffpe_visium,10x Visium | 10x Visium,7780,9717,background
10x_human_ovarian_cancer_ffpe_visium,10x_human_ovarian_cancer_ffpe_visium,10x Visium | 10x Visium,7852,9591,background
10x_human_ovarian_cancer_ffpe_visium,10x_human_ovarian_cancer_ffpe_visium,10x Visium | 10x Visium,7924,9717,background
10x_human_ovarian_cancer_ffpe_visium,10x_human_ovarian_cancer_ffpe_visium,10x Visium | 10x Visium,7997,9592,background
10x_human_ovarian_cancer_ffpe_visium,10x_human_ovarian_cancer_ffpe_visium,10x Visium | 10x Visium,8069,9717,background
10x_human_ovarian_cancer_ffpe_visium,10x_human_ovarian_cancer_ffpe_visium,10x Visium | 10x Visium,8141,9592,background
10x_human_ovarian_cancer_ffpe_visium,10x_human_ovarian_cancer_ffpe_visium,10x Visium | 10x Visium,8213,9718,background
10x_human_ovarian_cancer_ffpe_visium,10x_human_ovarian_cancer_ffpe_visium,10x Visium | 10x Visium,8285,9592,background
10x_human_ovarian_cancer_ffpe_visium,10x_human_ovarian_cancer_ffpe_visium,10x Visium | 10x Visium,8357,9718,background
10x_human_ovarian_cancer_ffpe_visium,10x_human_ovarian_cancer_ffpe_visium,10x Visium | 10x Visium,8430,9592,background
10x_human_ovarian_cancer_ffpe_visium,10x_human_ovarian_cancer_ffpe_visium,10x Visium | 10x Visium,8502,9718,background
10x_human_ovarian_cancer_ffpe_visium,10x_human_ovarian_cancer_ffpe_visium,10x Visium | 10x Visium,8646,9718,background
10x_human_ovarian_cancer_ffpe_visium,10x_human_ovarian_cancer_ffpe_visium,10x Visium | 10x Visium,8718,9593,background
10x_human_ovarian_cancer_ffpe_visium,10x_human_ovarian_cancer_ffpe_visium,10x Visium | 10x Visium,8790,9719,background
10x_human_ovarian_cancer_ffpe_visium,10x_human_ovarian_cancer_ffpe_visium,10x Visium | 10x Visium,8863,9593,background
10x_human_ovarian_cancer_ffpe_visium,10x_human_ovarian_cancer_ffpe_visium,10x Visium | 10x Visium,8935,9719,background
10x_human_ovarian_cancer_ffpe_visium,10x_human_ovarian_cancer_ffpe_visium,10x Visium | 10x Visium,9007,9593,background
10x_human_ovarian_cancer_ffpe_visium,10x_human_ovarian_cancer_ffpe_visium,10x Visium | 10x Visium,9079,9719,background
10x_human_ovarian_cancer_ffpe_visium,10x_human_ovarian_cancer_ffpe_visium,10x Visium | 10x Visium,9152,9594,background
10x_human_ovarian_cancer_ffpe_visium,10x_human_ovarian_cancer_ffpe_visium,10x Visium | 10x Visium,9224,9719,background
10x_human_ovarian_cancer_ffpe_visium,10x_human_ovarian_cancer_ffpe_visium,10x Visium | 10x Visium,9296,9594,background
10x_human_ovarian_cancer_ffpe_visium,10x_human_ovarian_cancer_ffpe_visium,10x Visium | 10x Visium,9368,9720,background
10x_human_ovarian_cancer_ffpe_visium,10x_human_ovarian_cancer_ffpe_visium,10x Visium | 10x Visium,9440,9594,background
10x_human_ovarian_cancer_ffpe_visium,10x_human_ovarian_cancer_ffpe_visium,10x Visium | 10x Visium,9512,9720,background
10x_human_ovarian_cancer_ffpe_visium,10x_human_ovarian_cancer_ffpe_visium,10x Visium | 10x Visium,9585,9594,background
10x_human_ovarian_cancer_ffpe_visium,10x_human_ovarian_cancer_ffpe_visium,10x Visium | 10x Visium,9657,9720,background
10x_human_ovarian_cancer_ffpe_visium,10x_human_ovarian_cancer_ffpe_visium,10x Visium | 10x Visium,9729,9594,background
10x_human_ovarian_cancer_ffpe_visium,10x_human_ovarian_cancer_ffpe_visium,10x Visium | 10x Visium,10018,9595,background
10x_human_ovarian_cancer_ffpe_visium,10x_human_ovarian_cancer_ffpe_visium,10x Visium | 10x Visium,2943,9835,background
10x_human_ovarian_cancer_ffpe_visium,10x_human_ovarian_cancer_ffpe_visium,10x Visium | 10x Visium,3015,9961,background
10x_human_ovarian_cancer_ffpe_visium,10x_human_ovarian_cancer_ffpe_visium,10x Visium | 10x Visium,3087,9835,background
10x_human_ovarian_cancer_ffpe_visium,10x_human_ovarian_cancer_ffpe_visium,10x Visium | 10x Visium,3159,9961,background
10x_human_ovarian_cancer_ffpe_visium,10x_human_ovarian_cancer_ffpe_visium,10x Visium | 10x Visium,3232,9835,background
10x_human_ovarian_cancer_ffpe_visium,10x_human_ovarian_cancer_ffpe_visium,10x Visium | 10x Visium,3304,9961,background
10x_human_ovarian_cancer_ffpe_visium,10x_human_ovarian_cancer_ffpe_visium,10x Visium | 10x Visium,3376,9836,background
10x_human_ovarian_cancer_ffpe_visium,10x_human_ovarian_cancer_ffpe_visium,10x Visium | 10x Visium,3448,9961,background
10x_human_ovarian_cancer_ffpe_visium,10x_human_ovarian_cancer_ffpe_visium,10x Visium | 10x Visium,3520,9836,background
10x_human_ovarian_cancer_ffpe_visium,10x_human_ovarian_cancer_ffpe_visium,10x Visium | 10x Visium,3592,9962,background
10x_human_ovarian_cancer_ffpe_visium,10x_human_ovarian_cancer_ffpe_visium,10x Visium | 10x Visium,3665,9836,background
10x_human_ovarian_cancer_ffpe_visium,10x_human_ovarian_cancer_ffpe_visium,10x Visium | 10x Visium,3737,9962,background
10x_human_ovarian_cancer_ffpe_visium,10x_human_ovarian_cancer_ffpe_visium,10x Visium | 10x Visium,3809,9836,background
10x_human_ovarian_cancer_ffpe_visium,10x_human_ovarian_cancer_ffpe_visium,10x Visium | 10x Visium,3881,9962,background
10x_human_ovarian_cancer_ffpe_visium,10x_human_ovarian_cancer_ffpe_visium,10x Visium | 10x Visium,3954,9837,background
10x_human_ovarian_cancer_ffpe_visium,10x_human_ovarian_cancer_ffpe_visium,10x Visium | 10x Visium,4026,9962,background
10x_human_ovarian_cancer_ffpe_visium,10x_human_ovarian_cancer_ffpe_visium,10x Visium | 10x Visium,4098,9837,background
10x_human_ovarian_cancer_ffpe_visium,10x_human_ovarian_cancer_ffpe_visium,10x Visium | 10x Visium,4170,9962,background
10x_human_ovarian_cancer_ffpe_visium,10x_human_ovarian_cancer_ffpe_visium,10x Visium | 10x Visium,4242,9837,background
10x_human_ovarian_cancer_ffpe_visium,10x_human_ovarian_cancer_ffpe_visium,10x Visium | 10x Visium,4314,9963,background
10x_human_ovarian_cancer_ffpe_visium,10x_human_ovarian_cancer_ffpe_visium,10x Visium | 10x Visium,4387,9837,background
10x_human_ovarian_cancer_ffpe_visium,10x_human_ovarian_cancer_ffpe_visium,10x Visium | 10x Visium,4459,9963,background
10x_human_ovarian_cancer_ffpe_visium,10x_human_ovarian_cancer_ffpe_visium,10x Visium | 10x Visium,4531,9837,background
10x_human_ovarian_cancer_ffpe_visium,10x_human_ovarian_cancer_ffpe_visium,10x Visium | 10x Visium,4603,9963,background
10x_human_ovarian_cancer_ffpe_visium,10x_human_ovarian_cancer_ffpe_visium,10x Visium | 10x Visium,4675,9838,background
10x_human_ovarian_cancer_ffpe_visium,10x_human_ovarian_cancer_ffpe_visium,10x Visium | 10x Visium,4747,9963,background
10x_human_ovarian_cancer_ffpe_visium,10x_human_ovarian_cancer_ffpe_visium,10x Visium | 10x Visium,4820,9838,background
10x_human_ovarian_cancer_ffpe_visium,10x_human_ovarian_cancer_ffpe_visium,10x Visium | 10x Visium,4892,9964,background
10x_human_ovarian_cancer_ffpe_visium,10x_human_ovarian_cancer_ffpe_visium,10x Visium | 10x Visium,4964,9838,background
10x_human_ovarian_cancer_ffpe_visium,10x_human_ovarian_cancer_ffpe_visium,10x Visium | 10x Visium,5036,9964,background
10x_human_ovarian_cancer_ffpe_visium,10x_human_ovarian_cancer_ffpe_visium,10x Visium | 10x Visium,5109,9838,background
10x_human_ovarian_cancer_ffpe_visium,10x_human_ovarian_cancer_ffpe_visium,10x Visium | 10x Visium,5181,9964,background
10x_human_ovarian_cancer_ffpe_visium,10x_human_ovarian_cancer_ffpe_visium,10x Visium | 10x Visium,5253,9839,background
10x_human_ovarian_cancer_ffpe_visium,10x_human_ovarian_cancer_ffpe_visium,10x Visium | 10x Visium,5325,9964,background
10x_human_ovarian_cancer_ffpe_visium,10x_human_ovarian_cancer_ffpe_visium,10x Visium | 10x Visium,5397,9839,background
10x_human_ovarian_cancer_ffpe_visium,10x_human_ovarian_cancer_ffpe_visium,10x Visium | 10x Visium,5469,9965,background
10x_human_ovarian_cancer_ffpe_visium,10x_human_ovarian_cancer_ffpe_visium,10x Visium | 10x Visium,5542,9839,background
10x_human_ovarian_cancer_ffpe_visium,10x_human_ovarian_cancer_ffpe_visium,10x Visium | 10x Visium,5614,9965,background
10x_human_ovarian_cancer_ffpe_visium,10x_human_ovarian_cancer_ffpe_visium,10x Visium | 10x Visium,5686,9839,background
10x_human_ovarian_cancer_ffpe_visium,10x_human_ovarian_cancer_ffpe_visium,10x Visium | 10x Visium,5758,9965,background
10x_human_ovarian_cancer_ffpe_visium,10x_human_ovarian_cancer_ffpe_visium,10x Visium | 10x Visium,5830,9840,background
10x_human_ovarian_cancer_ffpe_visium,10x_human_ovarian_cancer_ffpe_visium,10x Visium | 10x Visium,5902,9965,background
10x_human_ovarian_cancer_ffpe_visium,10x_human_ovarian_cancer_ffpe_visium,10x Visium | 10x Visium,5975,9840,background
10x_human_ovarian_cancer_ffpe_visium,10x_human_ovarian_cancer_ffpe_visium,10x Visium | 10x Visium,6047,9965,background
10x_human_ovarian_cancer_ffpe_visium,10x_human_ovarian_cancer_ffpe_visium,10x Visium | 10x Visium,6119,9840,background
10x_human_ovarian_cancer_ffpe_visium,10x_human_ovarian_cancer_ffpe_visium,10x Visium | 10x Visium,6191,9966,background
10x_human_ovarian_cancer_ffpe_visium,10x_human_ovarian_cancer_ffpe_visium,10x Visium | 10x Visium,6264,9840,background
10x_human_ovarian_cancer_ffpe_visium,10x_human_ovarian_cancer_ffpe_visium,10x Visium | 10x Visium,6336,9966,background
10x_human_ovarian_cancer_ffpe_visium,10x_human_ovarian_cancer_ffpe_visium,10x Visium | 10x Visium,6408,9840,background
10x_human_ovarian_cancer_ffpe_visium,10x_human_ovarian_cancer_ffpe_visium,10x Visium | 10x Visium,6480,9966,background
10x_human_ovarian_cancer_ffpe_visium,10x_human_ovarian_cancer_ffpe_visium,10x Visium | 10x Visium,6552,9841,background
10x_human_ovarian_cancer_ffpe_visium,10x_human_ovarian_cancer_ffpe_visium,10x Visium | 10x Visium,6624,9966,background
10x_human_ovarian_cancer_ffpe_visium,10x_human_ovarian_cancer_ffpe_visium,10x Visium | 10x Visium,6697,9841,background
10x_human_ovarian_cancer_ffpe_visium,10x_human_ovarian_cancer_ffpe_visium,10x Visium | 10x Visium,6769,9967,background
10x_human_ovarian_cancer_ffpe_visium,10x_human_ovarian_cancer_ffpe_visium,10x Visium | 10x Visium,6841,9841,background
10x_human_ovarian_cancer_ffpe_visium,10x_human_ovarian_cancer_ffpe_visium,10x Visium | 10x Visium,6913,9967,background
10x_human_ovarian_cancer_ffpe_visium,10x_human_ovarian_cancer_ffpe_visium,10x Visium | 10x Visium,6986,9841,background
10x_human_ovarian_cancer_ffpe_visium,10x_human_ovarian_cancer_ffpe_visium,10x Visium | 10x Visium,7057,9967,background
10x_human_ovarian_cancer_ffpe_visium,10x_human_ovarian_cancer_ffpe_visium,10x Visium | 10x Visium,7130,9842,background
10x_human_ovarian_cancer_ffpe_visium,10x_human_ovarian_cancer_ffpe_visium,10x Visium | 10x Visium,7202,9967,background
10x_human_ovarian_cancer_ffpe_visium,10x_human_ovarian_cancer_ffpe_visium,10x Visium | 10x Visium,7274,9842,background
10x_human_ovarian_cancer_ffpe_visium,10x_human_ovarian_cancer_ffpe_visium,10x Visium | 10x Visium,7346,9968,background
10x_human_ovarian_cancer_ffpe_visium,10x_human_ovarian_cancer_ffpe_visium,10x Visium | 10x Visium,7419,9842,background
10x_human_ovarian_cancer_ffpe_visium,10x_human_ovarian_cancer_ffpe_visium,10x Visium | 10x Visium,7491,9968,background
10x_human_ovarian_cancer_ffpe_visium,10x_human_ovarian_cancer_ffpe_visium,10x Visium | 10x Visium,7563,9842,background
10x_human_ovarian_cancer_ffpe_visium,10x_human_ovarian_cancer_ffpe_visium,10x Visium | 10x Visium,7635,9968,background
10x_human_ovarian_cancer_ffpe_visium,10x_human_ovarian_cancer_ffpe_visium,10x Visium | 10x Visium,7707,9842,background
10x_human_ovarian_cancer_ffpe_visium,10x_human_ovarian_cancer_ffpe_visium,10x Visium | 10x Visium,7779,9968,background
10x_human_ovarian_cancer_ffpe_visium,10x_human_ovarian_cancer_ffpe_visium,10x Visium | 10x Visium,7852,9843,background
10x_human_ovarian_cancer_ffpe_visium,10x_human_ovarian_cancer_ffpe_visium,10x Visium | 10x Visium,7924,9968,background
10x_human_ovarian_cancer_ffpe_visium,10x_human_ovarian_cancer_ffpe_visium,10x Visium | 10x Visium,7996,9843,background
10x_human_ovarian_cancer_ffpe_visium,10x_human_ovarian_cancer_ffpe_visium,10x Visium | 10x Visium,8068,9969,background
10x_human_ovarian_cancer_ffpe_visium,10x_human_ovarian_cancer_ffpe_visium,10x Visium | 10x Visium,8141,9843,background
10x_human_ovarian_cancer_ffpe_visium,10x_human_ovarian_cancer_ffpe_visium,10x Visium | 10x Visium,8213,9969,background
10x_human_ovarian_cancer_ffpe_visium,10x_human_ovarian_cancer_ffpe_visium,10x Visium | 10x Visium,8285,9843,background
10x_human_ovarian_cancer_ffpe_visium,10x_human_ovarian_cancer_ffpe_visium,10x Visium | 10x Visium,8357,9969,background
10x_human_ovarian_cancer_ffpe_visium,10x_human_ovarian_cancer_ffpe_visium,10x Visium | 10x Visium,8501,9969,background
10x_human_ovarian_cancer_ffpe_visium,10x_human_ovarian_cancer_ffpe_visium,10x Visium | 10x Visium,8574,9844,background
10x_human_ovarian_cancer_ffpe_visium,10x_human_ovarian_cancer_ffpe_visium,10x Visium | 10x Visium,8646,9970,background
10x_human_ovarian_cancer_ffpe_visium,10x_human_ovarian_cancer_ffpe_visium,10x Visium | 10x Visium,8718,9844,background
10x_human_ovarian_cancer_ffpe_visium,10x_human_ovarian_cancer_ffpe_visium,10x Visium | 10x Visium,8790,9970,background
10x_human_ovarian_cancer_ffpe_visium,10x_human_ovarian_cancer_ffpe_visium,10x Visium | 10x Visium,8862,9844,background
10x_human_ovarian_cancer_ffpe_visium,10x_human_ovarian_cancer_ffpe_visium,10x Visium | 10x Visium,8934,9970,background
10x_human_ovarian_cancer_ffpe_visium,10x_human_ovarian_cancer_ffpe_visium,10x Visium | 10x Visium,9007,9845,background
10x_human_ovarian_cancer_ffpe_visium,10x_human_ovarian_cancer_ffpe_visium,10x Visium | 10x Visium,9079,9970,background
10x_human_ovarian_cancer_ffpe_visium,10x_human_ovarian_cancer_ffpe_visium,10x Visium | 10x Visium,9151,9845,background
10x_human_ovarian_cancer_ffpe_visium,10x_human_ovarian_cancer_ffpe_visium,10x Visium | 10x Visium,9223,9970,background
10x_human_ovarian_cancer_ffpe_visium,10x_human_ovarian_cancer_ffpe_visium,10x Visium | 10x Visium,9296,9845,background
10x_human_ovarian_cancer_ffpe_visium,10x_human_ovarian_cancer_ffpe_visium,10x Visium | 10x Visium,9368,9971,background
10x_human_ovarian_cancer_ffpe_visium,10x_human_ovarian_cancer_ffpe_visium,10x Visium | 10x Visium,9440,9845,background
10x_human_ovarian_cancer_ffpe_visium,10x_human_ovarian_cancer_ffpe_visium,10x Visium | 10x Visium,9512,9971,background
10x_human_ovarian_cancer_ffpe_visium,10x_human_ovarian_cancer_ffpe_visium,10x Visium | 10x Visium,9584,9845,background
10x_human_ovarian_cancer_ffpe_visium,10x_human_ovarian_cancer_ffpe_visium,10x Visium | 10x Visium,3087,10086,background
10x_human_ovarian_cancer_ffpe_visium,10x_human_ovarian_cancer_ffpe_visium,10x Visium | 10x Visium,3159,10212,background
10x_human_ovarian_cancer_ffpe_visium,10x_human_ovarian_cancer_ffpe_visium,10x Visium | 10x Visium,3231,10087,background
10x_human_ovarian_cancer_ffpe_visium,10x_human_ovarian_cancer_ffpe_visium,10x Visium | 10x Visium,3303,10212,background
10x_human_ovarian_cancer_ffpe_visium,10x_human_ovarian_cancer_ffpe_visium,10x Visium | 10x Visium,3376,10087,background
10x_human_ovarian_cancer_ffpe_visium,10x_human_ovarian_cancer_ffpe_visium,10x Visium | 10x Visium,3448,10213,background
10x_human_ovarian_cancer_ffpe_visium,10x_human_ovarian_cancer_ffpe_visium,10x Visium | 10x Visium,3520,10087,background
10x_human_ovarian_cancer_ffpe_visium,10x_human_ovarian_cancer_ffpe_visium,10x Visium | 10x Visium,3592,10213,background
10x_human_ovarian_cancer_ffpe_visium,10x_human_ovarian_cancer_ffpe_visium,10x Visium | 10x Visium,3664,10087,background
10x_human_ovarian_cancer_ffpe_visium,10x_human_ovarian_cancer_ffpe_visium,10x Visium | 10x Visium,3736,10213,background
10x_human_ovarian_cancer_ffpe_visium,10x_human_ovarian_cancer_ffpe_visium,10x Visium | 10x Visium,3809,10088,background
10x_human_ovarian_cancer_ffpe_visium,10x_human_ovarian_cancer_ffpe_visium,10x Visium | 10x Visium,3881,10213,background
10x_human_ovarian_cancer_ffpe_visium,10x_human_ovarian_cancer_ffpe_visium,10x Visium | 10x Visium,3953,10088,background
10x_human_ovarian_cancer_ffpe_visium,10x_human_ovarian_cancer_ffpe_visium,10x Visium | 10x Visium,4025,10213,background
10x_human_ovarian_cancer_ffpe_visium,10x_human_ovarian_cancer_ffpe_visium,10x Visium | 10x Visium,4098,10088,background
10x_human_ovarian_cancer_ffpe_visium,10x_human_ovarian_cancer_ffpe_visium,10x Visium | 10x Visium,4170,10214,background
10x_human_ovarian_cancer_ffpe_visium,10x_human_ovarian_cancer_ffpe_visium,10x Visium | 10x Visium,4242,10088,background
10x_human_ovarian_cancer_ffpe_visium,10x_human_ovarian_cancer_ffpe_visium,10x Visium | 10x Visium,4314,10214,background
10x_human_ovarian_cancer_ffpe_visium,10x_human_ovarian_cancer_ffpe_visium,10x Visium | 10x Visium,4386,10088,background
10x_human_ovarian_cancer_ffpe_visium,10x_human_ovarian_cancer_ffpe_visium,10x Visium | 10x Visium,4458,10214,background
10x_human_ovarian_cancer_ffpe_visium,10x_human_ovarian_cancer_ffpe_visium,10x Visium | 10x Visium,4531,10089,background
10x_human_ovarian_cancer_ffpe_visium,10x_human_ovarian_cancer_ffpe_visium,10x Visium | 10x Visium,4603,10214,background
10x_human_ovarian_cancer_ffpe_visium,10x_human_ovarian_cancer_ffpe_visium,10x Visium | 10x Visium,4675,10089,background
10x_human_ovarian_cancer_ffpe_visium,10x_human_ovarian_cancer_ffpe_visium,10x Visium | 10x Visium,4747,10215,background
10x_human_ovarian_cancer_ffpe_visium,10x_human_ovarian_cancer_ffpe_visium,10x Visium | 10x Visium,4819,10089,background
10x_human_ovarian_cancer_ffpe_visium,10x_human_ovarian_cancer_ffpe_visium,10x Visium | 10x Visium,4891,10215,background
10x_human_ovarian_cancer_ffpe_visium,10x_human_ovarian_cancer_ffpe_visium,10x Visium | 10x Visium,4964,10089,background
10x_human_ovarian_cancer_ffpe_visium,10x_human_ovarian_cancer_ffpe_visium,10x Visium | 10x Visium,5036,10215,background
10x_human_ovarian_cancer_ffpe_visium,10x_human_ovarian_cancer_ffpe_visium,10x Visium | 10x Visium,5108,10090,background
10x_human_ovarian_cancer_ffpe_visium,10x_human_ovarian_cancer_ffpe_visium,10x Visium | 10x Visium,5180,10215,background
10x_human_ovarian_cancer_ffpe_visium,10x_human_ovarian_cancer_ffpe_visium,10x Visium | 10x Visium,5253,10090,background
10x_human_ovarian_cancer_ffpe_visium,10x_human_ovarian_cancer_ffpe_visium,10x Visium | 10x Visium,5325,10216,background
10x_human_ovarian_cancer_ffpe_visium,10x_human_ovarian_cancer_ffpe_visium,10x Visium | 10x Visium,5397,10090,background
10x_human_ovarian_cancer_ffpe_visium,10x_human_ovarian_cancer_ffpe_visium,10x Visium | 10x Visium,5469,10216,background
10x_human_ovarian_cancer_ffpe_visium,10x_human_ovarian_cancer_ffpe_visium,10x Visium | 10x Visium,5541,10090,background
10x_human_ovarian_cancer_ffpe_visium,10x_human_ovarian_cancer_ffpe_visium,10x Visium | 10x Visium,5613,10216,background
10x_human_ovarian_cancer_ffpe_visium,10x_human_ovarian_cancer_ffpe_visium,10x Visium | 10x Visium,5686,10091,background
10x_human_ovarian_cancer_ffpe_visium,10x_human_ovarian_cancer_ffpe_visium,10x Visium | 10x Visium,5758,10216,background
10x_human_ovarian_cancer_ffpe_visium,10x_human_ovarian_cancer_ffpe_visium,10x Visium | 10x Visium,5830,10091,background
10x_human_ovarian_cancer_ffpe_visium,10x_human_ovarian_cancer_ffpe_visium,10x Visium | 10x Visium,5902,10216,background
10x_human_ovarian_cancer_ffpe_visium,10x_human_ovarian_cancer_ffpe_visium,10x Visium | 10x Visium,5974,10091,background
10x_human_ovarian_cancer_ffpe_visium,10x_human_ovarian_cancer_ffpe_visium,10x Visium | 10x Visium,6046,10217,background
10x_human_ovarian_cancer_ffpe_visium,10x_human_ovarian_cancer_ffpe_visium,10x Visium | 10x Visium,6119,10091,background
10x_human_ovarian_cancer_ffpe_visium,10x_human_ovarian_cancer_ffpe_visium,10x Visium | 10x Visium,6191,10217,background
10x_human_ovarian_cancer_ffpe_visium,10x_human_ovarian_cancer_ffpe_visium,10x Visium | 10x Visium,6263,10091,background
10x_human_ovarian_cancer_ffpe_visium,10x_human_ovarian_cancer_ffpe_visium,10x Visium | 10x Visium,6335,10217,background
10x_human_ovarian_cancer_ffpe_visium,10x_human_ovarian_cancer_ffpe_visium,10x Visium | 10x Visium,6408,10092,background
10x_human_ovarian_cancer_ffpe_visium,10x_human_ovarian_cancer_ffpe_visium,10x Visium | 10x Visium,6480,10217,background
10x_human_ovarian_cancer_ffpe_visium,10x_human_ovarian_cancer_ffpe_visium,10x Visium | 10x Visium,6552,10092,background
10x_human_ovarian_cancer_ffpe_visium,10x_human_ovarian_cancer_ffpe_visium,10x Visium | 10x Visium,6624,10218,background
10x_human_ovarian_cancer_ffpe_visium,10x_human_ovarian_cancer_ffpe_visium,10x Visium | 10x Visium,6696,10092,background
10x_human_ovarian_cancer_ffpe_visium,10x_human_ovarian_cancer_ffpe_visium,10x Visium | 10x Visium,6768,10218,background
10x_human_ovarian_cancer_ffpe_visium,10x_human_ovarian_cancer_ffpe_visium,10x Visium | 10x Visium,6841,10092,background
10x_human_ovarian_cancer_ffpe_visium,10x_human_ovarian_cancer_ffpe_visium,10x Visium | 10x Visium,6913,10218,background
10x_human_ovarian_cancer_ffpe_visium,10x_human_ovarian_cancer_ffpe_visium,10x Visium | 10x Visium,6985,10093,background
10x_human_ovarian_cancer_ffpe_visium,10x_human_ovarian_cancer_ffpe_visium,10x Visium | 10x Visium,7057,10218,background
10x_human_ovarian_cancer_ffpe_visium,10x_human_ovarian_cancer_ffpe_visium,10x Visium | 10x Visium,7129,10093,background
10x_human_ovarian_cancer_ffpe_visium,10x_human_ovarian_cancer_ffpe_visium,10x Visium | 10x Visium,7201,10219,background
10x_human_ovarian_cancer_ffpe_visium,10x_human_ovarian_cancer_ffpe_visium,10x Visium | 10x Visium,7274,10093,background
10x_human_ovarian_cancer_ffpe_visium,10x_human_ovarian_cancer_ffpe_visium,10x Visium | 10x Visium,7346,10219,background
10x_human_ovarian_cancer_ffpe_visium,10x_human_ovarian_cancer_ffpe_visium,10x Visium | 10x Visium,7418,10093,background
10x_human_ovarian_cancer_ffpe_visium,10x_human_ovarian_cancer_ffpe_visium,10x Visium | 10x Visium,7490,10219,background
10x_human_ovarian_cancer_ffpe_visium,10x_human_ovarian_cancer_ffpe_visium,10x Visium | 10x Visium,7563,10093,background
10x_human_ovarian_cancer_ffpe_visium,10x_human_ovarian_cancer_ffpe_visium,10x Visium | 10x Visium,7635,10219,background
10x_human_ovarian_cancer_ffpe_visium,10x_human_ovarian_cancer_ffpe_visium,10x Visium | 10x Visium,7707,10094,background
10x_human_ovarian_cancer_ffpe_visium,10x_human_ovarian_cancer_ffpe_visium,10x Visium | 10x Visium,7779,10219,background
10x_human_ovarian_cancer_ffpe_visium,10x_human_ovarian_cancer_ffpe_visium,10x Visium | 10x Visium,7851,10094,background
10x_human_ovarian_cancer_ffpe_visium,10x_human_ovarian_cancer_ffpe_visium,10x Visium | 10x Visium,7923,10220,background
10x_human_ovarian_cancer_ffpe_visium,10x_human_ovarian_cancer_ffpe_visium,10x Visium | 10x Visium,7996,10094,background
10x_human_ovarian_cancer_ffpe_visium,10x_human_ovarian_cancer_ffpe_visium,10x Visium | 10x Visium,8068,10220,background
10x_human_ovarian_cancer_ffpe_visium,10x_human_ovarian_cancer_ffpe_visium,10x Visium | 10x Visium,8140,10094,background
10x_human_ovarian_cancer_ffpe_visium,10x_human_ovarian_cancer_ffpe_visium,10x Visium | 10x Visium,8212,10220,background
10x_human_ovarian_cancer_ffpe_visium,10x_human_ovarian_cancer_ffpe_visium,10x Visium | 10x Visium,8285,10095,background
10x_human_ovarian_cancer_ffpe_visium,10x_human_ovarian_cancer_ffpe_visium,10x Visium | 10x Visium,8357,10220,background
10x_human_ovarian_cancer_ffpe_visium,10x_human_ovarian_cancer_ffpe_visium,10x Visium | 10x Visium,8429,10095,background
10x_human_ovarian_cancer_ffpe_visium,10x_human_ovarian_cancer_ffpe_visium,10x Visium | 10x Visium,8501,10221,background
10x_human_ovarian_cancer_ffpe_visium,10x_human_ovarian_cancer_ffpe_visium,10x Visium | 10x Visium,8573,10095,background
10x_human_ovarian_cancer_ffpe_visium,10x_human_ovarian_cancer_ffpe_visium,10x Visium | 10x Visium,8645,10221,background
10x_human_ovarian_cancer_ffpe_visium,10x_human_ovarian_cancer_ffpe_visium,10x Visium | 10x Visium,8718,10095,background
10x_human_ovarian_cancer_ffpe_visium,10x_human_ovarian_cancer_ffpe_visium,10x Visium | 10x Visium,8790,10221,background
10x_human_ovarian_cancer_ffpe_visium,10x_human_ovarian_cancer_ffpe_visium,10x Visium | 10x Visium,8862,10096,background
10x_human_ovarian_cancer_ffpe_visium,10x_human_ovarian_cancer_ffpe_visium,10x Visium | 10x Visium,8934,10221,background
10x_human_ovarian_cancer_ffpe_visium,10x_human_ovarian_cancer_ffpe_visium,10x Visium | 10x Visium,9006,10096,background
10x_human_ovarian_cancer_ffpe_visium,10x_human_ovarian_cancer_ffpe_visium,10x Visium | 10x Visium,9078,10221,background
10x_human_ovarian_cancer_ffpe_visium,10x_human_ovarian_cancer_ffpe_visium,10x Visium | 10x Visium,9151,10096,background
10x_human_ovarian_cancer_ffpe_visium,10x_human_ovarian_cancer_ffpe_visium,10x Visium | 10x Visium,9223,10222,background
10x_human_ovarian_cancer_ffpe_visium,10x_human_ovarian_cancer_ffpe_visium,10x Visium | 10x Visium,9295,10096,background
10x_human_ovarian_cancer_ffpe_visium,10x_human_ovarian_cancer_ffpe_visium,10x Visium | 10x Visium,9440,10096,background
10x_human_ovarian_cancer_ffpe_visium,10x_human_ovarian_cancer_ffpe_visium,10x Visium | 10x Visium,3520,10338,background
10x_human_ovarian_cancer_ffpe_visium,10x_human_ovarian_cancer_ffpe_visium,10x Visium | 10x Visium,3664,10339,background
10x_human_ovarian_cancer_ffpe_visium,10x_human_ovarian_cancer_ffpe_visium,10x Visium | 10x Visium,3736,10464,background
10x_human_ovarian_cancer_ffpe_visium,10x_human_ovarian_cancer_ffpe_visium,10x Visium | 10x Visium,3808,10339,background
10x_human_ovarian_cancer_ffpe_visium,10x_human_ovarian_cancer_ffpe_visium,10x Visium | 10x Visium,3880,10464,background
10x_human_ovarian_cancer_ffpe_visium,10x_human_ovarian_cancer_ffpe_visium,10x Visium | 10x Visium,3953,10339,background
10x_human_ovarian_cancer_ffpe_visium,10x_human_ovarian_cancer_ffpe_visium,10x Visium | 10x Visium,4025,10465,background
10x_human_ovarian_cancer_ffpe_visium,10x_human_ovarian_cancer_ffpe_visium,10x Visium | 10x Visium,4097,10339,background
10x_human_ovarian_cancer_ffpe_visium,10x_human_ovarian_cancer_ffpe_visium,10x Visium | 10x Visium,4169,10465,background
10x_human_ovarian_cancer_ffpe_visium,10x_human_ovarian_cancer_ffpe_visium,10x Visium | 10x Visium,4241,10339,background
10x_human_ovarian_cancer_ffpe_visium,10x_human_ovarian_cancer_ffpe_visium,10x Visium | 10x Visium,4313,10465,background
10x_human_ovarian_cancer_ffpe_visium,10x_human_ovarian_cancer_ffpe_visium,10x Visium | 10x Visium,4386,10340,background
10x_human_ovarian_cancer_ffpe_visium,10x_human_ovarian_cancer_ffpe_visium,10x Visium | 10x Visium,4458,10465,background
10x_human_ovarian_cancer_ffpe_visium,10x_human_ovarian_cancer_ffpe_visium,10x Visium | 10x Visium,4530,10340,background
10x_human_ovarian_cancer_ffpe_visium,10x_human_ovarian_cancer_ffpe_visium,10x Visium | 10x Visium,4602,10466,background
10x_human_ovarian_cancer_ffpe_visium,10x_human_ovarian_cancer_ffpe_visium,10x Visium | 10x Visium,4675,10340,background
10x_human_ovarian_cancer_ffpe_visium,10x_human_ovarian_cancer_ffpe_visium,10x Visium | 10x Visium,4747,10466,background
10x_human_ovarian_cancer_ffpe_visium,10x_human_ovarian_cancer_ffpe_visium,10x Visium | 10x Visium,4819,10340,background
10x_human_ovarian_cancer_ffpe_visium,10x_human_ovarian_cancer_ffpe_visium,10x Visium | 10x Visium,4891,10466,background
10x_human_ovarian_cancer_ffpe_visium,10x_human_ovarian_cancer_ffpe_visium,10x Visium | 10x Visium,4963,10341,background
10x_human_ovarian_cancer_ffpe_visium,10x_human_ovarian_cancer_ffpe_visium,10x Visium | 10x Visium,5035,10466,background
10x_human_ovarian_cancer_ffpe_visium,10x_human_ovarian_cancer_ffpe_visium,10x Visium | 10x Visium,5108,10341,background
10x_human_ovarian_cancer_ffpe_visium,10x_human_ovarian_cancer_ffpe_visium,10x Visium | 10x Visium,5180,10467,background
10x_human_ovarian_cancer_ffpe_visium,10x_human_ovarian_cancer_ffpe_visium,10x Visium | 10x Visium,5252,10341,background
10x_human_ovarian_cancer_ffpe_visium,10x_human_ovarian_cancer_ffpe_visium,10x Visium | 10x Visium,5324,10467,background
10x_human_ovarian_cancer_ffpe_visium,10x_human_ovarian_cancer_ffpe_visium,10x Visium | 10x Visium,5397,10341,background
10x_human_ovarian_cancer_ffpe_visium,10x_human_ovarian_cancer_ffpe_visium,10x Visium | 10x Visium,5469,10467,background
10x_human_ovarian_cancer_ffpe_visium,10x_human_ovarian_cancer_ffpe_visium,10x Visium | 10x Visium,5541,10342,background
10x_human_ovarian_cancer_ffpe_visium,10x_human_ovarian_cancer_ffpe_visium,10x Visium | 10x Visium,5613,10467,background
10x_human_ovarian_cancer_ffpe_visium,10x_human_ovarian_cancer_ffpe_visium,10x Visium | 10x Visium,5685,10342,background
10x_human_ovarian_cancer_ffpe_visium,10x_human_ovarian_cancer_ffpe_visium,10x Visium | 10x Visium,5757,10467,background
10x_human_ovarian_cancer_ffpe_visium,10x_human_ovarian_cancer_ffpe_visium,10x Visium | 10x Visium,5830,10342,background
10x_human_ovarian_cancer_ffpe_visium,10x_human_ovarian_cancer_ffpe_visium,10x Visium | 10x Visium,5902,10468,background
10x_human_ovarian_cancer_ffpe_visium,10x_human_ovarian_cancer_ffpe_visium,10x Visium | 10x Visium,5974,10342,background
10x_human_ovarian_cancer_ffpe_visium,10x_human_ovarian_cancer_ffpe_visium,10x Visium | 10x Visium,6046,10468,background
10x_human_ovarian_cancer_ffpe_visium,10x_human_ovarian_cancer_ffpe_visium,10x Visium | 10x Visium,6118,10342,background
10x_human_ovarian_cancer_ffpe_visium,10x_human_ovarian_cancer_ffpe_visium,10x Visium | 10x Visium,6190,10468,background
10x_human_ovarian_cancer_ffpe_visium,10x_human_ovarian_cancer_ffpe_visium,10x Visium | 10x Visium,6263,10343,background
10x_human_ovarian_cancer_ffpe_visium,10x_human_ovarian_cancer_ffpe_visium,10x Visium | 10x Visium,6335,10468,background
10x_human_ovarian_cancer_ffpe_visium,10x_human_ovarian_cancer_ffpe_visium,10x Visium | 10x Visium,6407,10343,background
10x_human_ovarian_cancer_ffpe_visium,10x_human_ovarian_cancer_ffpe_visium,10x Visium | 10x Visium,6479,10469,background
10x_human_ovarian_cancer_ffpe_visium,10x_human_ovarian_cancer_ffpe_visium,10x Visium | 10x Visium,6552,10343,background
10x_human_ovarian_cancer_ffpe_visium,10x_human_ovarian_cancer_ffpe_visium,10x Visium | 10x Visium,6624,10469,background
10x_human_ovarian_cancer_ffpe_visium,10x_human_ovarian_cancer_ffpe_visium,10x Visium | 10x Visium,6696,10343,background
10x_human_ovarian_cancer_ffpe_visium,10x_human_ovarian_cancer_ffpe_visium,10x Visium | 10x Visium,6768,10469,background
10x_human_ovarian_cancer_ffpe_visium,10x_human_ovarian_cancer_ffpe_visium,10x Visium | 10x Visium,6840,10344,background
10x_human_ovarian_cancer_ffpe_visium,10x_human_ovarian_cancer_ffpe_visium,10x Visium | 10x Visium,6912,10469,background
10x_human_ovarian_cancer_ffpe_visium,10x_human_ovarian_cancer_ffpe_visium,10x Visium | 10x Visium,6985,10344,background
10x_human_ovarian_cancer_ffpe_visium,10x_human_ovarian_cancer_ffpe_visium,10x Visium | 10x Visium,7057,10470,background
10x_human_ovarian_cancer_ffpe_visium,10x_human_ovarian_cancer_ffpe_visium,10x Visium | 10x Visium,7129,10344,background
10x_human_ovarian_cancer_ffpe_visium,10x_human_ovarian_cancer_ffpe_visium,10x Visium | 10x Visium,7201,10470,background
10x_human_ovarian_cancer_ffpe_visium,10x_human_ovarian_cancer_ffpe_visium,10x Visium | 10x Visium,7273,10344,background
10x_human_ovarian_cancer_ffpe_visium,10x_human_ovarian_cancer_ffpe_visium,10x Visium | 10x Visium,7345,10470,background
10x_human_ovarian_cancer_ffpe_visium,10x_human_ovarian_cancer_ffpe_visium,10x Visium | 10x Visium,7418,10344,background
10x_human_ovarian_cancer_ffpe_visium,10x_human_ovarian_cancer_ffpe_visium,10x Visium | 10x Visium,7490,10470,background
10x_human_ovarian_cancer_ffpe_visium,10x_human_ovarian_cancer_ffpe_visium,10x Visium | 10x Visium,7562,10345,background
10x_human_ovarian_cancer_ffpe_visium,10x_human_ovarian_cancer_ffpe_visium,10x Visium | 10x Visium,7634,10470,background
10x_human_ovarian_cancer_ffpe_visium,10x_human_ovarian_cancer_ffpe_visium,10x Visium | 10x Visium,7707,10345,background
10x_human_ovarian_cancer_ffpe_visium,10x_human_ovarian_cancer_ffpe_visium,10x Visium | 10x Visium,7779,10471,background
10x_human_ovarian_cancer_ffpe_visium,10x_human_ovarian_cancer_ffpe_visium,10x Visium | 10x Visium,7851,10345,background
10x_human_ovarian_cancer_ffpe_visium,10x_human_ovarian_cancer_ffpe_visium,10x Visium | 10x Visium,7923,10471,background
10x_human_ovarian_cancer_ffpe_visium,10x_human_ovarian_cancer_ffpe_visium,10x Visium | 10x Visium,7995,10345,background
10x_human_ovarian_cancer_ffpe_visium,10x_human_ovarian_cancer_ffpe_visium,10x Visium | 10x Visium,8140,10346,background
10x_human_ovarian_cancer_ffpe_visium,10x_human_ovarian_cancer_ffpe_visium,10x Visium | 10x Visium,8212,10471,background
10x_human_ovarian_cancer_ffpe_visium,10x_human_ovarian_cancer_ffpe_visium,10x Visium | 10x Visium,8284,10346,background
10x_human_ovarian_cancer_ffpe_visium,10x_human_ovarian_cancer_ffpe_visium,10x Visium | 10x Visium,8356,10472,background
10x_human_ovarian_cancer_ffpe_visium,10x_human_ovarian_cancer_ffpe_visium,10x Visium | 10x Visium,8429,10346,background
10x_human_ovarian_cancer_ffpe_visium,10x_human_ovarian_cancer_ffpe_visium,10x Visium | 10x Visium,8501,10472,background
10x_human_ovarian_cancer_ffpe_visium,10x_human_ovarian_cancer_ffpe_visium,10x Visium | 10x Visium,8573,10346,background
10x_human_ovarian_cancer_ffpe_visium,10x_human_ovarian_cancer_ffpe_visium,10x Visium | 10x Visium,8645,10472,background
10x_human_ovarian_cancer_ffpe_visium,10x_human_ovarian_cancer_ffpe_visium,10x Visium | 10x Visium,8717,10347,background
10x_human_ovarian_cancer_ffpe_visium,10x_human_ovarian_cancer_ffpe_visium,10x Visium | 10x Visium,8862,10347,background
10x_human_ovarian_cancer_ffpe_visium,10x_human_ovarian_cancer_ffpe_visium,10x Visium | 10x Visium,9006,10347,background
10x_human_ovarian_cancer_ffpe_visium,10x_human_ovarian_cancer_ffpe_visium,10x Visium | 10x Visium,3952,10590,background
10x_human_ovarian_cancer_ffpe_visium,10x_human_ovarian_cancer_ffpe_visium,10x Visium | 10x Visium,4097,10590,background
10x_human_ovarian_cancer_ffpe_visium,10x_human_ovarian_cancer_ffpe_visium,10x Visium | 10x Visium,4241,10591,background
10x_human_ovarian_cancer_ffpe_visium,10x_human_ovarian_cancer_ffpe_visium,10x Visium | 10x Visium,4385,10591,background
10x_human_ovarian_cancer_ffpe_visium,10x_human_ovarian_cancer_ffpe_visium,10x Visium | 10x Visium,4457,10717,background
10x_human_ovarian_cancer_ffpe_visium,10x_human_ovarian_cancer_ffpe_visium,10x Visium | 10x Visium,4530,10591,background
10x_human_ovarian_cancer_ffpe_visium,10x_human_ovarian_cancer_ffpe_visium,10x Visium | 10x Visium,4602,10717,background
10x_human_ovarian_cancer_ffpe_visium,10x_human_ovarian_cancer_ffpe_visium,10x Visium | 10x Visium,4674,10591,background
10x_human_ovarian_cancer_ffpe_visium,10x_human_ovarian_cancer_ffpe_visium,10x Visium | 10x Visium,4746,10717,background
10x_human_ovarian_cancer_ffpe_visium,10x_human_ovarian_cancer_ffpe_visium,10x Visium | 10x Visium,4819,10592,background
10x_human_ovarian_cancer_ffpe_visium,10x_human_ovarian_cancer_ffpe_visium,10x Visium | 10x Visium,4891,10717,background
10x_human_ovarian_cancer_ffpe_visium,10x_human_ovarian_cancer_ffpe_visium,10x Visium | 10x Visium,4963,10592,background
10x_human_ovarian_cancer_ffpe_visium,10x_human_ovarian_cancer_ffpe_visium,10x Visium | 10x Visium,5035,10718,background
10x_human_ovarian_cancer_ffpe_visium,10x_human_ovarian_cancer_ffpe_visium,10x Visium | 10x Visium,5107,10592,background
10x_human_ovarian_cancer_ffpe_visium,10x_human_ovarian_cancer_ffpe_visium,10x Visium | 10x Visium,5179,10718,background
10x_human_ovarian_cancer_ffpe_visium,10x_human_ovarian_cancer_ffpe_visium,10x Visium | 10x Visium,5252,10592,background
10x_human_ovarian_cancer_ffpe_visium,10x_human_ovarian_cancer_ffpe_visium,10x Visium | 10x Visium,5324,10718,background
10x_human_ovarian_cancer_ffpe_visium,10x_human_ovarian_cancer_ffpe_visium,10x Visium | 10x Visium,5396,10592,background
10x_human_ovarian_cancer_ffpe_visium,10x_human_ovarian_cancer_ffpe_visium,10x Visium | 10x Visium,5468,10718,background
10x_human_ovarian_cancer_ffpe_visium,10x_human_ovarian_cancer_ffpe_visium,10x Visium | 10x Visium,5541,10593,background
10x_human_ovarian_cancer_ffpe_visium,10x_human_ovarian_cancer_ffpe_visium,10x Visium | 10x Visium,5613,10718,background
10x_human_ovarian_cancer_ffpe_visium,10x_human_ovarian_cancer_ffpe_visium,10x Visium | 10x Visium,5685,10593,background
10x_human_ovarian_cancer_ffpe_visium,10x_human_ovarian_cancer_ffpe_visium,10x Visium | 10x Visium,5757,10719,background
10x_human_ovarian_cancer_ffpe_visium,10x_human_ovarian_cancer_ffpe_visium,10x Visium | 10x Visium,5829,10593,background
10x_human_ovarian_cancer_ffpe_visium,10x_human_ovarian_cancer_ffpe_visium,10x Visium | 10x Visium,5901,10719,background
10x_human_ovarian_cancer_ffpe_visium,10x_human_ovarian_cancer_ffpe_visium,10x Visium | 10x Visium,5974,10593,background
10x_human_ovarian_cancer_ffpe_visium,10x_human_ovarian_cancer_ffpe_visium,10x Visium | 10x Visium,6046,10719,background
10x_human_ovarian_cancer_ffpe_visium,10x_human_ovarian_cancer_ffpe_visium,10x Visium | 10x Visium,6118,10594,background
10x_human_ovarian_cancer_ffpe_visium,10x_human_ovarian_cancer_ffpe_visium,10x Visium | 10x Visium,6262,10594,background
10x_human_ovarian_cancer_ffpe_visium,10x_human_ovarian_cancer_ffpe_visium,10x Visium | 10x Visium,6334,10720,background
10x_human_ovarian_cancer_ffpe_visium,10x_human_ovarian_cancer_ffpe_visium,10x Visium | 10x Visium,6407,10594,background
10x_human_ovarian_cancer_ffpe_visium,10x_human_ovarian_cancer_ffpe_visium,10x Visium | 10x Visium,6479,10720,background
10x_human_ovarian_cancer_ffpe_visium,10x_human_ovarian_cancer_ffpe_visium,10x Visium | 10x Visium,6551,10594,background
10x_human_ovarian_cancer_ffpe_visium,10x_human_ovarian_cancer_ffpe_visium,10x Visium | 10x Visium,6623,10720,background
10x_human_ovarian_cancer_ffpe_visium,10x_human_ovarian_cancer_ffpe_visium,10x Visium | 10x Visium,6696,10595,background
10x_human_ovarian_cancer_ffpe_visium,10x_human_ovarian_cancer_ffpe_visium,10x Visium | 10x Visium,6768,10720,background
10x_human_ovarian_cancer_ffpe_visium,10x_human_ovarian_cancer_ffpe_visium,10x Visium | 10x Visium,6840,10595,background
10x_human_ovarian_cancer_ffpe_visium,10x_human_ovarian_cancer_ffpe_visium,10x Visium | 10x Visium,6912,10721,background
10x_human_ovarian_cancer_ffpe_visium,10x_human_ovarian_cancer_ffpe_visium,10x Visium | 10x Visium,6984,10595,background
10x_human_ovarian_cancer_ffpe_visium,10x_human_ovarian_cancer_ffpe_visium,10x Visium | 10x Visium,7056,10721,background
10x_human_ovarian_cancer_ffpe_visium,10x_human_ovarian_cancer_ffpe_visium,10x Visium | 10x Visium,7129,10595,background
10x_human_ovarian_cancer_ffpe_visium,10x_human_ovarian_cancer_ffpe_visium,10x Visium | 10x Visium,7201,10721,background
10x_human_ovarian_cancer_ffpe_visium,10x_human_ovarian_cancer_ffpe_visium,10x Visium | 10x Visium,7273,10595,background
10x_human_ovarian_cancer_ffpe_visium,10x_human_ovarian_cancer_ffpe_visium,10x Visium | 10x Visium,7417,10596,background
10x_human_ovarian_cancer_ffpe_visium,10x_human_ovarian_cancer_ffpe_visium,10x Visium | 10x Visium,7562,10596,background
10x_human_ovarian_cancer_ffpe_visium,10x_human_ovarian_cancer_ffpe_visium,10x Visium | 10x Visium,7634,10722,background
10x_human_ovarian_cancer_ffpe_visium,10x_human_ovarian_cancer_ffpe_visium,10x Visium | 10x Visium,7706,10596,background
10x_human_ovarian_cancer_ffpe_visium,10x_human_ovarian_cancer_ffpe_visium,10x Visium | 10x Visium,7778,10722,background
10x_human_ovarian_cancer_ffpe_visium,10x_human_ovarian_cancer_ffpe_visium,10x Visium | 10x Visium,7851,10596,background
10x_human_ovarian_cancer_ffpe_visium,10x_human_ovarian_cancer_ffpe_visium,10x Visium | 10x Visium,7995,10597,background
10x_human_ovarian_cancer_ffpe_visium,10x_human_ovarian_cancer_ffpe_visium,10x Visium | 10x Visium,8139,10597,background
10x_human_ovarian_cancer_ffpe_visium,10x_human_ovarian_cancer_ffpe_visium,10x Visium | 10x Visium,8284,10597,background
10x_human_ovarian_cancer_ffpe_visium,10x_human_ovarian_cancer_ffpe_visium,10x Visium | 10x Visium,4963,10843,background
10x_human_ovarian_cancer_ffpe_visium,10x_human_ovarian_cancer_ffpe_visium,10x Visium | 10x Visium,5396,10844,background
10x_human_ovarian_cancer_ffpe_visium,10x_human_ovarian_cancer_ffpe_visium,10x Visium | 10x Visium,5684,10844,background
10x_human_ovarian_cancer_ffpe_visium,10x_human_ovarian_cancer_ffpe_visium,10x Visium | 10x Visium,5829,10844,background
10x_human_ovarian_cancer_ffpe_visium,10x_human_ovarian_cancer_ffpe_visium,10x Visium | 10x Visium,5973,10845,background
10x_human_ovarian_cancer_ffpe_visium,10x_human_ovarian_cancer_ffpe_visium,10x Visium | 10x Visium,6334,10971,background
10x_human_ovarian_cancer_ffpe_visium,10x_human_ovarian_cancer_ffpe_visium,10x Visium | 10x Visium,6840,10846,background
GSE211956,GSM6506112_SP3,GSE211956 | SP3,4893,2913,background
GSE211956,GSM6506112_SP3,GSE211956 | SP3,4957,3026,background
GSE211956,GSM6506112_SP3,GSE211956 | SP3,5735,3029,background
GSE211956,GSM6506112_SP3,GSE211956 | SP3,5864,3029,background
GSE211956,GSM6506112_SP3,GSE211956 | SP3,5994,3030,background
GSE211956,GSM6506112_SP3,GSE211956 | SP3,6318,2918,background
GSE211956,GSM6506112_SP3,GSE211956 | SP3,4179,3248,background
GSE211956,GSM6506112_SP3,GSE211956 | SP3,4309,3249,background
GSE211956,GSM6506112_SP3,GSE211956 | SP3,4568,3250,background
GSE211956,GSM6506112_SP3,GSE211956 | SP3,4697,3250,background
GSE211956,GSM6506112_SP3,GSE211956 | SP3,4827,3251,background
GSE211956,GSM6506112_SP3,GSE211956 | SP3,4892,3138,background
GSE211956,GSM6506112_SP3,GSE211956 | SP3,4956,3251,background
GSE211956,GSM6506112_SP3,GSE211956 | SP3,5022,3139,background
GSE211956,GSM6506112_SP3,GSE211956 | SP3,5086,3252,background
GSE211956,GSM6506112_SP3,GSE211956 | SP3,5540,3141,background
GSE211956,GSM6506112_SP3,GSE211956 | SP3,5604,3254,background
GSE211956,GSM6506112_SP3,GSE211956 | SP3,5669,3141,background
GSE211956,GSM6506112_SP3,GSE211956 | SP3,5734,3254,background
GSE211956,GSM6506112_SP3,GSE211956 | SP3,5799,3142,background
GSE211956,GSM6506112_SP3,GSE211956 | SP3,5863,3255,background
GSE211956,GSM6506112_SP3,GSE211956 | SP3,5929,3142,background
GSE211956,GSM6506112_SP3,GSE211956 | SP3,6317,3144,background
GSE211956,GSM6506112_SP3,GSE211956 | SP3,6382,3257,background
GSE211956,GSM6506112_SP3,GSE211956 | SP3,6511,3257,background
GSE211956,GSM6506112_SP3,GSE211956 | SP3,3790,3472,background
GSE211956,GSM6506112_SP3,GSE211956 | SP3,3919,3472,background
GSE211956,GSM6506112_SP3,GSE211956 | SP3,4049,3473,background
GSE211956,GSM6506112_SP3,GSE211956 | SP3,4114,3361,background
GSE211956,GSM6506112_SP3,GSE211956 | SP3,4178,3473,background
GSE211956,GSM6506112_SP3,GSE211956 | SP3,4244,3361,background
GSE211956,GSM6506112_SP3,GSE211956 | SP3,4308,3474,background
GSE211956,GSM6506112_SP3,GSE211956 | SP3,4373,3362,background
GSE211956,GSM6506112_SP3,GSE211956 | SP3,4437,3475,background
GSE211956,GSM6506112_SP3,GSE211956 | SP3,4503,3362,background
GSE211956,GSM6506112_SP3,GSE211956 | SP3,4567,3475,background
GSE211956,GSM6506112_SP3,GSE211956 | SP3,4632,3363,background
GSE211956,GSM6506112_SP3,GSE211956 | SP3,4697,3476,background
GSE211956,GSM6506112_SP3,GSE211956 | SP3,4762,3363,background
GSE211956,GSM6506112_SP3,GSE211956 | SP3,4826,3476,background
GSE211956,GSM6506112_SP3,GSE211956 | SP3,4891,3364,background
GSE211956,GSM6506112_SP3,GSE211956 | SP3,4956,3477,background
GSE211956,GSM6506112_SP3,GSE211956 | SP3,5021,3364,background
GSE211956,GSM6506112_SP3,GSE211956 | SP3,5085,3477,background
GSE211956,GSM6506112_SP3,GSE211956 | SP3,5150,3365,background
GSE211956,GSM6506112_SP3,GSE211956 | SP3,5215,3478,background
GSE211956,GSM6506112_SP3,GSE211956 | SP3,5669,3367,background
GSE211956,GSM6506112_SP3,GSE211956 | SP3,6835,3371,background
GSE211956,GSM6506112_SP3,GSE211956 | SP3,6964,3372,background
GSE211956,GSM6506112_SP3,GSE211956 | SP3,7158,3485,background
GSE211956,GSM6506112_SP3,GSE211956 | SP3,7223,3373,background
GSE211956,GSM6506112_SP3,GSE211956 | SP3,7288,3486,background
GSE211956,GSM6506112_SP3,GSE211956 | SP3,7353,3373,background
GSE211956,GSM6506112_SP3,GSE211956 | SP3,7676,3487,background
GSE211956,GSM6506112_SP3,GSE211956 | SP3,7806,3488,background
GSE211956,GSM6506112_SP3,GSE211956 | SP3,7871,3375,background
GSE211956,GSM6506112_SP3,GSE211956 | SP3,7935,3488,background
GSE211956,GSM6506112_SP3,GSE211956 | SP3,3530,3696,background
GSE211956,GSM6506112_SP3,GSE211956 | SP3,3595,3584,background
GSE211956,GSM6506112_SP3,GSE211956 | SP3,3659,3697,background
GSE211956,GSM6506112_SP3,GSE211956 | SP3,3724,3584,background
GSE211956,GSM6506112_SP3,GSE211956 | SP3,3789,3697,background
GSE211956,GSM6506112_SP3,GSE211956 | SP3,3854,3585,background
GSE211956,GSM6506112_SP3,GSE211956 | SP3,3918,3698,background
GSE211956,GSM6506112_SP3,GSE211956 | SP3,3984,3585,background
GSE211956,GSM6506112_SP3,GSE211956 | SP3,4048,3698,background
GSE211956,GSM6506112_SP3,GSE211956 | SP3,4113,3586,background
GSE211956,GSM6506112_SP3,GSE211956 | SP3,4177,3699,background
GSE211956,GSM6506112_SP3,GSE211956 | SP3,4243,3586,background
GSE211956,GSM6506112_SP3,GSE211956 | SP3,4307,3699,background
GSE211956,GSM6506112_SP3,GSE211956 | SP3,4372,3587,background
GSE211956,GSM6506112_SP3,GSE211956 | SP3,4437,3700,background
GSE211956,GSM6506112_SP3,GSE211956 | SP3,4502,3587,background
GSE211956,GSM6506112_SP3,GSE211956 | SP3,4566,3700,background
GSE211956,GSM6506112_SP3,GSE211956 | SP3,4631,3588,background
GSE211956,GSM6506112_SP3,GSE211956 | SP3,4696,3701,background
GSE211956,GSM6506112_SP3,GSE211956 | SP3,4761,3589,background
GSE211956,GSM6506112_SP3,GSE211956 | SP3,4825,3701,background
GSE211956,GSM6506112_SP3,GSE211956 | SP3,4890,3589,background
GSE211956,GSM6506112_SP3,GSE211956 | SP3,4955,3702,background
GSE211956,GSM6506112_SP3,GSE211956 | SP3,5020,3590,background
GSE211956,GSM6506112_SP3,GSE211956 | SP3,5084,3703,background
GSE211956,GSM6506112_SP3,GSE211956 | SP3,5149,3590,background
GSE211956,GSM6506112_SP3,GSE211956 | SP3,5214,3703,background
GSE211956,GSM6506112_SP3,GSE211956 | SP3,5279,3591,background
GSE211956,GSM6506112_SP3,GSE211956 | SP3,5343,3704,background
GSE211956,GSM6506112_SP3,GSE211956 | SP3,5797,3593,background
GSE211956,GSM6506112_SP3,GSE211956 | SP3,5862,3706,background
GSE211956,GSM6506112_SP3,GSE211956 | SP3,7611,3600,background
GSE211956,GSM6506112_SP3,GSE211956 | SP3,7740,3600,background
GSE211956,GSM6506112_SP3,GSE211956 | SP3,7870,3601,background
GSE211956,GSM6506112_SP3,GSE211956 | SP3,3270,3921,background
GSE211956,GSM6506112_SP3,GSE211956 | SP3,3399,3921,background
GSE211956,GSM6506112_SP3,GSE211956 | SP3,3464,3809,background
GSE211956,GSM6506112_SP3,GSE211956 | SP3,3529,3922,background
GSE211956,GSM6506112_SP3,GSE211956 | SP3,3594,3809,background
GSE211956,GSM6506112_SP3,GSE211956 | SP3,3658,3922,background
GSE211956,GSM6506112_SP3,GSE211956 | SP3,3724,3810,background
GSE211956,GSM6506112_SP3,GSE211956 | SP3,3788,3923,background
GSE211956,GSM6506112_SP3,GSE211956 | SP3,3853,3810,background
GSE211956,GSM6506112_SP3,GSE211956 | SP3,3917,3923,background
GSE211956,GSM6506112_SP3,GSE211956 | SP3,3983,3811,background
GSE211956,GSM6506112_SP3,GSE211956 | SP3,4047,3924,background
GSE211956,GSM6506112_SP3,GSE211956 | SP3,4112,3811,background
GSE211956,GSM6506112_SP3,GSE211956 | SP3,4177,3924,background
GSE211956,GSM6506112_SP3,GSE211956 | SP3,4242,3812,background
GSE211956,GSM6506112_SP3,GSE211956 | SP3,4306,3925,background
GSE211956,GSM6506112_SP3,GSE211956 | SP3,4371,3812,background
GSE211956,GSM6506112_SP3,GSE211956 | SP3,4436,3925,background
GSE211956,GSM6506112_SP3,GSE211956 | SP3,4501,3813,background
GSE211956,GSM6506112_SP3,GSE211956 | SP3,4565,3926,background
GSE211956,GSM6506112_SP3,GSE211956 | SP3,4630,3813,background
GSE211956,GSM6506112_SP3,GSE211956 | SP3,4695,3926,background
GSE211956,GSM6506112_SP3,GSE211956 | SP3,4760,3814,background
GSE211956,GSM6506112_SP3,GSE211956 | SP3,4824,3927,background
GSE211956,GSM6506112_SP3,GSE211956 | SP3,4889,3814,background
GSE211956,GSM6506112_SP3,GSE211956 | SP3,4954,3927,background
GSE211956,GSM6506112_SP3,GSE211956 | SP3,5019,3815,background
GSE211956,GSM6506112_SP3,GSE211956 | SP3,5083,3928,background
GSE211956,GSM6506112_SP3,GSE211956 | SP3,5149,3815,background
GSE211956,GSM6506112_SP3,GSE211956 | SP3,5213,3928,background
GSE211956,GSM6506112_SP3,GSE211956 | SP3,5278,3816,background
GSE211956,GSM6506112_SP3,GSE211956 | SP3,5342,3929,background
GSE211956,GSM6506112_SP3,GSE211956 | SP3,5408,3817,background
GSE211956,GSM6506112_SP3,GSE211956 | SP3,5602,3930,background
GSE211956,GSM6506112_SP3,GSE211956 | SP3,5731,3931,background
GSE211956,GSM6506112_SP3,GSE211956 | SP3,5861,3931,background
GSE211956,GSM6506112_SP3,GSE211956 | SP3,8452,3941,background
GSE211956,GSM6506112_SP3,GSE211956 | SP3,3010,4145,background
GSE211956,GSM6506112_SP3,GSE211956 | SP3,3075,4033,background
GSE211956,GSM6506112_SP3,GSE211956 | SP3,3139,4146,background
GSE211956,GSM6506112_SP3,GSE211956 | SP3,3204,4033,background
GSE211956,GSM6506112_SP3,GSE211956 | SP3,3269,4146,background
GSE211956,GSM6506112_SP3,GSE211956 | SP3,3334,4034,background
GSE211956,GSM6506112_SP3,GSE211956 | SP3,3398,4147,background
GSE211956,GSM6506112_SP3,GSE211956 | SP3,3464,4034,background
GSE211956,GSM6506112_SP3,GSE211956 | SP3,3528,4147,background
GSE211956,GSM6506112_SP3,GSE211956 | SP3,3593,4035,background
GSE211956,GSM6506112_SP3,GSE211956 | SP3,3657,4148,background
GSE211956,GSM6506112_SP3,GSE211956 | SP3,3723,4035,background
GSE211956,GSM6506112_SP3,GSE211956 | SP3,3787,4148,background
GSE211956,GSM6506112_SP3,GSE211956 | SP3,3852,4036,background
GSE211956,GSM6506112_SP3,GSE211956 | SP3,3917,4149,background
GSE211956,GSM6506112_SP3,GSE211956 | SP3,3982,4036,background
GSE211956,GSM6506112_SP3,GSE211956 | SP3,4046,4149,background
GSE211956,GSM6506112_SP3,GSE211956 | SP3,4111,4037,background
GSE211956,GSM6506112_SP3,GSE211956 | SP3,4176,4150,background
GSE211956,GSM6506112_SP3,GSE211956 | SP3,4241,4037,background
GSE211956,GSM6506112_SP3,GSE211956 | SP3,4305,4150,background
GSE211956,GSM6506112_SP3,GSE211956 | SP3,4370,4038,background
GSE211956,GSM6506112_SP3,GSE211956 | SP3,4435,4151,background
GSE211956,GSM6506112_SP3,GSE211956 | SP3,4500,4038,background
GSE211956,GSM6506112_SP3,GSE211956 | SP3,4564,4151,background
GSE211956,GSM6506112_SP3,GSE211956 | SP3,4629,4039,background
GSE211956,GSM6506112_SP3,GSE211956 | SP3,4694,4152,background
GSE211956,GSM6506112_SP3,GSE211956 | SP3,4759,4039,background
GSE211956,GSM6506112_SP3,GSE211956 | SP3,4823,4152,background
GSE211956,GSM6506112_SP3,GSE211956 | SP3,4889,4040,background
GSE211956,GSM6506112_SP3,GSE211956 | SP3,4953,4153,background
GSE211956,GSM6506112_SP3,GSE211956 | SP3,5018,4040,background
GSE211956,GSM6506112_SP3,GSE211956 | SP3,5082,4153,background
GSE211956,GSM6506112_SP3,GSE211956 | SP3,5148,4041,background
GSE211956,GSM6506112_SP3,GSE211956 | SP3,5212,4154,background
GSE211956,GSM6506112_SP3,GSE211956 | SP3,5277,4041,background
GSE211956,GSM6506112_SP3,GSE211956 | SP3,5342,4154,background
GSE211956,GSM6506112_SP3,GSE211956 | SP3,5407,4042,background
GSE211956,GSM6506112_SP3,GSE211956 | SP3,5471,4155,background
GSE211956,GSM6506112_SP3,GSE211956 | SP3,5536,4042,background
GSE211956,GSM6506112_SP3,GSE211956 | SP3,5601,4155,background
GSE211956,GSM6506112_SP3,GSE211956 | SP3,5666,4043,background
GSE211956,GSM6506112_SP3,GSE211956 | SP3,5730,4156,background
GSE211956,GSM6506112_SP3,GSE211956 | SP3,5795,4043,background
GSE211956,GSM6506112_SP3,GSE211956 | SP3,5860,4156,background
GSE211956,GSM6506112_SP3,GSE211956 | SP3,6767,4160,background
GSE211956,GSM6506112_SP3,GSE211956 | SP3,6896,4161,background
GSE211956,GSM6506112_SP3,GSE211956 | SP3,7026,4161,background
GSE211956,GSM6506112_SP3,GSE211956 | SP3,8516,4054,background
GSE211956,GSM6506112_SP3,GSE211956 | SP3,2879,4370,background
GSE211956,GSM6506112_SP3,GSE211956 | SP3,2944,4258,background
GSE211956,GSM6506112_SP3,GSE211956 | SP3,3009,4371,background
GSE211956,GSM6506112_SP3,GSE211956 | SP3,3074,4258,background
GSE211956,GSM6506112_SP3,GSE211956 | SP3,3138,4371,background
GSE211956,GSM6506112_SP3,GSE211956 | SP3,3204,4259,background
GSE211956,GSM6506112_SP3,GSE211956 | SP3,3268,4372,background
GSE211956,GSM6506112_SP3,GSE211956 | SP3,3333,4259,background
GSE211956,GSM6506112_SP3,GSE211956 | SP3,3397,4372,background
GSE211956,GSM6506112_SP3,GSE211956 | SP3,3463,4260,background
GSE211956,GSM6506112_SP3,GSE211956 | SP3,3527,4373,background
GSE211956,GSM6506112_SP3,GSE211956 | SP3,3592,4260,background
GSE211956,GSM6506112_SP3,GSE211956 | SP3,3657,4373,background
GSE211956,GSM6506112_SP3,GSE211956 | SP3,3722,4261,background
GSE211956,GSM6506112_SP3,GSE211956 | SP3,3786,4374,background
GSE211956,GSM6506112_SP3,GSE211956 | SP3,3851,4261,background
GSE211956,GSM6506112_SP3,GSE211956 | SP3,3916,4374,background
GSE211956,GSM6506112_SP3,GSE211956 | SP3,3981,4262,background
GSE211956,GSM6506112_SP3,GSE211956 | SP3,4045,4375,background
GSE211956,GSM6506112_SP3,GSE211956 | SP3,4110,4262,background
GSE211956,GSM6506112_SP3,GSE211956 | SP3,4175,4375,background
GSE211956,GSM6506112_SP3,GSE211956 | SP3,4240,4263,background
GSE211956,GSM6506112_SP3,GSE211956 | SP3,4304,4376,background
GSE211956,GSM6506112_SP3,GSE211956 | SP3,4369,4263,background
GSE211956,GSM6506112_SP3,GSE211956 | SP3,4434,4376,background
GSE211956,GSM6506112_SP3,GSE211956 | SP3,4499,4264,background
GSE211956,GSM6506112_SP3,GSE211956 | SP3,4563,4377,background
GSE211956,GSM6506112_SP3,GSE211956 | SP3,4629,4264,background
GSE211956,GSM6506112_SP3,GSE211956 | SP3,4693,4377,background
GSE211956,GSM6506112_SP3,GSE211956 | SP3,4758,4265,background
GSE211956,GSM6506112_SP3,GSE211956 | SP3,4822,4378,background
GSE211956,GSM6506112_SP3,GSE211956 | SP3,4888,4265,background
GSE211956,GSM6506112_SP3,GSE211956 | SP3,4952,4378,background
GSE211956,GSM6506112_SP3,GSE211956 | SP3,5017,4266,background
GSE211956,GSM6506112_SP3,GSE211956 | SP3,5082,4379,background
GSE211956,GSM6506112_SP3,GSE211956 | SP3,5147,4266,background
GSE211956,GSM6506112_SP3,GSE211956 | SP3,5211,4379,background
GSE211956,GSM6506112_SP3,GSE211956 | SP3,5276,4267,background
GSE211956,GSM6506112_SP3,GSE211956 | SP3,5341,4380,background
GSE211956,GSM6506112_SP3,GSE211956 | SP3,5406,4267,background
GSE211956,GSM6506112_SP3,GSE211956 | SP3,5470,4380,background
GSE211956,GSM6506112_SP3,GSE211956 | SP3,5535,4268,background
GSE211956,GSM6506112_SP3,GSE211956 | SP3,5600,4381,background
GSE211956,GSM6506112_SP3,GSE211956 | SP3,5665,4268,background
GSE211956,GSM6506112_SP3,GSE211956 | SP3,5729,4381,background
GSE211956,GSM6506112_SP3,GSE211956 | SP3,5795,4269,background
GSE211956,GSM6506112_SP3,GSE211956 | SP3,5859,4382,background
GSE211956,GSM6506112_SP3,GSE211956 | SP3,5924,4269,background
GSE211956,GSM6506112_SP3,GSE211956 | SP3,5988,4382,background
GSE211956,GSM6506112_SP3,GSE211956 | SP3,6054,4270,background
GSE211956,GSM6506112_SP3,GSE211956 | SP3,6118,4383,background
GSE211956,GSM6506112_SP3,GSE211956 | SP3,6183,4270,background
GSE211956,GSM6506112_SP3,GSE211956 | SP3,6248,4383,background
GSE211956,GSM6506112_SP3,GSE211956 | SP3,6377,4384,background
GSE211956,GSM6506112_SP3,GSE211956 | SP3,6507,4384,background
GSE211956,GSM6506112_SP3,GSE211956 | SP3,6572,4272,background
GSE211956,GSM6506112_SP3,GSE211956 | SP3,6636,4385,background
GSE211956,GSM6506112_SP3,GSE211956 | SP3,6701,4272,background
GSE211956,GSM6506112_SP3,GSE211956 | SP3,6766,4385,background
GSE211956,GSM6506112_SP3,GSE211956 | SP3,6831,4273,background
GSE211956,GSM6506112_SP3,GSE211956 | SP3,6895,4386,background
GSE211956,GSM6506112_SP3,GSE211956 | SP3,6960,4274,background
GSE211956,GSM6506112_SP3,GSE211956 | SP3,7025,4386,background
GSE211956,GSM6506112_SP3,GSE211956 | SP3,7090,4274,background
GSE211956,GSM6506112_SP3,GSE211956 | SP3,7154,4387,background
GSE211956,GSM6506112_SP3,GSE211956 | SP3,7284,4388,background
GSE211956,GSM6506112_SP3,GSE211956 | SP3,7413,4388,background
GSE211956,GSM6506112_SP3,GSE211956 | SP3,7543,4389,background
GSE211956,GSM6506112_SP3,GSE211956 | SP3,7608,4276,background
GSE211956,GSM6506112_SP3,GSE211956 | SP3,8839,4394,background
GSE211956,GSM6506112_SP3,GSE211956 | SP3,2619,4594,background
GSE211956,GSM6506112_SP3,GSE211956 | SP3,2684,4482,background
GSE211956,GSM6506112_SP3,GSE211956 | SP3,2749,4595,background
GSE211956,GSM6506112_SP3,GSE211956 | SP3,2814,4482,background
GSE211956,GSM6506112_SP3,GSE211956 | SP3,2878,4595,background
GSE211956,GSM6506112_SP3,GSE211956 | SP3,2944,4483,background
GSE211956,GSM6506112_SP3,GSE211956 | SP3,3008,4596,background
GSE211956,GSM6506112_SP3,GSE211956 | SP3,3073,4484,background
GSE211956,GSM6506112_SP3,GSE211956 | SP3,3137,4596,background
GSE211956,GSM6506112_SP3,GSE211956 | SP3,3203,4484,background
GSE211956,GSM6506112_SP3,GSE211956 | SP3,3267,4597,background
GSE211956,GSM6506112_SP3,GSE211956 | SP3,3332,4485,background
GSE211956,GSM6506112_SP3,GSE211956 | SP3,3397,4597,background
GSE211956,GSM6506112_SP3,GSE211956 | SP3,3785,4599,background
GSE211956,GSM6506112_SP3,GSE211956 | SP3,3850,4487,background
GSE211956,GSM6506112_SP3,GSE211956 | SP3,3915,4600,background
GSE211956,GSM6506112_SP3,GSE211956 | SP3,3980,4487,background
GSE211956,GSM6506112_SP3,GSE211956 | SP3,4044,4600,background
GSE211956,GSM6506112_SP3,GSE211956 | SP3,4109,4488,background
GSE211956,GSM6506112_SP3,GSE211956 | SP3,4174,4601,background
GSE211956,GSM6506112_SP3,GSE211956 | SP3,4239,4488,background
GSE211956,GSM6506112_SP3,GSE211956 | SP3,4303,4601,background
GSE211956,GSM6506112_SP3,GSE211956 | SP3,4369,4489,background
GSE211956,GSM6506112_SP3,GSE211956 | SP3,4433,4602,background
GSE211956,GSM6506112_SP3,GSE211956 | SP3,4498,4489,background
GSE211956,GSM6506112_SP3,GSE211956 | SP3,4562,4602,background
GSE211956,GSM6506112_SP3,GSE211956 | SP3,4628,4490,background
GSE211956,GSM6506112_SP3,GSE211956 | SP3,4692,4603,background
GSE211956,GSM6506112_SP3,GSE211956 | SP3,4757,4490,background
GSE211956,GSM6506112_SP3,GSE211956 | SP3,4822,4603,background
GSE211956,GSM6506112_SP3,GSE211956 | SP3,4887,4491,background
GSE211956,GSM6506112_SP3,GSE211956 | SP3,4951,4604,background
GSE211956,GSM6506112_SP3,GSE211956 | SP3,5016,4491,background
GSE211956,GSM6506112_SP3,GSE211956 | SP3,5081,4604,background
GSE211956,GSM6506112_SP3,GSE211956 | SP3,5146,4492,background
GSE211956,GSM6506112_SP3,GSE211956 | SP3,5210,4605,background
GSE211956,GSM6506112_SP3,GSE211956 | SP3,5275,4492,background
GSE211956,GSM6506112_SP3,GSE211956 | SP3,5340,4605,background
GSE211956,GSM6506112_SP3,GSE211956 | SP3,5405,4493,background
GSE211956,GSM6506112_SP3,GSE211956 | SP3,5469,4606,background
GSE211956,GSM6506112_SP3,GSE211956 | SP3,5535,4493,background
GSE211956,GSM6506112_SP3,GSE211956 | SP3,5599,4606,background
GSE211956,GSM6506112_SP3,GSE211956 | SP3,5664,4494,background
GSE211956,GSM6506112_SP3,GSE211956 | SP3,5728,4607,background
GSE211956,GSM6506112_SP3,GSE211956 | SP3,5794,4494,background
GSE211956,GSM6506112_SP3,GSE211956 | SP3,5858,4607,background
GSE211956,GSM6506112_SP3,GSE211956 | SP3,5923,4495,background
GSE211956,GSM6506112_SP3,GSE211956 | SP3,5988,4608,background
GSE211956,GSM6506112_SP3,GSE211956 | SP3,6053,4495,background
GSE211956,GSM6506112_SP3,GSE211956 | SP3,6117,4608,background
GSE211956,GSM6506112_SP3,GSE211956 | SP3,6182,4496,background
GSE211956,GSM6506112_SP3,GSE211956 | SP3,6247,4609,background
GSE211956,GSM6506112_SP3,GSE211956 | SP3,6312,4496,background
GSE211956,GSM6506112_SP3,GSE211956 | SP3,6376,4609,background
GSE211956,GSM6506112_SP3,GSE211956 | SP3,6441,4497,background
GSE211956,GSM6506112_SP3,GSE211956 | SP3,6506,4610,background
GSE211956,GSM6506112_SP3,GSE211956 | SP3,6571,4497,background
GSE211956,GSM6506112_SP3,GSE211956 | SP3,6635,4610,background
GSE211956,GSM6506112_SP3,GSE211956 | SP3,6701,4498,background
GSE211956,GSM6506112_SP3,GSE211956 | SP3,6765,4611,background
GSE211956,GSM6506112_SP3,GSE211956 | SP3,6830,4498,background
GSE211956,GSM6506112_SP3,GSE211956 | SP3,6894,4611,background
GSE211956,GSM6506112_SP3,GSE211956 | SP3,6960,4499,background
GSE211956,GSM6506112_SP3,GSE211956 | SP3,7024,4612,background
GSE211956,GSM6506112_SP3,GSE211956 | SP3,7089,4499,background
GSE211956,GSM6506112_SP3,GSE211956 | SP3,7153,4612,background
GSE211956,GSM6506112_SP3,GSE211956 | SP3,7219,4500,background
GSE211956,GSM6506112_SP3,GSE211956 | SP3,7283,4613,background
GSE211956,GSM6506112_SP3,GSE211956 | SP3,7348,4500,background
GSE211956,GSM6506112_SP3,GSE211956 | SP3,7413,4613,background
GSE211956,GSM6506112_SP3,GSE211956 | SP3,7478,4501,background
GSE211956,GSM6506112_SP3,GSE211956 | SP3,7542,4614,background
GSE211956,GSM6506112_SP3,GSE211956 | SP3,7607,4502,background
GSE211956,GSM6506112_SP3,GSE211956 | SP3,7672,4614,background
GSE211956,GSM6506112_SP3,GSE211956 | SP3,7801,4615,background
GSE211956,GSM6506112_SP3,GSE211956 | SP3,7931,4616,background
GSE211956,GSM6506112_SP3,GSE211956 | SP3,8060,4616,background
GSE211956,GSM6506112_SP3,GSE211956 | SP3,8190,4617,background
GSE211956,GSM6506112_SP3,GSE211956 | SP3,8385,4505,background
GSE211956,GSM6506112_SP3,GSE211956 | SP3,8903,4507,background
GSE211956,GSM6506112_SP3,GSE211956 | SP3,8967,4620,background
GSE211956,GSM6506112_SP3,GSE211956 | SP3,9032,4507,background
GSE211956,GSM6506112_SP3,GSE211956 | SP3,9097,4620,background
GSE211956,GSM6506112_SP3,GSE211956 | SP3,2489,4819,background
GSE211956,GSM6506112_SP3,GSE211956 | SP3,2554,4707,background
GSE211956,GSM6506112_SP3,GSE211956 | SP3,2618,4820,background
GSE211956,GSM6506112_SP3,GSE211956 | SP3,2684,4707,background
GSE211956,GSM6506112_SP3,GSE211956 | SP3,2748,4820,background
GSE211956,GSM6506112_SP3,GSE211956 | SP3,2813,4708,background
GSE211956,GSM6506112_SP3,GSE211956 | SP3,2877,4821,background
GSE211956,GSM6506112_SP3,GSE211956 | SP3,2943,4708,background
GSE211956,GSM6506112_SP3,GSE211956 | SP3,3007,4821,background
GSE211956,GSM6506112_SP3,GSE211956 | SP3,3072,4709,background
GSE211956,GSM6506112_SP3,GSE211956 | SP3,3202,4709,background
GSE211956,GSM6506112_SP3,GSE211956 | SP3,3331,4710,background
GSE211956,GSM6506112_SP3,GSE211956 | SP3,3525,4823,background
GSE211956,GSM6506112_SP3,GSE211956 | SP3,3655,4824,background
GSE211956,GSM6506112_SP3,GSE211956 | SP3,3720,4711,background
GSE211956,GSM6506112_SP3,GSE211956 | SP3,3784,4824,background
GSE211956,GSM6506112_SP3,GSE211956 | SP3,3850,4712,background
GSE211956,GSM6506112_SP3,GSE211956 | SP3,3914,4825,background
GSE211956,GSM6506112_SP3,GSE211956 | SP3,3979,4713,background
GSE211956,GSM6506112_SP3,GSE211956 | SP3,4043,4825,background
GSE211956,GSM6506112_SP3,GSE211956 | SP3,4173,4826,background
GSE211956,GSM6506112_SP3,GSE211956 | SP3,4302,4827,background
GSE211956,GSM6506112_SP3,GSE211956 | SP3,4562,4828,background
GSE211956,GSM6506112_SP3,GSE211956 | SP3,4627,4715,background
GSE211956,GSM6506112_SP3,GSE211956 | SP3,4691,4828,background
GSE211956,GSM6506112_SP3,GSE211956 | SP3,4756,4716,background
GSE211956,GSM6506112_SP3,GSE211956 | SP3,4821,4829,background
GSE211956,GSM6506112_SP3,GSE211956 | SP3,4886,4716,background
GSE211956,GSM6506112_SP3,GSE211956 | SP3,4950,4829,background
GSE211956,GSM6506112_SP3,GSE211956 | SP3,5015,4717,background
GSE211956,GSM6506112_SP3,GSE211956 | SP3,5080,4830,background
GSE211956,GSM6506112_SP3,GSE211956 | SP3,5145,4717,background
GSE211956,GSM6506112_SP3,GSE211956 | SP3,5209,4830,background
GSE211956,GSM6506112_SP3,GSE211956 | SP3,5275,4718,background
GSE211956,GSM6506112_SP3,GSE211956 | SP3,5339,4831,background
GSE211956,GSM6506112_SP3,GSE211956 | SP3,5404,4718,background
GSE211956,GSM6506112_SP3,GSE211956 | SP3,5468,4831,background
GSE211956,GSM6506112_SP3,GSE211956 | SP3,5534,4719,background
GSE211956,GSM6506112_SP3,GSE211956 | SP3,5598,4832,background
GSE211956,GSM6506112_SP3,GSE211956 | SP3,5663,4719,background
GSE211956,GSM6506112_SP3,GSE211956 | SP3,5728,4832,background
GSE211956,GSM6506112_SP3,GSE211956 | SP3,5793,4720,background
GSE211956,GSM6506112_SP3,GSE211956 | SP3,5857,4833,background
GSE211956,GSM6506112_SP3,GSE211956 | SP3,5922,4720,background
GSE211956,GSM6506112_SP3,GSE211956 | SP3,5987,4833,background
GSE211956,GSM6506112_SP3,GSE211956 | SP3,6052,4721,background
GSE211956,GSM6506112_SP3,GSE211956 | SP3,6116,4834,background
GSE211956,GSM6506112_SP3,GSE211956 | SP3,6181,4721,background
GSE211956,GSM6506112_SP3,GSE211956 | SP3,6246,4834,background
GSE211956,GSM6506112_SP3,GSE211956 | SP3,6311,4722,background
GSE211956,GSM6506112_SP3,GSE211956 | SP3,6375,4835,background
GSE211956,GSM6506112_SP3,GSE211956 | SP3,6441,4722,background
GSE211956,GSM6506112_SP3,GSE211956 | SP3,6505,4835,background
GSE211956,GSM6506112_SP3,GSE211956 | SP3,6570,4723,background
GSE211956,GSM6506112_SP3,GSE211956 | SP3,6634,4836,background
GSE211956,GSM6506112_SP3,GSE211956 | SP3,6700,4723,background
GSE211956,GSM6506112_SP3,GSE211956 | SP3,6764,4836,background
GSE211956,GSM6506112_SP3,GSE211956 | SP3,6829,4724,background
GSE211956,GSM6506112_SP3,GSE211956 | SP3,6893,4837,background
GSE211956,GSM6506112_SP3,GSE211956 | SP3,6959,4724,background
GSE211956,GSM6506112_SP3,GSE211956 | SP3,7023,4837,background
GSE211956,GSM6506112_SP3,GSE211956 | SP3,7088,4725,background
GSE211956,GSM6506112_SP3,GSE211956 | SP3,7153,4838,background
GSE211956,GSM6506112_SP3,GSE211956 | SP3,7218,4725,background
GSE211956,GSM6506112_SP3,GSE211956 | SP3,7282,4838,background
GSE211956,GSM6506112_SP3,GSE211956 | SP3,7347,4726,background
GSE211956,GSM6506112_SP3,GSE211956 | SP3,7412,4839,background
GSE211956,GSM6506112_SP3,GSE211956 | SP3,7477,4726,background
GSE211956,GSM6506112_SP3,GSE211956 | SP3,7541,4839,background
GSE211956,GSM6506112_SP3,GSE211956 | SP3,7606,4727,background
GSE211956,GSM6506112_SP3,GSE211956 | SP3,7671,4840,background
GSE211956,GSM6506112_SP3,GSE211956 | SP3,7736,4727,background
GSE211956,GSM6506112_SP3,GSE211956 | SP3,7800,4840,background
GSE211956,GSM6506112_SP3,GSE211956 | SP3,7866,4728,background
GSE211956,GSM6506112_SP3,GSE211956 | SP3,7930,4841,background
GSE211956,GSM6506112_SP3,GSE211956 | SP3,7995,4728,background
GSE211956,GSM6506112_SP3,GSE211956 | SP3,8059,4841,background
GSE211956,GSM6506112_SP3,GSE211956 | SP3,8125,4729,background
GSE211956,GSM6506112_SP3,GSE211956 | SP3,8189,4842,background
GSE211956,GSM6506112_SP3,GSE211956 | SP3,8254,4729,background
GSE211956,GSM6506112_SP3,GSE211956 | SP3,8902,4732,background
GSE211956,GSM6506112_SP3,GSE211956 | SP3,8966,4845,background
GSE211956,GSM6506112_SP3,GSE211956 | SP3,9032,4733,background
GSE211956,GSM6506112_SP3,GSE211956 | SP3,9225,4846,background
GSE211956,GSM6506112_SP3,GSE211956 | SP3,2358,5044,background
GSE211956,GSM6506112_SP3,GSE211956 | SP3,2424,4932,background
GSE211956,GSM6506112_SP3,GSE211956 | SP3,2488,5045,background
GSE211956,GSM6506112_SP3,GSE211956 | SP3,2553,4932,background
GSE211956,GSM6506112_SP3,GSE211956 | SP3,2617,5045,background
GSE211956,GSM6506112_SP3,GSE211956 | SP3,2683,4933,background
GSE211956,GSM6506112_SP3,GSE211956 | SP3,2747,5046,background
GSE211956,GSM6506112_SP3,GSE211956 | SP3,2812,4933,background
GSE211956,GSM6506112_SP3,GSE211956 | SP3,2877,5046,background
GSE211956,GSM6506112_SP3,GSE211956 | SP3,3006,5047,background
GSE211956,GSM6506112_SP3,GSE211956 | SP3,3071,4934,background
GSE211956,GSM6506112_SP3,GSE211956 | SP3,3136,5047,background
GSE211956,GSM6506112_SP3,GSE211956 | SP3,3265,5048,background
GSE211956,GSM6506112_SP3,GSE211956 | SP3,3395,5048,background
GSE211956,GSM6506112_SP3,GSE211956 | SP3,3460,4936,background
GSE211956,GSM6506112_SP3,GSE211956 | SP3,3524,5049,background
GSE211956,GSM6506112_SP3,GSE211956 | SP3,3590,4936,background
GSE211956,GSM6506112_SP3,GSE211956 | SP3,3654,5049,background
GSE211956,GSM6506112_SP3,GSE211956 | SP3,3719,4937,background
GSE211956,GSM6506112_SP3,GSE211956 | SP3,3783,5050,background
GSE211956,GSM6506112_SP3,GSE211956 | SP3,3849,4937,background
GSE211956,GSM6506112_SP3,GSE211956 | SP3,3913,5050,background
GSE211956,GSM6506112_SP3,GSE211956 | SP3,3978,4938,background
GSE211956,GSM6506112_SP3,GSE211956 | SP3,4042,5051,background
GSE211956,GSM6506112_SP3,GSE211956 | SP3,4108,4938,background
GSE211956,GSM6506112_SP3,GSE211956 | SP3,4172,5051,background
GSE211956,GSM6506112_SP3,GSE211956 | SP3,4237,4939,background
GSE211956,GSM6506112_SP3,GSE211956 | SP3,4302,5052,background
GSE211956,GSM6506112_SP3,GSE211956 | SP3,4367,4939,background
GSE211956,GSM6506112_SP3,GSE211956 | SP3,4431,5052,background
GSE211956,GSM6506112_SP3,GSE211956 | SP3,4496,4940,background
GSE211956,GSM6506112_SP3,GSE211956 | SP3,4561,5053,background
GSE211956,GSM6506112_SP3,GSE211956 | SP3,4626,4941,background
GSE211956,GSM6506112_SP3,GSE211956 | SP3,4690,5053,background
GSE211956,GSM6506112_SP3,GSE211956 | SP3,4755,4941,background
GSE211956,GSM6506112_SP3,GSE211956 | SP3,4820,5054,background
GSE211956,GSM6506112_SP3,GSE211956 | SP3,4885,4942,background
GSE211956,GSM6506112_SP3,GSE211956 | SP3,4949,5055,background
GSE211956,GSM6506112_SP3,GSE211956 | SP3,5015,4942,background
GSE211956,GSM6506112_SP3,GSE211956 | SP3,5079,5055,background
GSE211956,GSM6506112_SP3,GSE211956 | SP3,5144,4943,background
GSE211956,GSM6506112_SP3,GSE211956 | SP3,5208,5056,background
GSE211956,GSM6506112_SP3,GSE211956 | SP3,5274,4943,background
GSE211956,GSM6506112_SP3,GSE211956 | SP3,5338,5056,background
GSE211956,GSM6506112_SP3,GSE211956 | SP3,5403,4944,background
GSE211956,GSM6506112_SP3,GSE211956 | SP3,5468,5057,background
GSE211956,GSM6506112_SP3,GSE211956 | SP3,5533,4944,background
GSE211956,GSM6506112_SP3,GSE211956 | SP3,5597,5057,background
GSE211956,GSM6506112_SP3,GSE211956 | SP3,5662,4945,background
GSE211956,GSM6506112_SP3,GSE211956 | SP3,5727,5058,background
GSE211956,GSM6506112_SP3,GSE211956 | SP3,5792,4945,background
GSE211956,GSM6506112_SP3,GSE211956 | SP3,5856,5058,background
GSE211956,GSM6506112_SP3,GSE211956 | SP3,5921,4946,background
GSE211956,GSM6506112_SP3,GSE211956 | SP3,5986,5059,background
GSE211956,GSM6506112_SP3,GSE211956 | SP3,6051,4946,background
GSE211956,GSM6506112_SP3,GSE211956 | SP3,6115,5059,background
GSE211956,GSM6506112_SP3,GSE211956 | SP3,6181,4947,background
GSE211956,GSM6506112_SP3,GSE211956 | SP3,6245,5060,background
GSE211956,GSM6506112_SP3,GSE211956 | SP3,6310,4947,background
GSE211956,GSM6506112_SP3,GSE211956 | SP3,6374,5060,background
GSE211956,GSM6506112_SP3,GSE211956 | SP3,6440,4948,background
GSE211956,GSM6506112_SP3,GSE211956 | SP3,6504,5061,background
GSE211956,GSM6506112_SP3,GSE211956 | SP3,6569,4948,background
GSE211956,GSM6506112_SP3,GSE211956 | SP3,6633,5061,background
GSE211956,GSM6506112_SP3,GSE211956 | SP3,6699,4949,background
GSE211956,GSM6506112_SP3,GSE211956 | SP3,6763,5062,background
GSE211956,GSM6506112_SP3,GSE211956 | SP3,6828,4949,background
GSE211956,GSM6506112_SP3,GSE211956 | SP3,6893,5062,background
GSE211956,GSM6506112_SP3,GSE211956 | SP3,6958,4950,background
GSE211956,GSM6506112_SP3,GSE211956 | SP3,7022,5063,background
GSE211956,GSM6506112_SP3,GSE211956 | SP3,7217,4951,background
GSE211956,GSM6506112_SP3,GSE211956 | SP3,7346,4951,background
GSE211956,GSM6506112_SP3,GSE211956 | SP3,7411,5064,background
GSE211956,GSM6506112_SP3,GSE211956 | SP3,7476,4952,background
GSE211956,GSM6506112_SP3,GSE211956 | SP3,7540,5065,background
GSE211956,GSM6506112_SP3,GSE211956 | SP3,7606,4952,background
GSE211956,GSM6506112_SP3,GSE211956 | SP3,7670,5065,background
GSE211956,GSM6506112_SP3,GSE211956 | SP3,7865,4953,background
GSE211956,GSM6506112_SP3,GSE211956 | SP3,7994,4954,background
GSE211956,GSM6506112_SP3,GSE211956 | SP3,8124,4954,background
GSE211956,GSM6506112_SP3,GSE211956 | SP3,8318,5068,background
GSE211956,GSM6506112_SP3,GSE211956 | SP3,9224,5071,background
GSE211956,GSM6506112_SP3,GSE211956 | SP3,9290,4959,background
GSE211956,GSM6506112_SP3,GSE211956 | SP3,9354,5072,background
GSE211956,GSM6506112_SP3,GSE211956 | SP3,2357,5270,background
GSE211956,GSM6506112_SP3,GSE211956 | SP3,2423,5157,background
GSE211956,GSM6506112_SP3,GSE211956 | SP3,2487,5270,background
GSE211956,GSM6506112_SP3,GSE211956 | SP3,2552,5158,background
GSE211956,GSM6506112_SP3,GSE211956 | SP3,2617,5271,background
GSE211956,GSM6506112_SP3,GSE211956 | SP3,2682,5158,background
GSE211956,GSM6506112_SP3,GSE211956 | SP3,2746,5271,background
GSE211956,GSM6506112_SP3,GSE211956 | SP3,2811,5159,background
GSE211956,GSM6506112_SP3,GSE211956 | SP3,2876,5272,background
GSE211956,GSM6506112_SP3,GSE211956 | SP3,2941,5159,background
GSE211956,GSM6506112_SP3,GSE211956 | SP3,3005,5272,background
GSE211956,GSM6506112_SP3,GSE211956 | SP3,3070,5160,background
GSE211956,GSM6506112_SP3,GSE211956 | SP3,3135,5273,background
GSE211956,GSM6506112_SP3,GSE211956 | SP3,3200,5160,background
GSE211956,GSM6506112_SP3,GSE211956 | SP3,3264,5273,background
GSE211956,GSM6506112_SP3,GSE211956 | SP3,3330,5161,background
GSE211956,GSM6506112_SP3,GSE211956 | SP3,3394,5274,background
GSE211956,GSM6506112_SP3,GSE211956 | SP3,3459,5161,background
GSE211956,GSM6506112_SP3,GSE211956 | SP3,3523,5274,background
GSE211956,GSM6506112_SP3,GSE211956 | SP3,3589,5162,background
GSE211956,GSM6506112_SP3,GSE211956 | SP3,3653,5275,background
GSE211956,GSM6506112_SP3,GSE211956 | SP3,3718,5162,background
GSE211956,GSM6506112_SP3,GSE211956 | SP3,3848,5163,background
GSE211956,GSM6506112_SP3,GSE211956 | SP3,3977,5163,background
GSE211956,GSM6506112_SP3,GSE211956 | SP3,4107,5164,background
GSE211956,GSM6506112_SP3,GSE211956 | SP3,4171,5277,background
GSE211956,GSM6506112_SP3,GSE211956 | SP3,4236,5164,background
GSE211956,GSM6506112_SP3,GSE211956 | SP3,4301,5277,background
GSE211956,GSM6506112_SP3,GSE211956 | SP3,4366,5165,background
GSE211956,GSM6506112_SP3,GSE211956 | SP3,4430,5278,background
GSE211956,GSM6506112_SP3,GSE211956 | SP3,4495,5165,background
GSE211956,GSM6506112_SP3,GSE211956 | SP3,4560,5278,background
GSE211956,GSM6506112_SP3,GSE211956 | SP3,4625,5166,background
GSE211956,GSM6506112_SP3,GSE211956 | SP3,4689,5279,background
GSE211956,GSM6506112_SP3,GSE211956 | SP3,4755,5166,background
GSE211956,GSM6506112_SP3,GSE211956 | SP3,4819,5279,background
GSE211956,GSM6506112_SP3,GSE211956 | SP3,4884,5167,background
GSE211956,GSM6506112_SP3,GSE211956 | SP3,4948,5280,background
GSE211956,GSM6506112_SP3,GSE211956 | SP3,5014,5167,background
GSE211956,GSM6506112_SP3,GSE211956 | SP3,5078,5280,background
GSE211956,GSM6506112_SP3,GSE211956 | SP3,5143,5168,background
GSE211956,GSM6506112_SP3,GSE211956 | SP3,5208,5281,background
GSE211956,GSM6506112_SP3,GSE211956 | SP3,5273,5168,background
GSE211956,GSM6506112_SP3,GSE211956 | SP3,5337,5281,background
GSE211956,GSM6506112_SP3,GSE211956 | SP3,5402,5169,background
GSE211956,GSM6506112_SP3,GSE211956 | SP3,5467,5282,background
GSE211956,GSM6506112_SP3,GSE211956 | SP3,5532,5170,background
GSE211956,GSM6506112_SP3,GSE211956 | SP3,5596,5282,background
GSE211956,GSM6506112_SP3,GSE211956 | SP3,5661,5170,background
GSE211956,GSM6506112_SP3,GSE211956 | SP3,5726,5283,background
GSE211956,GSM6506112_SP3,GSE211956 | SP3,5791,5171,background
GSE211956,GSM6506112_SP3,GSE211956 | SP3,5855,5284,background
GSE211956,GSM6506112_SP3,GSE211956 | SP3,5921,5171,background
GSE211956,GSM6506112_SP3,GSE211956 | SP3,5985,5284,background
GSE211956,GSM6506112_SP3,GSE211956 | SP3,6050,5172,background
GSE211956,GSM6506112_SP3,GSE211956 | SP3,6114,5285,background
GSE211956,GSM6506112_SP3,GSE211956 | SP3,6180,5172,background
GSE211956,GSM6506112_SP3,GSE211956 | SP3,6244,5285,background
GSE211956,GSM6506112_SP3,GSE211956 | SP3,6309,5173,background
GSE211956,GSM6506112_SP3,GSE211956 | SP3,6373,5286,background
GSE211956,GSM6506112_SP3,GSE211956 | SP3,6439,5173,background
GSE211956,GSM6506112_SP3,GSE211956 | SP3,6503,5286,background
GSE211956,GSM6506112_SP3,GSE211956 | SP3,6568,5174,background
GSE211956,GSM6506112_SP3,GSE211956 | SP3,6633,5287,background
GSE211956,GSM6506112_SP3,GSE211956 | SP3,6698,5174,background
GSE211956,GSM6506112_SP3,GSE211956 | SP3,6762,5287,background
GSE211956,GSM6506112_SP3,GSE211956 | SP3,6827,5175,background
GSE211956,GSM6506112_SP3,GSE211956 | SP3,6892,5288,background
GSE211956,GSM6506112_SP3,GSE211956 | SP3,6957,5175,background
GSE211956,GSM6506112_SP3,GSE211956 | SP3,7021,5288,background
GSE211956,GSM6506112_SP3,GSE211956 | SP3,7086,5176,background
GSE211956,GSM6506112_SP3,GSE211956 | SP3,7151,5289,background
GSE211956,GSM6506112_SP3,GSE211956 | SP3,7216,5176,background
GSE211956,GSM6506112_SP3,GSE211956 | SP3,7280,5289,background
GSE211956,GSM6506112_SP3,GSE211956 | SP3,7346,5177,background
GSE211956,GSM6506112_SP3,GSE211956 | SP3,7410,5290,background
GSE211956,GSM6506112_SP3,GSE211956 | SP3,7475,5177,background
GSE211956,GSM6506112_SP3,GSE211956 | SP3,7539,5290,background
GSE211956,GSM6506112_SP3,GSE211956 | SP3,7669,5291,background
GSE211956,GSM6506112_SP3,GSE211956 | SP3,7734,5178,background
GSE211956,GSM6506112_SP3,GSE211956 | SP3,7799,5291,background
GSE211956,GSM6506112_SP3,GSE211956 | SP3,7864,5179,background
GSE211956,GSM6506112_SP3,GSE211956 | SP3,7928,5292,background
GSE211956,GSM6506112_SP3,GSE211956 | SP3,7993,5179,background
GSE211956,GSM6506112_SP3,GSE211956 | SP3,8058,5292,background
GSE211956,GSM6506112_SP3,GSE211956 | SP3,9159,5184,background
GSE211956,GSM6506112_SP3,GSE211956 | SP3,9418,5185,background
GSE211956,GSM6506112_SP3,GSE211956 | SP3,2227,5495,background
GSE211956,GSM6506112_SP3,GSE211956 | SP3,2292,5382,background
GSE211956,GSM6506112_SP3,GSE211956 | SP3,2357,5495,background
GSE211956,GSM6506112_SP3,GSE211956 | SP3,2422,5383,background
GSE211956,GSM6506112_SP3,GSE211956 | SP3,2486,5496,background
GSE211956,GSM6506112_SP3,GSE211956 | SP3,2551,5383,background
GSE211956,GSM6506112_SP3,GSE211956 | SP3,2616,5496,background
GSE211956,GSM6506112_SP3,GSE211956 | SP3,2681,5384,background
GSE211956,GSM6506112_SP3,GSE211956 | SP3,2745,5497,background
GSE211956,GSM6506112_SP3,GSE211956 | SP3,2810,5384,background
GSE211956,GSM6506112_SP3,GSE211956 | SP3,2875,5497,background
GSE211956,GSM6506112_SP3,GSE211956 | SP3,2940,5385,background
GSE211956,GSM6506112_SP3,GSE211956 | SP3,3004,5498,background
GSE211956,GSM6506112_SP3,GSE211956 | SP3,3070,5385,background
GSE211956,GSM6506112_SP3,GSE211956 | SP3,3134,5498,background
GSE211956,GSM6506112_SP3,GSE211956 | SP3,3199,5386,background
GSE211956,GSM6506112_SP3,GSE211956 | SP3,3263,5499,background
GSE211956,GSM6506112_SP3,GSE211956 | SP3,3329,5386,background
GSE211956,GSM6506112_SP3,GSE211956 | SP3,3393,5499,background
GSE211956,GSM6506112_SP3,GSE211956 | SP3,3458,5387,background
GSE211956,GSM6506112_SP3,GSE211956 | SP3,3522,5500,background
GSE211956,GSM6506112_SP3,GSE211956 | SP3,3588,5387,background
GSE211956,GSM6506112_SP3,GSE211956 | SP3,3652,5500,background
GSE211956,GSM6506112_SP3,GSE211956 | SP3,3717,5388,background
GSE211956,GSM6506112_SP3,GSE211956 | SP3,3782,5501,background
GSE211956,GSM6506112_SP3,GSE211956 | SP3,3847,5388,background
GSE211956,GSM6506112_SP3,GSE211956 | SP3,3911,5501,background
GSE211956,GSM6506112_SP3,GSE211956 | SP3,3976,5389,background
GSE211956,GSM6506112_SP3,GSE211956 | SP3,4041,5502,background
GSE211956,GSM6506112_SP3,GSE211956 | SP3,4106,5389,background
GSE211956,GSM6506112_SP3,GSE211956 | SP3,4170,5502,background
GSE211956,GSM6506112_SP3,GSE211956 | SP3,4235,5390,background
GSE211956,GSM6506112_SP3,GSE211956 | SP3,4300,5503,background
GSE211956,GSM6506112_SP3,GSE211956 | SP3,4365,5390,background
GSE211956,GSM6506112_SP3,GSE211956 | SP3,4429,5503,background
GSE211956,GSM6506112_SP3,GSE211956 | SP3,4495,5391,background
GSE211956,GSM6506112_SP3,GSE211956 | SP3,4559,5504,background
GSE211956,GSM6506112_SP3,GSE211956 | SP3,4624,5391,background
GSE211956,GSM6506112_SP3,GSE211956 | SP3,4688,5504,background
GSE211956,GSM6506112_SP3,GSE211956 | SP3,4754,5392,background
GSE211956,GSM6506112_SP3,GSE211956 | SP3,4818,5505,background
GSE211956,GSM6506112_SP3,GSE211956 | SP3,4883,5392,background
GSE211956,GSM6506112_SP3,GSE211956 | SP3,4948,5505,background
GSE211956,GSM6506112_SP3,GSE211956 | SP3,5013,5393,background
GSE211956,GSM6506112_SP3,GSE211956 | SP3,5077,5506,background
GSE211956,GSM6506112_SP3,GSE211956 | SP3,5142,5393,background
GSE211956,GSM6506112_SP3,GSE211956 | SP3,5207,5506,background
GSE211956,GSM6506112_SP3,GSE211956 | SP3,5272,5394,background
GSE211956,GSM6506112_SP3,GSE211956 | SP3,5336,5507,background
GSE211956,GSM6506112_SP3,GSE211956 | SP3,5401,5394,background
GSE211956,GSM6506112_SP3,GSE211956 | SP3,5466,5507,background
GSE211956,GSM6506112_SP3,GSE211956 | SP3,5531,5395,background
GSE211956,GSM6506112_SP3,GSE211956 | SP3,5595,5508,background
GSE211956,GSM6506112_SP3,GSE211956 | SP3,5661,5395,background
GSE211956,GSM6506112_SP3,GSE211956 | SP3,5725,5508,background
GSE211956,GSM6506112_SP3,GSE211956 | SP3,5790,5396,background
GSE211956,GSM6506112_SP3,GSE211956 | SP3,5854,5509,background
GSE211956,GSM6506112_SP3,GSE211956 | SP3,5920,5396,background
GSE211956,GSM6506112_SP3,GSE211956 | SP3,5984,5509,background
GSE211956,GSM6506112_SP3,GSE211956 | SP3,6049,5397,background
GSE211956,GSM6506112_SP3,GSE211956 | SP3,6113,5510,background
GSE211956,GSM6506112_SP3,GSE211956 | SP3,6179,5398,background
GSE211956,GSM6506112_SP3,GSE211956 | SP3,6243,5510,background
GSE211956,GSM6506112_SP3,GSE211956 | SP3,6308,5398,background
GSE211956,GSM6506112_SP3,GSE211956 | SP3,6373,5511,background
GSE211956,GSM6506112_SP3,GSE211956 | SP3,6438,5399,background
GSE211956,GSM6506112_SP3,GSE211956 | SP3,6502,5512,background
GSE211956,GSM6506112_SP3,GSE211956 | SP3,6567,5399,background
GSE211956,GSM6506112_SP3,GSE211956 | SP3,6632,5512,background
GSE211956,GSM6506112_SP3,GSE211956 | SP3,6697,5400,background
GSE211956,GSM6506112_SP3,GSE211956 | SP3,6761,5513,background
GSE211956,GSM6506112_SP3,GSE211956 | SP3,6826,5400,background
GSE211956,GSM6506112_SP3,GSE211956 | SP3,6891,5513,background
GSE211956,GSM6506112_SP3,GSE211956 | SP3,6956,5401,background
GSE211956,GSM6506112_SP3,GSE211956 | SP3,7020,5514,background
GSE211956,GSM6506112_SP3,GSE211956 | SP3,7086,5401,background
GSE211956,GSM6506112_SP3,GSE211956 | SP3,7150,5514,background
GSE211956,GSM6506112_SP3,GSE211956 | SP3,7215,5402,background
GSE211956,GSM6506112_SP3,GSE211956 | SP3,7279,5515,background
GSE211956,GSM6506112_SP3,GSE211956 | SP3,7409,5515,background
GSE211956,GSM6506112_SP3,GSE211956 | SP3,7474,5403,background
GSE211956,GSM6506112_SP3,GSE211956 | SP3,7539,5516,background
GSE211956,GSM6506112_SP3,GSE211956 | SP3,7604,5403,background
GSE211956,GSM6506112_SP3,GSE211956 | SP3,7668,5516,background
GSE211956,GSM6506112_SP3,GSE211956 | SP3,7733,5404,background
GSE211956,GSM6506112_SP3,GSE211956 | SP3,7798,5517,background
GSE211956,GSM6506112_SP3,GSE211956 | SP3,7863,5404,background
GSE211956,GSM6506112_SP3,GSE211956 | SP3,7927,5517,background
GSE211956,GSM6506112_SP3,GSE211956 | SP3,7992,5405,background
GSE211956,GSM6506112_SP3,GSE211956 | SP3,8057,5518,background
GSE211956,GSM6506112_SP3,GSE211956 | SP3,8122,5405,background
GSE211956,GSM6506112_SP3,GSE211956 | SP3,8186,5518,background
GSE211956,GSM6506112_SP3,GSE211956 | SP3,8252,5406,background
GSE211956,GSM6506112_SP3,GSE211956 | SP3,8316,5519,background
GSE211956,GSM6506112_SP3,GSE211956 | SP3,2226,5720,background
GSE211956,GSM6506112_SP3,GSE211956 | SP3,2291,5608,background
GSE211956,GSM6506112_SP3,GSE211956 | SP3,2356,5720,background
GSE211956,GSM6506112_SP3,GSE211956 | SP3,2421,5608,background
GSE211956,GSM6506112_SP3,GSE211956 | SP3,2485,5721,background
GSE211956,GSM6506112_SP3,GSE211956 | SP3,2550,5609,background
GSE211956,GSM6506112_SP3,GSE211956 | SP3,2615,5721,background
GSE211956,GSM6506112_SP3,GSE211956 | SP3,2680,5609,background
GSE211956,GSM6506112_SP3,GSE211956 | SP3,2810,5610,background
GSE211956,GSM6506112_SP3,GSE211956 | SP3,2939,5610,background
GSE211956,GSM6506112_SP3,GSE211956 | SP3,3003,5723,background
GSE211956,GSM6506112_SP3,GSE211956 | SP3,3069,5611,background
GSE211956,GSM6506112_SP3,GSE211956 | SP3,3133,5724,background
GSE211956,GSM6506112_SP3,GSE211956 | SP3,3198,5611,background
GSE211956,GSM6506112_SP3,GSE211956 | SP3,3263,5724,background
GSE211956,GSM6506112_SP3,GSE211956 | SP3,3328,5612,background
GSE211956,GSM6506112_SP3,GSE211956 | SP3,3392,5725,background
GSE211956,GSM6506112_SP3,GSE211956 | SP3,3457,5612,background
GSE211956,GSM6506112_SP3,GSE211956 | SP3,3522,5725,background
GSE211956,GSM6506112_SP3,GSE211956 | SP3,3587,5613,background
GSE211956,GSM6506112_SP3,GSE211956 | SP3,3651,5726,background
GSE211956,GSM6506112_SP3,GSE211956 | SP3,3716,5613,background
GSE211956,GSM6506112_SP3,GSE211956 | SP3,3781,5726,background
GSE211956,GSM6506112_SP3,GSE211956 | SP3,3846,5614,background
GSE211956,GSM6506112_SP3,GSE211956 | SP3,3910,5727,background
GSE211956,GSM6506112_SP3,GSE211956 | SP3,3975,5614,background
GSE211956,GSM6506112_SP3,GSE211956 | SP3,4040,5727,background
GSE211956,GSM6506112_SP3,GSE211956 | SP3,4105,5615,background
GSE211956,GSM6506112_SP3,GSE211956 | SP3,4169,5728,background
GSE211956,GSM6506112_SP3,GSE211956 | SP3,4235,5615,background
GSE211956,GSM6506112_SP3,GSE211956 | SP3,4299,5728,background
GSE211956,GSM6506112_SP3,GSE211956 | SP3,4364,5616,background
GSE211956,GSM6506112_SP3,GSE211956 | SP3,4428,5729,background
GSE211956,GSM6506112_SP3,GSE211956 | SP3,4494,5616,background
GSE211956,GSM6506112_SP3,GSE211956 | SP3,4558,5729,background
GSE211956,GSM6506112_SP3,GSE211956 | SP3,4623,5617,background
GSE211956,GSM6506112_SP3,GSE211956 | SP3,4688,5730,background
GSE211956,GSM6506112_SP3,GSE211956 | SP3,4753,5617,background
GSE211956,GSM6506112_SP3,GSE211956 | SP3,4817,5730,background
GSE211956,GSM6506112_SP3,GSE211956 | SP3,4882,5618,background
GSE211956,GSM6506112_SP3,GSE211956 | SP3,4947,5731,background
GSE211956,GSM6506112_SP3,GSE211956 | SP3,5012,5618,background
GSE211956,GSM6506112_SP3,GSE211956 | SP3,5076,5731,background
GSE211956,GSM6506112_SP3,GSE211956 | SP3,5141,5619,background
GSE211956,GSM6506112_SP3,GSE211956 | SP3,5206,5732,background
GSE211956,GSM6506112_SP3,GSE211956 | SP3,5271,5619,background
GSE211956,GSM6506112_SP3,GSE211956 | SP3,5335,5732,background
GSE211956,GSM6506112_SP3,GSE211956 | SP3,5401,5620,background
GSE211956,GSM6506112_SP3,GSE211956 | SP3,5465,5733,background
GSE211956,GSM6506112_SP3,GSE211956 | SP3,5530,5620,background
GSE211956,GSM6506112_SP3,GSE211956 | SP3,5594,5733,background
GSE211956,GSM6506112_SP3,GSE211956 | SP3,5660,5621,background
GSE211956,GSM6506112_SP3,GSE211956 | SP3,5724,5734,background
GSE211956,GSM6506112_SP3,GSE211956 | SP3,5789,5621,background
GSE211956,GSM6506112_SP3,GSE211956 | SP3,5854,5734,background
GSE211956,GSM6506112_SP3,GSE211956 | SP3,5919,5622,background
GSE211956,GSM6506112_SP3,GSE211956 | SP3,5983,5735,background
GSE211956,GSM6506112_SP3,GSE211956 | SP3,6048,5622,background
GSE211956,GSM6506112_SP3,GSE211956 | SP3,6113,5735,background
GSE211956,GSM6506112_SP3,GSE211956 | SP3,6178,5623,background
GSE211956,GSM6506112_SP3,GSE211956 | SP3,6242,5736,background
GSE211956,GSM6506112_SP3,GSE211956 | SP3,6307,5623,background
GSE211956,GSM6506112_SP3,GSE211956 | SP3,6372,5736,background
GSE211956,GSM6506112_SP3,GSE211956 | SP3,6437,5624,background
GSE211956,GSM6506112_SP3,GSE211956 | SP3,6501,5737,background
GSE211956,GSM6506112_SP3,GSE211956 | SP3,6566,5624,background
GSE211956,GSM6506112_SP3,GSE211956 | SP3,6631,5737,background
GSE211956,GSM6506112_SP3,GSE211956 | SP3,6696,5625,background
GSE211956,GSM6506112_SP3,GSE211956 | SP3,6760,5738,background
GSE211956,GSM6506112_SP3,GSE211956 | SP3,6826,5626,background
GSE211956,GSM6506112_SP3,GSE211956 | SP3,6890,5738,background
GSE211956,GSM6506112_SP3,GSE211956 | SP3,6955,5626,background
GSE211956,GSM6506112_SP3,GSE211956 | SP3,7019,5739,background
GSE211956,GSM6506112_SP3,GSE211956 | SP3,7085,5627,background
GSE211956,GSM6506112_SP3,GSE211956 | SP3,7149,5740,background
GSE211956,GSM6506112_SP3,GSE211956 | SP3,7214,5627,background
GSE211956,GSM6506112_SP3,GSE211956 | SP3,7279,5740,background
GSE211956,GSM6506112_SP3,GSE211956 | SP3,7344,5628,background
GSE211956,GSM6506112_SP3,GSE211956 | SP3,7408,5741,background
GSE211956,GSM6506112_SP3,GSE211956 | SP3,7473,5628,background
GSE211956,GSM6506112_SP3,GSE211956 | SP3,7538,5741,background
GSE211956,GSM6506112_SP3,GSE211956 | SP3,7603,5629,background
GSE211956,GSM6506112_SP3,GSE211956 | SP3,7732,5629,background
GSE211956,GSM6506112_SP3,GSE211956 | SP3,7862,5630,background
GSE211956,GSM6506112_SP3,GSE211956 | SP3,7992,5630,background
GSE211956,GSM6506112_SP3,GSE211956 | SP3,8056,5743,background
GSE211956,GSM6506112_SP3,GSE211956 | SP3,8121,5631,background
GSE211956,GSM6506112_SP3,GSE211956 | SP3,8185,5744,background
GSE211956,GSM6506112_SP3,GSE211956 | SP3,8251,5631,background
GSE211956,GSM6506112_SP3,GSE211956 | SP3,8315,5744,background
GSE211956,GSM6506112_SP3,GSE211956 | SP3,2225,5945,background
GSE211956,GSM6506112_SP3,GSE211956 | SP3,2290,5833,background
GSE211956,GSM6506112_SP3,GSE211956 | SP3,2355,5946,background
GSE211956,GSM6506112_SP3,GSE211956 | SP3,2420,5833,background
GSE211956,GSM6506112_SP3,GSE211956 | SP3,2873,5948,background
GSE211956,GSM6506112_SP3,GSE211956 | SP3,2938,5835,background
GSE211956,GSM6506112_SP3,GSE211956 | SP3,3003,5948,background
GSE211956,GSM6506112_SP3,GSE211956 | SP3,3068,5836,background
GSE211956,GSM6506112_SP3,GSE211956 | SP3,3132,5949,background
GSE211956,GSM6506112_SP3,GSE211956 | SP3,3197,5837,background
GSE211956,GSM6506112_SP3,GSE211956 | SP3,3262,5949,background
GSE211956,GSM6506112_SP3,GSE211956 | SP3,3327,5837,background
GSE211956,GSM6506112_SP3,GSE211956 | SP3,3391,5950,background
GSE211956,GSM6506112_SP3,GSE211956 | SP3,3456,5838,background
GSE211956,GSM6506112_SP3,GSE211956 | SP3,3521,5951,background
GSE211956,GSM6506112_SP3,GSE211956 | SP3,3586,5838,background
GSE211956,GSM6506112_SP3,GSE211956 | SP3,3650,5951,background
GSE211956,GSM6506112_SP3,GSE211956 | SP3,3715,5839,background
GSE211956,GSM6506112_SP3,GSE211956 | SP3,3780,5952,background
GSE211956,GSM6506112_SP3,GSE211956 | SP3,3845,5839,background
GSE211956,GSM6506112_SP3,GSE211956 | SP3,3909,5952,background
GSE211956,GSM6506112_SP3,GSE211956 | SP3,3975,5840,background
GSE211956,GSM6506112_SP3,GSE211956 | SP3,4039,5953,background
GSE211956,GSM6506112_SP3,GSE211956 | SP3,4104,5840,background
GSE211956,GSM6506112_SP3,GSE211956 | SP3,4168,5953,background
GSE211956,GSM6506112_SP3,GSE211956 | SP3,4234,5841,background
GSE211956,GSM6506112_SP3,GSE211956 | SP3,4298,5954,background
GSE211956,GSM6506112_SP3,GSE211956 | SP3,4363,5841,background
GSE211956,GSM6506112_SP3,GSE211956 | SP3,4428,5954,background
GSE211956,GSM6506112_SP3,GSE211956 | SP3,4493,5842,background
GSE211956,GSM6506112_SP3,GSE211956 | SP3,4557,5955,background
GSE211956,GSM6506112_SP3,GSE211956 | SP3,4622,5842,background
GSE211956,GSM6506112_SP3,GSE211956 | SP3,4687,5955,background
GSE211956,GSM6506112_SP3,GSE211956 | SP3,4752,5843,background
GSE211956,GSM6506112_SP3,GSE211956 | SP3,4816,5956,background
GSE211956,GSM6506112_SP3,GSE211956 | SP3,4881,5843,background
GSE211956,GSM6506112_SP3,GSE211956 | SP3,4946,5956,background
GSE211956,GSM6506112_SP3,GSE211956 | SP3,5011,5844,background
GSE211956,GSM6506112_SP3,GSE211956 | SP3,5075,5957,background
GSE211956,GSM6506112_SP3,GSE211956 | SP3,5141,5844,background
GSE211956,GSM6506112_SP3,GSE211956 | SP3,5205,5957,background
GSE211956,GSM6506112_SP3,GSE211956 | SP3,5270,5845,background
GSE211956,GSM6506112_SP3,GSE211956 | SP3,5334,5958,background
GSE211956,GSM6506112_SP3,GSE211956 | SP3,5400,5845,background
GSE211956,GSM6506112_SP3,GSE211956 | SP3,5464,5958,background
GSE211956,GSM6506112_SP3,GSE211956 | SP3,5529,5846,background
GSE211956,GSM6506112_SP3,GSE211956 | SP3,5594,5959,background
GSE211956,GSM6506112_SP3,GSE211956 | SP3,5659,5846,background
GSE211956,GSM6506112_SP3,GSE211956 | SP3,5723,5959,background
GSE211956,GSM6506112_SP3,GSE211956 | SP3,5788,5847,background
GSE211956,GSM6506112_SP3,GSE211956 | SP3,5853,5960,background
GSE211956,GSM6506112_SP3,GSE211956 | SP3,5918,5847,background
GSE211956,GSM6506112_SP3,GSE211956 | SP3,5982,5960,background
GSE211956,GSM6506112_SP3,GSE211956 | SP3,6047,5848,background
GSE211956,GSM6506112_SP3,GSE211956 | SP3,6112,5961,background
GSE211956,GSM6506112_SP3,GSE211956 | SP3,6177,5848,background
GSE211956,GSM6506112_SP3,GSE211956 | SP3,6241,5961,background
GSE211956,GSM6506112_SP3,GSE211956 | SP3,6306,5849,background
GSE211956,GSM6506112_SP3,GSE211956 | SP3,6371,5962,background
GSE211956,GSM6506112_SP3,GSE211956 | SP3,6436,5849,background
GSE211956,GSM6506112_SP3,GSE211956 | SP3,6500,5962,background
GSE211956,GSM6506112_SP3,GSE211956 | SP3,6566,5850,background
GSE211956,GSM6506112_SP3,GSE211956 | SP3,6630,5963,background
GSE211956,GSM6506112_SP3,GSE211956 | SP3,6695,5850,background
GSE211956,GSM6506112_SP3,GSE211956 | SP3,6759,5963,background
GSE211956,GSM6506112_SP3,GSE211956 | SP3,6825,5851,background
GSE211956,GSM6506112_SP3,GSE211956 | SP3,6889,5964,background
GSE211956,GSM6506112_SP3,GSE211956 | SP3,6954,5851,background
GSE211956,GSM6506112_SP3,GSE211956 | SP3,7019,5964,background
GSE211956,GSM6506112_SP3,GSE211956 | SP3,7084,5852,background
GSE211956,GSM6506112_SP3,GSE211956 | SP3,7148,5965,background
GSE211956,GSM6506112_SP3,GSE211956 | SP3,7213,5852,background
GSE211956,GSM6506112_SP3,GSE211956 | SP3,7278,5965,background
GSE211956,GSM6506112_SP3,GSE211956 | SP3,7343,5853,background
GSE211956,GSM6506112_SP3,GSE211956 | SP3,7407,5966,background
GSE211956,GSM6506112_SP3,GSE211956 | SP3,7472,5853,background
GSE211956,GSM6506112_SP3,GSE211956 | SP3,7537,5966,background
GSE211956,GSM6506112_SP3,GSE211956 | SP3,7602,5854,background
GSE211956,GSM6506112_SP3,GSE211956 | SP3,7796,5967,background
GSE211956,GSM6506112_SP3,GSE211956 | SP3,7925,5968,background
GSE211956,GSM6506112_SP3,GSE211956 | SP3,7991,5856,background
GSE211956,GSM6506112_SP3,GSE211956 | SP3,8055,5969,background
GSE211956,GSM6506112_SP3,GSE211956 | SP3,8120,5856,background
GSE211956,GSM6506112_SP3,GSE211956 | SP3,8185,5969,background
GSE211956,GSM6506112_SP3,GSE211956 | SP3,8250,5857,background
GSE211956,GSM6506112_SP3,GSE211956 | SP3,2095,6170,background
GSE211956,GSM6506112_SP3,GSE211956 | SP3,2160,6058,background
GSE211956,GSM6506112_SP3,GSE211956 | SP3,2224,6171,background
GSE211956,GSM6506112_SP3,GSE211956 | SP3,2290,6058,background
GSE211956,GSM6506112_SP3,GSE211956 | SP3,2549,6059,background
GSE211956,GSM6506112_SP3,GSE211956 | SP3,2613,6172,background
GSE211956,GSM6506112_SP3,GSE211956 | SP3,2678,6060,background
GSE211956,GSM6506112_SP3,GSE211956 | SP3,2743,6173,background
GSE211956,GSM6506112_SP3,GSE211956 | SP3,2808,6060,background
GSE211956,GSM6506112_SP3,GSE211956 | SP3,2872,6173,background
GSE211956,GSM6506112_SP3,GSE211956 | SP3,2937,6061,background
GSE211956,GSM6506112_SP3,GSE211956 | SP3,3002,6174,background
GSE211956,GSM6506112_SP3,GSE211956 | SP3,3067,6061,background
GSE211956,GSM6506112_SP3,GSE211956 | SP3,3131,6174,background
GSE211956,GSM6506112_SP3,GSE211956 | SP3,3196,6062,background
GSE211956,GSM6506112_SP3,GSE211956 | SP3,3261,6175,background
GSE211956,GSM6506112_SP3,GSE211956 | SP3,3326,6062,background
GSE211956,GSM6506112_SP3,GSE211956 | SP3,3390,6175,background
GSE211956,GSM6506112_SP3,GSE211956 | SP3,3455,6063,background
GSE211956,GSM6506112_SP3,GSE211956 | SP3,3520,6176,background
GSE211956,GSM6506112_SP3,GSE211956 | SP3,3585,6063,background
GSE211956,GSM6506112_SP3,GSE211956 | SP3,3649,6176,background
GSE211956,GSM6506112_SP3,GSE211956 | SP3,3715,6064,background
GSE211956,GSM6506112_SP3,GSE211956 | SP3,3779,6177,background
GSE211956,GSM6506112_SP3,GSE211956 | SP3,3844,6065,background
GSE211956,GSM6506112_SP3,GSE211956 | SP3,3908,6177,background
GSE211956,GSM6506112_SP3,GSE211956 | SP3,3974,6065,background
GSE211956,GSM6506112_SP3,GSE211956 | SP3,4038,6178,background
GSE211956,GSM6506112_SP3,GSE211956 | SP3,4103,6066,background
GSE211956,GSM6506112_SP3,GSE211956 | SP3,4168,6179,background
GSE211956,GSM6506112_SP3,GSE211956 | SP3,4233,6066,background
GSE211956,GSM6506112_SP3,GSE211956 | SP3,4297,6179,background
GSE211956,GSM6506112_SP3,GSE211956 | SP3,4362,6067,background
GSE211956,GSM6506112_SP3,GSE211956 | SP3,4427,6180,background
GSE211956,GSM6506112_SP3,GSE211956 | SP3,4492,6067,background
GSE211956,GSM6506112_SP3,GSE211956 | SP3,4556,6180,background
GSE211956,GSM6506112_SP3,GSE211956 | SP3,4621,6068,background
GSE211956,GSM6506112_SP3,GSE211956 | SP3,4686,6181,background
GSE211956,GSM6506112_SP3,GSE211956 | SP3,4751,6068,background
GSE211956,GSM6506112_SP3,GSE211956 | SP3,4815,6181,background
GSE211956,GSM6506112_SP3,GSE211956 | SP3,4881,6069,background
GSE211956,GSM6506112_SP3,GSE211956 | SP3,4945,6182,background
GSE211956,GSM6506112_SP3,GSE211956 | SP3,5010,6069,background
GSE211956,GSM6506112_SP3,GSE211956 | SP3,5074,6182,background
GSE211956,GSM6506112_SP3,GSE211956 | SP3,5140,6070,background
GSE211956,GSM6506112_SP3,GSE211956 | SP3,5204,6183,background
GSE211956,GSM6506112_SP3,GSE211956 | SP3,5269,6070,background
GSE211956,GSM6506112_SP3,GSE211956 | SP3,5334,6183,background
GSE211956,GSM6506112_SP3,GSE211956 | SP3,5399,6071,background
GSE211956,GSM6506112_SP3,GSE211956 | SP3,5463,6184,background
GSE211956,GSM6506112_SP3,GSE211956 | SP3,5528,6071,background
GSE211956,GSM6506112_SP3,GSE211956 | SP3,5593,6184,background
GSE211956,GSM6506112_SP3,GSE211956 | SP3,5658,6072,background
GSE211956,GSM6506112_SP3,GSE211956 | SP3,5722,6185,background
GSE211956,GSM6506112_SP3,GSE211956 | SP3,5787,6072,background
GSE211956,GSM6506112_SP3,GSE211956 | SP3,5852,6185,background
GSE211956,GSM6506112_SP3,GSE211956 | SP3,5917,6073,background
GSE211956,GSM6506112_SP3,GSE211956 | SP3,5981,6186,background
GSE211956,GSM6506112_SP3,GSE211956 | SP3,6046,6073,background
GSE211956,GSM6506112_SP3,GSE211956 | SP3,6111,6186,background
GSE211956,GSM6506112_SP3,GSE211956 | SP3,6176,6074,background
GSE211956,GSM6506112_SP3,GSE211956 | SP3,6240,6187,background
GSE211956,GSM6506112_SP3,GSE211956 | SP3,6306,6074,background
GSE211956,GSM6506112_SP3,GSE211956 | SP3,6370,6187,background
GSE211956,GSM6506112_SP3,GSE211956 | SP3,6435,6075,background
GSE211956,GSM6506112_SP3,GSE211956 | SP3,6499,6188,background
GSE211956,GSM6506112_SP3,GSE211956 | SP3,6565,6075,background
GSE211956,GSM6506112_SP3,GSE211956 | SP3,6629,6188,background
GSE211956,GSM6506112_SP3,GSE211956 | SP3,6694,6076,background
GSE211956,GSM6506112_SP3,GSE211956 | SP3,6759,6189,background
GSE211956,GSM6506112_SP3,GSE211956 | SP3,6824,6076,background
GSE211956,GSM6506112_SP3,GSE211956 | SP3,6888,6189,background
GSE211956,GSM6506112_SP3,GSE211956 | SP3,6953,6077,background
GSE211956,GSM6506112_SP3,GSE211956 | SP3,7018,6190,background
GSE211956,GSM6506112_SP3,GSE211956 | SP3,7083,6077,background
GSE211956,GSM6506112_SP3,GSE211956 | SP3,7147,6190,background
GSE211956,GSM6506112_SP3,GSE211956 | SP3,7212,6078,background
GSE211956,GSM6506112_SP3,GSE211956 | SP3,7277,6191,background
GSE211956,GSM6506112_SP3,GSE211956 | SP3,7342,6078,background
GSE211956,GSM6506112_SP3,GSE211956 | SP3,7860,6080,background
GSE211956,GSM6506112_SP3,GSE211956 | SP3,7925,6193,background
GSE211956,GSM6506112_SP3,GSE211956 | SP3,7990,6081,background
GSE211956,GSM6506112_SP3,GSE211956 | SP3,8119,6081,background
GSE211956,GSM6506112_SP3,GSE211956 | SP3,2677,6285,background
GSE211956,GSM6506112_SP3,GSE211956 | SP3,2742,6398,background
GSE211956,GSM6506112_SP3,GSE211956 | SP3,2807,6286,background
GSE211956,GSM6506112_SP3,GSE211956 | SP3,2871,6399,background
GSE211956,GSM6506112_SP3,GSE211956 | SP3,2936,6286,background
GSE211956,GSM6506112_SP3,GSE211956 | SP3,3001,6399,background
GSE211956,GSM6506112_SP3,GSE211956 | SP3,3066,6287,background
GSE211956,GSM6506112_SP3,GSE211956 | SP3,3130,6400,background
GSE211956,GSM6506112_SP3,GSE211956 | SP3,3195,6287,background
GSE211956,GSM6506112_SP3,GSE211956 | SP3,3260,6400,background
GSE211956,GSM6506112_SP3,GSE211956 | SP3,3325,6288,background
GSE211956,GSM6506112_SP3,GSE211956 | SP3,3455,6288,background
GSE211956,GSM6506112_SP3,GSE211956 | SP3,3648,6402,background
GSE211956,GSM6506112_SP3,GSE211956 | SP3,3714,6289,background
GSE211956,GSM6506112_SP3,GSE211956 | SP3,3778,6402,background
GSE211956,GSM6506112_SP3,GSE211956 | SP3,3843,6290,background
GSE211956,GSM6506112_SP3,GSE211956 | SP3,3908,6403,background
GSE211956,GSM6506112_SP3,GSE211956 | SP3,3973,6290,background
GSE211956,GSM6506112_SP3,GSE211956 | SP3,4037,6403,background
GSE211956,GSM6506112_SP3,GSE211956 | SP3,4102,6291,background
GSE211956,GSM6506112_SP3,GSE211956 | SP3,4167,6404,background
GSE211956,GSM6506112_SP3,GSE211956 | SP3,4232,6291,background
GSE211956,GSM6506112_SP3,GSE211956 | SP3,4296,6404,background
GSE211956,GSM6506112_SP3,GSE211956 | SP3,4361,6292,background
GSE211956,GSM6506112_SP3,GSE211956 | SP3,4426,6405,background
GSE211956,GSM6506112_SP3,GSE211956 | SP3,4491,6292,background
GSE211956,GSM6506112_SP3,GSE211956 | SP3,4555,6405,background
GSE211956,GSM6506112_SP3,GSE211956 | SP3,4621,6293,background
GSE211956,GSM6506112_SP3,GSE211956 | SP3,4685,6406,background
GSE211956,GSM6506112_SP3,GSE211956 | SP3,4750,6294,background
GSE211956,GSM6506112_SP3,GSE211956 | SP3,4814,6406,background
GSE211956,GSM6506112_SP3,GSE211956 | SP3,4880,6294,background
GSE211956,GSM6506112_SP3,GSE211956 | SP3,4944,6407,background
GSE211956,GSM6506112_SP3,GSE211956 | SP3,5009,6295,background
GSE211956,GSM6506112_SP3,GSE211956 | SP3,5074,6408,background
GSE211956,GSM6506112_SP3,GSE211956 | SP3,5139,6295,background
GSE211956,GSM6506112_SP3,GSE211956 | SP3,5203,6408,background
GSE211956,GSM6506112_SP3,GSE211956 | SP3,5268,6296,background
GSE211956,GSM6506112_SP3,GSE211956 | SP3,5333,6409,background
GSE211956,GSM6506112_SP3,GSE211956 | SP3,5398,6296,background
GSE211956,GSM6506112_SP3,GSE211956 | SP3,5462,6409,background
GSE211956,GSM6506112_SP3,GSE211956 | SP3,5527,6297,background
GSE211956,GSM6506112_SP3,GSE211956 | SP3,5592,6410,background
GSE211956,GSM6506112_SP3,GSE211956 | SP3,5657,6297,background
GSE211956,GSM6506112_SP3,GSE211956 | SP3,5721,6410,background
GSE211956,GSM6506112_SP3,GSE211956 | SP3,5786,6298,background
GSE211956,GSM6506112_SP3,GSE211956 | SP3,5851,6411,background
GSE211956,GSM6506112_SP3,GSE211956 | SP3,5916,6298,background
GSE211956,GSM6506112_SP3,GSE211956 | SP3,5980,6411,background
GSE211956,GSM6506112_SP3,GSE211956 | SP3,6046,6299,background
GSE211956,GSM6506112_SP3,GSE211956 | SP3,6110,6412,background
GSE211956,GSM6506112_SP3,GSE211956 | SP3,6175,6299,background
GSE211956,GSM6506112_SP3,GSE211956 | SP3,6239,6412,background
GSE211956,GSM6506112_SP3,GSE211956 | SP3,6305,6300,background
GSE211956,GSM6506112_SP3,GSE211956 | SP3,6369,6413,background
GSE211956,GSM6506112_SP3,GSE211956 | SP3,6434,6300,background
GSE211956,GSM6506112_SP3,GSE211956 | SP3,6499,6413,background
GSE211956,GSM6506112_SP3,GSE211956 | SP3,6564,6301,background
GSE211956,GSM6506112_SP3,GSE211956 | SP3,6628,6414,background
GSE211956,GSM6506112_SP3,GSE211956 | SP3,6693,6301,background
GSE211956,GSM6506112_SP3,GSE211956 | SP3,6758,6414,background
GSE211956,GSM6506112_SP3,GSE211956 | SP3,6823,6302,background
GSE211956,GSM6506112_SP3,GSE211956 | SP3,6887,6415,background
GSE211956,GSM6506112_SP3,GSE211956 | SP3,6952,6302,background
GSE211956,GSM6506112_SP3,GSE211956 | SP3,7017,6415,background
GSE211956,GSM6506112_SP3,GSE211956 | SP3,7082,6303,background
GSE211956,GSM6506112_SP3,GSE211956 | SP3,7146,6416,background
GSE211956,GSM6506112_SP3,GSE211956 | SP3,7212,6303,background
GSE211956,GSM6506112_SP3,GSE211956 | SP3,7276,6416,background
GSE211956,GSM6506112_SP3,GSE211956 | SP3,7341,6304,background
GSE211956,GSM6506112_SP3,GSE211956 | SP3,7600,6305,background
GSE211956,GSM6506112_SP3,GSE211956 | SP3,8118,6307,background
GSE211956,GSM6506112_SP3,GSE211956 | SP3,2870,6624,background
GSE211956,GSM6506112_SP3,GSE211956 | SP3,2935,6512,background
GSE211956,GSM6506112_SP3,GSE211956 | SP3,3000,6625,background
GSE211956,GSM6506112_SP3,GSE211956 | SP3,3065,6512,background
GSE211956,GSM6506112_SP3,GSE211956 | SP3,3195,6513,background
GSE211956,GSM6506112_SP3,GSE211956 | SP3,3518,6627,background
GSE211956,GSM6506112_SP3,GSE211956 | SP3,3583,6514,background
GSE211956,GSM6506112_SP3,GSE211956 | SP3,3648,6627,background
GSE211956,GSM6506112_SP3,GSE211956 | SP3,3713,6515,background
GSE211956,GSM6506112_SP3,GSE211956 | SP3,3777,6628,background
GSE211956,GSM6506112_SP3,GSE211956 | SP3,3842,6515,background
GSE211956,GSM6506112_SP3,GSE211956 | SP3,3907,6628,background
GSE211956,GSM6506112_SP3,GSE211956 | SP3,3972,6516,background
GSE211956,GSM6506112_SP3,GSE211956 | SP3,4036,6629,background
GSE211956,GSM6506112_SP3,GSE211956 | SP3,4101,6516,background
GSE211956,GSM6506112_SP3,GSE211956 | SP3,4166,6629,background
GSE211956,GSM6506112_SP3,GSE211956 | SP3,4231,6517,background
GSE211956,GSM6506112_SP3,GSE211956 | SP3,4295,6630,background
GSE211956,GSM6506112_SP3,GSE211956 | SP3,4361,6517,background
GSE211956,GSM6506112_SP3,GSE211956 | SP3,4425,6630,background
GSE211956,GSM6506112_SP3,GSE211956 | SP3,4490,6518,background
GSE211956,GSM6506112_SP3,GSE211956 | SP3,4554,6631,background
GSE211956,GSM6506112_SP3,GSE211956 | SP3,4620,6518,background
GSE211956,GSM6506112_SP3,GSE211956 | SP3,4684,6631,background
GSE211956,GSM6506112_SP3,GSE211956 | SP3,4749,6519,background
GSE211956,GSM6506112_SP3,GSE211956 | SP3,4814,6632,background
GSE211956,GSM6506112_SP3,GSE211956 | SP3,4879,6519,background
GSE211956,GSM6506112_SP3,GSE211956 | SP3,4943,6632,background
GSE211956,GSM6506112_SP3,GSE211956 | SP3,5008,6520,background
GSE211956,GSM6506112_SP3,GSE211956 | SP3,5073,6633,background
GSE211956,GSM6506112_SP3,GSE211956 | SP3,5138,6520,background
GSE211956,GSM6506112_SP3,GSE211956 | SP3,5202,6633,background
GSE211956,GSM6506112_SP3,GSE211956 | SP3,5267,6521,background
GSE211956,GSM6506112_SP3,GSE211956 | SP3,5332,6634,background
GSE211956,GSM6506112_SP3,GSE211956 | SP3,5397,6522,background
GSE211956,GSM6506112_SP3,GSE211956 | SP3,5461,6634,background
GSE211956,GSM6506112_SP3,GSE211956 | SP3,5526,6522,background
GSE211956,GSM6506112_SP3,GSE211956 | SP3,5591,6635,background
GSE211956,GSM6506112_SP3,GSE211956 | SP3,5656,6523,background
GSE211956,GSM6506112_SP3,GSE211956 | SP3,5720,6636,background
GSE211956,GSM6506112_SP3,GSE211956 | SP3,5786,6523,background
GSE211956,GSM6506112_SP3,GSE211956 | SP3,5850,6636,background
GSE211956,GSM6506112_SP3,GSE211956 | SP3,5915,6524,background
GSE211956,GSM6506112_SP3,GSE211956 | SP3,5979,6637,background
GSE211956,GSM6506112_SP3,GSE211956 | SP3,6045,6524,background
GSE211956,GSM6506112_SP3,GSE211956 | SP3,6109,6637,background
GSE211956,GSM6506112_SP3,GSE211956 | SP3,6174,6525,background
GSE211956,GSM6506112_SP3,GSE211956 | SP3,6239,6638,background
GSE211956,GSM6506112_SP3,GSE211956 | SP3,6304,6525,background
GSE211956,GSM6506112_SP3,GSE211956 | SP3,6368,6638,background
GSE211956,GSM6506112_SP3,GSE211956 | SP3,6433,6526,background
GSE211956,GSM6506112_SP3,GSE211956 | SP3,6498,6639,background
GSE211956,GSM6506112_SP3,GSE211956 | SP3,6563,6526,background
GSE211956,GSM6506112_SP3,GSE211956 | SP3,6627,6639,background
GSE211956,GSM6506112_SP3,GSE211956 | SP3,6692,6527,background
GSE211956,GSM6506112_SP3,GSE211956 | SP3,6757,6640,background
GSE211956,GSM6506112_SP3,GSE211956 | SP3,6822,6527,background
GSE211956,GSM6506112_SP3,GSE211956 | SP3,6886,6640,background
GSE211956,GSM6506112_SP3,GSE211956 | SP3,6952,6528,background
GSE211956,GSM6506112_SP3,GSE211956 | SP3,7016,6641,background
GSE211956,GSM6506112_SP3,GSE211956 | SP3,7081,6528,background
GSE211956,GSM6506112_SP3,GSE211956 | SP3,7145,6641,background
GSE211956,GSM6506112_SP3,GSE211956 | SP3,7211,6529,background
GSE211956,GSM6506112_SP3,GSE211956 | SP3,7275,6642,background
GSE211956,GSM6506112_SP3,GSE211956 | SP3,7340,6529,background
GSE211956,GSM6506112_SP3,GSE211956 | SP3,7405,6642,background
GSE211956,GSM6506112_SP3,GSE211956 | SP3,7534,6643,background
GSE211956,GSM6506112_SP3,GSE211956 | SP3,7599,6530,background
GSE211956,GSM6506112_SP3,GSE211956 | SP3,7664,6643,background
GSE211956,GSM6506112_SP3,GSE211956 | SP3,7729,6531,background
GSE211956,GSM6506112_SP3,GSE211956 | SP3,7793,6644,background
GSE211956,GSM6506112_SP3,GSE211956 | SP3,7858,6531,background
GSE211956,GSM6506112_SP3,GSE211956 | SP3,7923,6644,background
GSE211956,GSM6506112_SP3,GSE211956 | SP3,7988,6532,background
GSE211956,GSM6506112_SP3,GSE211956 | SP3,8052,6645,background
GSE211956,GSM6506112_SP3,GSE211956 | SP3,8182,6645,background
GSE211956,GSM6506112_SP3,GSE211956 | SP3,3064,6738,background
GSE211956,GSM6506112_SP3,GSE211956 | SP3,3128,6851,background
GSE211956,GSM6506112_SP3,GSE211956 | SP3,3194,6738,background
GSE211956,GSM6506112_SP3,GSE211956 | SP3,3258,6851,background
GSE211956,GSM6506112_SP3,GSE211956 | SP3,3323,6739,background
GSE211956,GSM6506112_SP3,GSE211956 | SP3,3388,6852,background
GSE211956,GSM6506112_SP3,GSE211956 | SP3,3453,6739,background
GSE211956,GSM6506112_SP3,GSE211956 | SP3,3517,6852,background
GSE211956,GSM6506112_SP3,GSE211956 | SP3,3582,6740,background
GSE211956,GSM6506112_SP3,GSE211956 | SP3,3647,6853,background
GSE211956,GSM6506112_SP3,GSE211956 | SP3,3712,6740,background
GSE211956,GSM6506112_SP3,GSE211956 | SP3,3776,6853,background
GSE211956,GSM6506112_SP3,GSE211956 | SP3,3841,6741,background
GSE211956,GSM6506112_SP3,GSE211956 | SP3,3906,6854,background
GSE211956,GSM6506112_SP3,GSE211956 | SP3,3971,6741,background
GSE211956,GSM6506112_SP3,GSE211956 | SP3,4035,6854,background
GSE211956,GSM6506112_SP3,GSE211956 | SP3,4101,6742,background
GSE211956,GSM6506112_SP3,GSE211956 | SP3,4165,6855,background
GSE211956,GSM6506112_SP3,GSE211956 | SP3,4230,6742,background
GSE211956,GSM6506112_SP3,GSE211956 | SP3,4294,6855,background
GSE211956,GSM6506112_SP3,GSE211956 | SP3,4360,6743,background
GSE211956,GSM6506112_SP3,GSE211956 | SP3,4424,6856,background
GSE211956,GSM6506112_SP3,GSE211956 | SP3,4489,6743,background
GSE211956,GSM6506112_SP3,GSE211956 | SP3,4554,6856,background
GSE211956,GSM6506112_SP3,GSE211956 | SP3,4619,6744,background
GSE211956,GSM6506112_SP3,GSE211956 | SP3,4683,6857,background
GSE211956,GSM6506112_SP3,GSE211956 | SP3,4748,6744,background
GSE211956,GSM6506112_SP3,GSE211956 | SP3,4813,6857,background
GSE211956,GSM6506112_SP3,GSE211956 | SP3,4878,6745,background
GSE211956,GSM6506112_SP3,GSE211956 | SP3,4942,6858,background
GSE211956,GSM6506112_SP3,GSE211956 | SP3,5007,6745,background
GSE211956,GSM6506112_SP3,GSE211956 | SP3,5072,6858,background
GSE211956,GSM6506112_SP3,GSE211956 | SP3,5137,6746,background
GSE211956,GSM6506112_SP3,GSE211956 | SP3,5201,6859,background
GSE211956,GSM6506112_SP3,GSE211956 | SP3,5266,6746,background
GSE211956,GSM6506112_SP3,GSE211956 | SP3,5331,6859,background
GSE211956,GSM6506112_SP3,GSE211956 | SP3,5396,6747,background
GSE211956,GSM6506112_SP3,GSE211956 | SP3,5460,6860,background
GSE211956,GSM6506112_SP3,GSE211956 | SP3,5526,6747,background
GSE211956,GSM6506112_SP3,GSE211956 | SP3,5590,6860,background
GSE211956,GSM6506112_SP3,GSE211956 | SP3,5655,6748,background
GSE211956,GSM6506112_SP3,GSE211956 | SP3,5719,6861,background
GSE211956,GSM6506112_SP3,GSE211956 | SP3,5785,6748,background
GSE211956,GSM6506112_SP3,GSE211956 | SP3,5849,6861,background
GSE211956,GSM6506112_SP3,GSE211956 | SP3,5914,6749,background
GSE211956,GSM6506112_SP3,GSE211956 | SP3,5979,6862,background
GSE211956,GSM6506112_SP3,GSE211956 | SP3,6044,6750,background
GSE211956,GSM6506112_SP3,GSE211956 | SP3,6108,6862,background
GSE211956,GSM6506112_SP3,GSE211956 | SP3,6173,6750,background
GSE211956,GSM6506112_SP3,GSE211956 | SP3,6238,6863,background
GSE211956,GSM6506112_SP3,GSE211956 | SP3,6303,6751,background
GSE211956,GSM6506112_SP3,GSE211956 | SP3,6367,6864,background
GSE211956,GSM6506112_SP3,GSE211956 | SP3,6432,6751,background
GSE211956,GSM6506112_SP3,GSE211956 | SP3,6497,6864,background
GSE211956,GSM6506112_SP3,GSE211956 | SP3,6562,6752,background
GSE211956,GSM6506112_SP3,GSE211956 | SP3,6626,6865,background
GSE211956,GSM6506112_SP3,GSE211956 | SP3,6692,6752,background
GSE211956,GSM6506112_SP3,GSE211956 | SP3,6756,6865,background
GSE211956,GSM6506112_SP3,GSE211956 | SP3,6821,6753,background
GSE211956,GSM6506112_SP3,GSE211956 | SP3,6885,6866,background
GSE211956,GSM6506112_SP3,GSE211956 | SP3,6951,6753,background
GSE211956,GSM6506112_SP3,GSE211956 | SP3,7015,6866,background
GSE211956,GSM6506112_SP3,GSE211956 | SP3,7080,6754,background
GSE211956,GSM6506112_SP3,GSE211956 | SP3,7145,6867,background
GSE211956,GSM6506112_SP3,GSE211956 | SP3,7210,6754,background
GSE211956,GSM6506112_SP3,GSE211956 | SP3,7339,6755,background
GSE211956,GSM6506112_SP3,GSE211956 | SP3,7469,6755,background
GSE211956,GSM6506112_SP3,GSE211956 | SP3,7598,6756,background
GSE211956,GSM6506112_SP3,GSE211956 | SP3,7728,6756,background
GSE211956,GSM6506112_SP3,GSE211956 | SP3,7792,6869,background
GSE211956,GSM6506112_SP3,GSE211956 | SP3,7858,6757,background
GSE211956,GSM6506112_SP3,GSE211956 | SP3,7922,6870,background
GSE211956,GSM6506112_SP3,GSE211956 | SP3,7987,6757,background
GSE211956,GSM6506112_SP3,GSE211956 | SP3,8051,6870,background
GSE211956,GSM6506112_SP3,GSE211956 | SP3,8117,6758,background
GSE211956,GSM6506112_SP3,GSE211956 | SP3,8181,6871,background
GSE211956,GSM6506112_SP3,GSE211956 | SP3,3128,7076,background
GSE211956,GSM6506112_SP3,GSE211956 | SP3,3193,6964,background
GSE211956,GSM6506112_SP3,GSE211956 | SP3,3257,7077,background
GSE211956,GSM6506112_SP3,GSE211956 | SP3,3322,6964,background
GSE211956,GSM6506112_SP3,GSE211956 | SP3,3387,7077,background
GSE211956,GSM6506112_SP3,GSE211956 | SP3,3452,6965,background
GSE211956,GSM6506112_SP3,GSE211956 | SP3,3516,7078,background
GSE211956,GSM6506112_SP3,GSE211956 | SP3,3581,6965,background
GSE211956,GSM6506112_SP3,GSE211956 | SP3,3646,7078,background
GSE211956,GSM6506112_SP3,GSE211956 | SP3,3711,6966,background
GSE211956,GSM6506112_SP3,GSE211956 | SP3,3775,7079,background
GSE211956,GSM6506112_SP3,GSE211956 | SP3,3841,6966,background
GSE211956,GSM6506112_SP3,GSE211956 | SP3,3905,7079,background
GSE211956,GSM6506112_SP3,GSE211956 | SP3,3970,6967,background
GSE211956,GSM6506112_SP3,GSE211956 | SP3,4034,7080,background
GSE211956,GSM6506112_SP3,GSE211956 | SP3,4100,6967,background
GSE211956,GSM6506112_SP3,GSE211956 | SP3,4164,7080,background
GSE211956,GSM6506112_SP3,GSE211956 | SP3,4229,6968,background
GSE211956,GSM6506112_SP3,GSE211956 | SP3,4294,7081,background
GSE211956,GSM6506112_SP3,GSE211956 | SP3,4359,6968,background
GSE211956,GSM6506112_SP3,GSE211956 | SP3,4423,7081,background
GSE211956,GSM6506112_SP3,GSE211956 | SP3,4488,6969,background
GSE211956,GSM6506112_SP3,GSE211956 | SP3,4553,7082,background
GSE211956,GSM6506112_SP3,GSE211956 | SP3,4618,6969,background
GSE211956,GSM6506112_SP3,GSE211956 | SP3,4682,7082,background
GSE211956,GSM6506112_SP3,GSE211956 | SP3,4747,6970,background
GSE211956,GSM6506112_SP3,GSE211956 | SP3,4812,7083,background
GSE211956,GSM6506112_SP3,GSE211956 | SP3,4877,6970,background
GSE211956,GSM6506112_SP3,GSE211956 | SP3,4941,7083,background
GSE211956,GSM6506112_SP3,GSE211956 | SP3,5007,6971,background
GSE211956,GSM6506112_SP3,GSE211956 | SP3,5071,7084,background
GSE211956,GSM6506112_SP3,GSE211956 | SP3,5136,6971,background
GSE211956,GSM6506112_SP3,GSE211956 | SP3,5200,7084,background
GSE211956,GSM6506112_SP3,GSE211956 | SP3,5266,6972,background
GSE211956,GSM6506112_SP3,GSE211956 | SP3,5330,7085,background
GSE211956,GSM6506112_SP3,GSE211956 | SP3,5395,6972,background
GSE211956,GSM6506112_SP3,GSE211956 | SP3,5459,7085,background
GSE211956,GSM6506112_SP3,GSE211956 | SP3,5525,6973,background
GSE211956,GSM6506112_SP3,GSE211956 | SP3,5589,7086,background
GSE211956,GSM6506112_SP3,GSE211956 | SP3,5654,6973,background
GSE211956,GSM6506112_SP3,GSE211956 | SP3,5719,7086,background
GSE211956,GSM6506112_SP3,GSE211956 | SP3,5784,6974,background
GSE211956,GSM6506112_SP3,GSE211956 | SP3,5848,7087,background
GSE211956,GSM6506112_SP3,GSE211956 | SP3,5913,6974,background
GSE211956,GSM6506112_SP3,GSE211956 | SP3,5978,7087,background
GSE211956,GSM6506112_SP3,GSE211956 | SP3,6043,6975,background
GSE211956,GSM6506112_SP3,GSE211956 | SP3,6107,7088,background
GSE211956,GSM6506112_SP3,GSE211956 | SP3,6172,6975,background
GSE211956,GSM6506112_SP3,GSE211956 | SP3,6237,7088,background
GSE211956,GSM6506112_SP3,GSE211956 | SP3,6302,6976,background
GSE211956,GSM6506112_SP3,GSE211956 | SP3,6366,7089,background
GSE211956,GSM6506112_SP3,GSE211956 | SP3,6432,6976,background
GSE211956,GSM6506112_SP3,GSE211956 | SP3,6496,7089,background
GSE211956,GSM6506112_SP3,GSE211956 | SP3,6561,6977,background
GSE211956,GSM6506112_SP3,GSE211956 | SP3,6625,7090,background
GSE211956,GSM6506112_SP3,GSE211956 | SP3,6691,6977,background
GSE211956,GSM6506112_SP3,GSE211956 | SP3,6755,7090,background
GSE211956,GSM6506112_SP3,GSE211956 | SP3,6820,6978,background
GSE211956,GSM6506112_SP3,GSE211956 | SP3,6885,7091,background
GSE211956,GSM6506112_SP3,GSE211956 | SP3,6950,6979,background
GSE211956,GSM6506112_SP3,GSE211956 | SP3,7014,7091,background
GSE211956,GSM6506112_SP3,GSE211956 | SP3,7079,6979,background
GSE211956,GSM6506112_SP3,GSE211956 | SP3,7144,7092,background
GSE211956,GSM6506112_SP3,GSE211956 | SP3,7662,7094,background
GSE211956,GSM6506112_SP3,GSE211956 | SP3,7791,7095,background
GSE211956,GSM6506112_SP3,GSE211956 | SP3,7857,6982,background
GSE211956,GSM6506112_SP3,GSE211956 | SP3,7921,7095,background
GSE211956,GSM6506112_SP3,GSE211956 | SP3,8116,6983,background
GSE211956,GSM6506112_SP3,GSE211956 | SP3,3515,7303,background
GSE211956,GSM6506112_SP3,GSE211956 | SP3,3581,7191,background
GSE211956,GSM6506112_SP3,GSE211956 | SP3,3645,7304,background
GSE211956,GSM6506112_SP3,GSE211956 | SP3,3710,7191,background
GSE211956,GSM6506112_SP3,GSE211956 | SP3,3774,7304,background
GSE211956,GSM6506112_SP3,GSE211956 | SP3,3840,7192,background
GSE211956,GSM6506112_SP3,GSE211956 | SP3,3904,7305,background
GSE211956,GSM6506112_SP3,GSE211956 | SP3,3969,7192,background
GSE211956,GSM6506112_SP3,GSE211956 | SP3,4034,7305,background
GSE211956,GSM6506112_SP3,GSE211956 | SP3,4099,7193,background
GSE211956,GSM6506112_SP3,GSE211956 | SP3,4163,7306,background
GSE211956,GSM6506112_SP3,GSE211956 | SP3,4228,7193,background
GSE211956,GSM6506112_SP3,GSE211956 | SP3,4293,7306,background
GSE211956,GSM6506112_SP3,GSE211956 | SP3,4358,7194,background
GSE211956,GSM6506112_SP3,GSE211956 | SP3,4422,7307,background
GSE211956,GSM6506112_SP3,GSE211956 | SP3,4487,7194,background
GSE211956,GSM6506112_SP3,GSE211956 | SP3,4552,7307,background
GSE211956,GSM6506112_SP3,GSE211956 | SP3,4617,7195,background
GSE211956,GSM6506112_SP3,GSE211956 | SP3,4681,7308,background
GSE211956,GSM6506112_SP3,GSE211956 | SP3,4747,7195,background
GSE211956,GSM6506112_SP3,GSE211956 | SP3,4811,7308,background
GSE211956,GSM6506112_SP3,GSE211956 | SP3,4876,7196,background
GSE211956,GSM6506112_SP3,GSE211956 | SP3,4940,7309,background
GSE211956,GSM6506112_SP3,GSE211956 | SP3,5006,7196,background
GSE211956,GSM6506112_SP3,GSE211956 | SP3,5070,7309,background
GSE211956,GSM6506112_SP3,GSE211956 | SP3,5135,7197,background
GSE211956,GSM6506112_SP3,GSE211956 | SP3,5199,7310,background
GSE211956,GSM6506112_SP3,GSE211956 | SP3,5265,7197,background
GSE211956,GSM6506112_SP3,GSE211956 | SP3,5329,7310,background
GSE211956,GSM6506112_SP3,GSE211956 | SP3,5394,7198,background
GSE211956,GSM6506112_SP3,GSE211956 | SP3,5459,7311,background
GSE211956,GSM6506112_SP3,GSE211956 | SP3,5524,7198,background
GSE211956,GSM6506112_SP3,GSE211956 | SP3,5588,7311,background
GSE211956,GSM6506112_SP3,GSE211956 | SP3,5653,7199,background
GSE211956,GSM6506112_SP3,GSE211956 | SP3,5718,7312,background
GSE211956,GSM6506112_SP3,GSE211956 | SP3,5783,7199,background
GSE211956,GSM6506112_SP3,GSE211956 | SP3,5847,7312,background
GSE211956,GSM6506112_SP3,GSE211956 | SP3,5912,7200,background
GSE211956,GSM6506112_SP3,GSE211956 | SP3,5977,7313,background
GSE211956,GSM6506112_SP3,GSE211956 | SP3,6042,7200,background
GSE211956,GSM6506112_SP3,GSE211956 | SP3,6106,7313,background
GSE211956,GSM6506112_SP3,GSE211956 | SP3,6172,7201,background
GSE211956,GSM6506112_SP3,GSE211956 | SP3,6236,7314,background
GSE211956,GSM6506112_SP3,GSE211956 | SP3,6301,7201,background
GSE211956,GSM6506112_SP3,GSE211956 | SP3,6365,7314,background
GSE211956,GSM6506112_SP3,GSE211956 | SP3,6431,7202,background
GSE211956,GSM6506112_SP3,GSE211956 | SP3,6560,7202,background
GSE211956,GSM6506112_SP3,GSE211956 | SP3,6625,7315,background
GSE211956,GSM6506112_SP3,GSE211956 | SP3,6690,7203,background
GSE211956,GSM6506112_SP3,GSE211956 | SP3,6754,7316,background
GSE211956,GSM6506112_SP3,GSE211956 | SP3,6819,7203,background
GSE211956,GSM6506112_SP3,GSE211956 | SP3,6884,7316,background
GSE211956,GSM6506112_SP3,GSE211956 | SP3,6949,7204,background
GSE211956,GSM6506112_SP3,GSE211956 | SP3,7013,7317,background
GSE211956,GSM6506112_SP3,GSE211956 | SP3,7078,7204,background
GSE211956,GSM6506112_SP3,GSE211956 | SP3,7531,7319,background
GSE211956,GSM6506112_SP3,GSE211956 | SP3,7597,7207,background
GSE211956,GSM6506112_SP3,GSE211956 | SP3,7661,7319,background
GSE211956,GSM6506112_SP3,GSE211956 | SP3,7726,7207,background
GSE211956,GSM6506112_SP3,GSE211956 | SP3,7790,7320,background
GSE211956,GSM6506112_SP3,GSE211956 | SP3,7856,7208,background
GSE211956,GSM6506112_SP3,GSE211956 | SP3,3839,7417,background
GSE211956,GSM6506112_SP3,GSE211956 | SP3,3968,7418,background
GSE211956,GSM6506112_SP3,GSE211956 | SP3,4033,7530,background
GSE211956,GSM6506112_SP3,GSE211956 | SP3,4098,7418,background
GSE211956,GSM6506112_SP3,GSE211956 | SP3,4162,7531,background
GSE211956,GSM6506112_SP3,GSE211956 | SP3,4227,7419,background
GSE211956,GSM6506112_SP3,GSE211956 | SP3,4292,7532,background
GSE211956,GSM6506112_SP3,GSE211956 | SP3,4357,7419,background
GSE211956,GSM6506112_SP3,GSE211956 | SP3,4421,7532,background
GSE211956,GSM6506112_SP3,GSE211956 | SP3,4487,7420,background
GSE211956,GSM6506112_SP3,GSE211956 | SP3,4551,7533,background
GSE211956,GSM6506112_SP3,GSE211956 | SP3,4616,7420,background
GSE211956,GSM6506112_SP3,GSE211956 | SP3,4680,7533,background
GSE211956,GSM6506112_SP3,GSE211956 | SP3,4746,7421,background
GSE211956,GSM6506112_SP3,GSE211956 | SP3,4810,7534,background
GSE211956,GSM6506112_SP3,GSE211956 | SP3,4875,7421,background
GSE211956,GSM6506112_SP3,GSE211956 | SP3,4939,7534,background
GSE211956,GSM6506112_SP3,GSE211956 | SP3,5005,7422,background
GSE211956,GSM6506112_SP3,GSE211956 | SP3,5069,7535,background
GSE211956,GSM6506112_SP3,GSE211956 | SP3,5134,7422,background
GSE211956,GSM6506112_SP3,GSE211956 | SP3,5199,7535,background
GSE211956,GSM6506112_SP3,GSE211956 | SP3,5264,7423,background
GSE211956,GSM6506112_SP3,GSE211956 | SP3,5328,7536,background
GSE211956,GSM6506112_SP3,GSE211956 | SP3,5393,7423,background
GSE211956,GSM6506112_SP3,GSE211956 | SP3,5458,7536,background
GSE211956,GSM6506112_SP3,GSE211956 | SP3,5523,7424,background
GSE211956,GSM6506112_SP3,GSE211956 | SP3,5587,7537,background
GSE211956,GSM6506112_SP3,GSE211956 | SP3,5652,7424,background
GSE211956,GSM6506112_SP3,GSE211956 | SP3,5717,7537,background
GSE211956,GSM6506112_SP3,GSE211956 | SP3,5782,7425,background
GSE211956,GSM6506112_SP3,GSE211956 | SP3,5846,7538,background
GSE211956,GSM6506112_SP3,GSE211956 | SP3,5912,7425,background
GSE211956,GSM6506112_SP3,GSE211956 | SP3,5976,7538,background
GSE211956,GSM6506112_SP3,GSE211956 | SP3,6041,7426,background
GSE211956,GSM6506112_SP3,GSE211956 | SP3,6105,7539,background
GSE211956,GSM6506112_SP3,GSE211956 | SP3,6171,7426,background
GSE211956,GSM6506112_SP3,GSE211956 | SP3,6235,7539,background
GSE211956,GSM6506112_SP3,GSE211956 | SP3,6300,7427,background
GSE211956,GSM6506112_SP3,GSE211956 | SP3,6689,7428,background
GSE211956,GSM6506112_SP3,GSE211956 | SP3,6753,7541,background
GSE211956,GSM6506112_SP3,GSE211956 | SP3,6818,7429,background
GSE211956,GSM6506112_SP3,GSE211956 | SP3,6883,7542,background
GSE211956,GSM6506112_SP3,GSE211956 | SP3,6948,7429,background
GSE211956,GSM6506112_SP3,GSE211956 | SP3,7012,7542,background
GSE211956,GSM6506112_SP3,GSE211956 | SP3,7078,7430,background
GSE211956,GSM6506112_SP3,GSE211956 | SP3,7142,7543,background
GSE211956,GSM6506112_SP3,GSE211956 | SP3,7271,7543,background
GSE211956,GSM6506112_SP3,GSE211956 | SP3,7337,7431,background
GSE211956,GSM6506112_SP3,GSE211956 | SP3,7401,7544,background
GSE211956,GSM6506112_SP3,GSE211956 | SP3,7466,7431,background
GSE211956,GSM6506112_SP3,GSE211956 | SP3,7530,7544,background
GSE211956,GSM6506112_SP3,GSE211956 | SP3,7596,7432,background
GSE211956,GSM6506112_SP3,GSE211956 | SP3,7660,7545,background
GSE211956,GSM6506112_SP3,GSE211956 | SP3,7725,7432,background
GSE211956,GSM6506112_SP3,GSE211956 | SP3,4097,7643,background
GSE211956,GSM6506112_SP3,GSE211956 | SP3,4227,7644,background
GSE211956,GSM6506112_SP3,GSE211956 | SP3,4291,7757,background
GSE211956,GSM6506112_SP3,GSE211956 | SP3,4356,7644,background
GSE211956,GSM6506112_SP3,GSE211956 | SP3,4420,7757,background
GSE211956,GSM6506112_SP3,GSE211956 | SP3,4486,7645,background
GSE211956,GSM6506112_SP3,GSE211956 | SP3,4550,7758,background
GSE211956,GSM6506112_SP3,GSE211956 | SP3,4615,7646,background
GSE211956,GSM6506112_SP3,GSE211956 | SP3,4679,7758,background
GSE211956,GSM6506112_SP3,GSE211956 | SP3,4745,7646,background
GSE211956,GSM6506112_SP3,GSE211956 | SP3,4809,7759,background
GSE211956,GSM6506112_SP3,GSE211956 | SP3,4874,7647,background
GSE211956,GSM6506112_SP3,GSE211956 | SP3,4939,7760,background
GSE211956,GSM6506112_SP3,GSE211956 | SP3,5004,7647,background
GSE211956,GSM6506112_SP3,GSE211956 | SP3,5068,7760,background
GSE211956,GSM6506112_SP3,GSE211956 | SP3,5133,7648,background
GSE211956,GSM6506112_SP3,GSE211956 | SP3,5198,7761,background
GSE211956,GSM6506112_SP3,GSE211956 | SP3,5263,7648,background
GSE211956,GSM6506112_SP3,GSE211956 | SP3,5327,7761,background
GSE211956,GSM6506112_SP3,GSE211956 | SP3,5392,7649,background
GSE211956,GSM6506112_SP3,GSE211956 | SP3,5457,7762,background
GSE211956,GSM6506112_SP3,GSE211956 | SP3,5522,7649,background
GSE211956,GSM6506112_SP3,GSE211956 | SP3,5586,7762,background
GSE211956,GSM6506112_SP3,GSE211956 | SP3,5652,7650,background
GSE211956,GSM6506112_SP3,GSE211956 | SP3,5716,7763,background
GSE211956,GSM6506112_SP3,GSE211956 | SP3,5781,7650,background
GSE211956,GSM6506112_SP3,GSE211956 | SP3,5845,7763,background
GSE211956,GSM6506112_SP3,GSE211956 | SP3,5911,7651,background
GSE211956,GSM6506112_SP3,GSE211956 | SP3,5975,7764,background
GSE211956,GSM6506112_SP3,GSE211956 | SP3,6040,7651,background
GSE211956,GSM6506112_SP3,GSE211956 | SP3,6105,7764,background
GSE211956,GSM6506112_SP3,GSE211956 | SP3,6170,7652,background
GSE211956,GSM6506112_SP3,GSE211956 | SP3,6234,7765,background
GSE211956,GSM6506112_SP3,GSE211956 | SP3,6299,7652,background
GSE211956,GSM6506112_SP3,GSE211956 | SP3,6364,7765,background
GSE211956,GSM6506112_SP3,GSE211956 | SP3,6429,7653,background
GSE211956,GSM6506112_SP3,GSE211956 | SP3,6493,7766,background
GSE211956,GSM6506112_SP3,GSE211956 | SP3,6623,7766,background
GSE211956,GSM6506112_SP3,GSE211956 | SP3,6688,7654,background
GSE211956,GSM6506112_SP3,GSE211956 | SP3,6752,7767,background
GSE211956,GSM6506112_SP3,GSE211956 | SP3,6818,7654,background
GSE211956,GSM6506112_SP3,GSE211956 | SP3,6882,7767,background
GSE211956,GSM6506112_SP3,GSE211956 | SP3,6947,7655,background
GSE211956,GSM6506112_SP3,GSE211956 | SP3,7011,7768,background
GSE211956,GSM6506112_SP3,GSE211956 | SP3,7077,7655,background
GSE211956,GSM6506112_SP3,GSE211956 | SP3,7206,7656,background
GSE211956,GSM6506112_SP3,GSE211956 | SP3,7270,7769,background
GSE211956,GSM6506112_SP3,GSE211956 | SP3,7336,7656,background
GSE211956,GSM6506112_SP3,GSE211956 | SP3,7400,7769,background
GSE211956,GSM6506112_SP3,GSE211956 | SP3,7465,7657,background
GSE211956,GSM6506112_SP3,GSE211956 | SP3,7595,7657,background
GSE211956,GSM6506112_SP3,GSE211956 | SP3,4614,7871,background
GSE211956,GSM6506112_SP3,GSE211956 | SP3,4679,7984,background
GSE211956,GSM6506112_SP3,GSE211956 | SP3,4744,7871,background
GSE211956,GSM6506112_SP3,GSE211956 | SP3,4808,7984,background
GSE211956,GSM6506112_SP3,GSE211956 | SP3,4873,7872,background
GSE211956,GSM6506112_SP3,GSE211956 | SP3,4938,7985,background
GSE211956,GSM6506112_SP3,GSE211956 | SP3,5003,7872,background
GSE211956,GSM6506112_SP3,GSE211956 | SP3,5067,7985,background
GSE211956,GSM6506112_SP3,GSE211956 | SP3,5132,7873,background
GSE211956,GSM6506112_SP3,GSE211956 | SP3,5197,7986,background
GSE211956,GSM6506112_SP3,GSE211956 | SP3,5262,7874,background
GSE211956,GSM6506112_SP3,GSE211956 | SP3,5326,7986,background
GSE211956,GSM6506112_SP3,GSE211956 | SP3,5392,7874,background
GSE211956,GSM6506112_SP3,GSE211956 | SP3,5456,7987,background
GSE211956,GSM6506112_SP3,GSE211956 | SP3,5521,7875,background
GSE211956,GSM6506112_SP3,GSE211956 | SP3,5585,7988,background
GSE211956,GSM6506112_SP3,GSE211956 | SP3,5651,7875,background
GSE211956,GSM6506112_SP3,GSE211956 | SP3,5715,7988,background
GSE211956,GSM6506112_SP3,GSE211956 | SP3,5780,7876,background
GSE211956,GSM6506112_SP3,GSE211956 | SP3,5845,7989,background
GSE211956,GSM6506112_SP3,GSE211956 | SP3,5910,7876,background
GSE211956,GSM6506112_SP3,GSE211956 | SP3,5974,7989,background
GSE211956,GSM6506112_SP3,GSE211956 | SP3,6039,7877,background
GSE211956,GSM6506112_SP3,GSE211956 | SP3,6104,7990,background
GSE211956,GSM6506112_SP3,GSE211956 | SP3,6169,7877,background
GSE211956,GSM6506112_SP3,GSE211956 | SP3,6233,7990,background
GSE211956,GSM6506112_SP3,GSE211956 | SP3,6298,7878,background
GSE211956,GSM6506112_SP3,GSE211956 | SP3,6363,7991,background
GSE211956,GSM6506112_SP3,GSE211956 | SP3,6428,7878,background
GSE211956,GSM6506112_SP3,GSE211956 | SP3,6492,7991,background
GSE211956,GSM6506112_SP3,GSE211956 | SP3,6558,7879,background
GSE211956,GSM6506112_SP3,GSE211956 | SP3,6622,7992,background
GSE211956,GSM6506112_SP3,GSE211956 | SP3,6687,7879,background
GSE211956,GSM6506112_SP3,GSE211956 | SP3,6751,7992,background
GSE211956,GSM6506112_SP3,GSE211956 | SP3,6817,7880,background
GSE211956,GSM6506112_SP3,GSE211956 | SP3,6881,7993,background
GSE211956,GSM6506112_SP3,GSE211956 | SP3,6946,7880,background
GSE211956,GSM6506112_SP3,GSE211956 | SP3,7011,7993,background
GSE211956,GSM6506112_SP3,GSE211956 | SP3,7076,7881,background
GSE211956,GSM6506112_SP3,GSE211956 | SP3,4872,8097,background
GSE211956,GSM6506112_SP3,GSE211956 | SP3,4937,8210,background
GSE211956,GSM6506112_SP3,GSE211956 | SP3,5002,8098,background
GSE211956,GSM6506112_SP3,GSE211956 | SP3,5066,8211,background
GSE211956,GSM6506112_SP3,GSE211956 | SP3,5132,8098,background
GSE211956,GSM6506112_SP3,GSE211956 | SP3,5196,8211,background
GSE211956,GSM6506112_SP3,GSE211956 | SP3,5325,8212,background
GSE211956,GSM6506112_SP3,GSE211956 | SP3,5391,8099,background
GSE211956,GSM6506112_SP3,GSE211956 | SP3,5455,8212,background
GSE211956,GSM6506112_SP3,GSE211956 | SP3,5520,8100,background
GSE211956,GSM6506112_SP3,GSE211956 | SP3,5585,8213,background
GSE211956,GSM6506112_SP3,GSE211956 | SP3,5650,8100,background
GSE211956,GSM6506112_SP3,GSE211956 | SP3,5714,8213,background
GSE211956,GSM6506112_SP3,GSE211956 | SP3,5779,8101,background
GSE211956,GSM6506112_SP3,GSE211956 | SP3,5844,8214,background
GSE211956,GSM6506112_SP3,GSE211956 | SP3,5909,8101,background
GSE211956,GSM6506112_SP3,GSE211956 | SP3,5973,8214,background
GSE211956,GSM6506112_SP3,GSE211956 | SP3,6038,8102,background
GSE211956,GSM6506112_SP3,GSE211956 | SP3,6103,8215,background
GSE211956,GSM6506112_SP3,GSE211956 | SP3,6168,8103,background
GSE211956,GSM6506112_SP3,GSE211956 | SP3,6232,8215,background
GSE211956,GSM6506112_SP3,GSE211956 | SP3,6298,8103,background
GSE211956,GSM6506112_SP3,GSE211956 | SP3,6362,8216,background
GSE211956,GSM6506112_SP3,GSE211956 | SP3,6427,8104,background
GSE211956,GSM6506112_SP3,GSE211956 | SP3,6491,8217,background
GSE211956,GSM6506112_SP3,GSE211956 | SP3,6557,8104,background
GSE211956,GSM6506112_SP3,GSE211956 | SP3,6621,8217,background
GSE211956,GSM6506112_SP3,GSE211956 | SP3,6686,8105,background
GSE211956,GSM6506112_SP3,GSE211956 | SP3,6751,8218,background
GSE211956,GSM6506112_SP3,GSE211956 | SP3,6816,8105,background
GSE211956,GSM6506112_SP3,GSE211956 | SP3,6880,8218,background
GSE211956,GSM6506112_SP3,GSE211956 | SP3,6945,8106,background
GSE211956,GSM6506112_SP3,GSE211956 | SP3,5001,8323,background
GSE211956,GSM6506112_SP3,GSE211956 | SP3,5131,8324,background
GSE211956,GSM6506112_SP3,GSE211956 | SP3,5195,8437,background
GSE211956,GSM6506112_SP3,GSE211956 | SP3,5260,8324,background
GSE211956,GSM6506112_SP3,GSE211956 | SP3,5325,8437,background
GSE211956,GSM6506112_SP3,GSE211956 | SP3,5390,8325,background
GSE211956,GSM6506112_SP3,GSE211956 | SP3,5454,8438,background
GSE211956,GSM6506112_SP3,GSE211956 | SP3,5519,8325,background
GSE211956,GSM6506112_SP3,GSE211956 | SP3,5584,8438,background
GSE211956,GSM6506112_SP3,GSE211956 | SP3,5649,8326,background
GSE211956,GSM6506112_SP3,GSE211956 | SP3,5713,8439,background
GSE211956,GSM6506112_SP3,GSE211956 | SP3,5778,8326,background
GSE211956,GSM6506112_SP3,GSE211956 | SP3,5843,8439,background
GSE211956,GSM6506112_SP3,GSE211956 | SP3,5908,8327,background
GSE211956,GSM6506112_SP3,GSE211956 | SP3,5972,8440,background
GSE211956,GSM6506112_SP3,GSE211956 | SP3,6038,8327,background
GSE211956,GSM6506112_SP3,GSE211956 | SP3,6102,8440,background
GSE211956,GSM6506112_SP3,GSE211956 | SP3,6167,8328,background
GSE211956,GSM6506112_SP3,GSE211956 | SP3,6231,8441,background
GSE211956,GSM6506112_SP3,GSE211956 | SP3,6297,8328,background
GSE211956,GSM6506112_SP3,GSE211956 | SP3,6361,8441,background
GSE211956,GSM6506112_SP3,GSE211956 | SP3,6426,8329,background
GSE211956,GSM6506112_SP3,GSE211956 | SP3,6491,8442,background
GSE211956,GSM6506112_SP3,GSE211956 | SP3,6556,8329,background
GSE211956,GSM6506112_SP3,GSE211956 | SP3,6620,8442,background
GSE211956,GSM6506112_SP3,GSE211956 | SP3,6685,8330,background
GSE211956,GSM6506112_SP3,GSE211956 | SP3,6815,8331,background
GSE211956,GSM6506112_SP3,GSE211956 | SP3,5518,8551,background
GSE211956,GSM6506112_SP3,GSE211956 | SP3,5583,8664,background
GSE211956,GSM6506112_SP3,GSE211956 | SP3,5648,8551,background
GSE211956,GSM6506112_SP3,GSE211956 | SP3,5712,8664,background
GSE211956,GSM6506112_SP3,GSE211956 | SP3,5778,8552,background
GSE211956,GSM6506112_SP3,GSE211956 | SP3,6231,8666,background
GSE211956,GSM6506112_SP3,GSE211956 | SP3,6296,8554,background
GSE211956,GSM6506112_SP3,GSE211956 | SP3,6360,8667,background
GSE211956,GSM6506112_SP3,GSE211956 | SP3,6425,8554,background
GSE211956,GSM6506112_SP3,GSE211956 | SP3,6555,8555,background
GSE211956,GSM6506112_SP3,GSE211956 | SP3,6295,8779,background
GSE224335,GSM7019836_OCCS3v,GSE224335 | OCCS3v,4744,2958,background
GSE224335,GSM7019836_OCCS3v,GSE224335 | OCCS3v,4875,2957,background
GSE224335,GSM7019836_OCCS3v,GSE224335 | OCCS3v,4940,2843,background
GSE224335,GSM7019836_OCCS3v,GSE224335 | OCCS3v,5006,2957,background
GSE224335,GSM7019836_OCCS3v,GSE224335 | OCCS3v,5072,2842,background
GSE224335,GSM7019836_OCCS3v,GSE224335 | OCCS3v,5138,2956,background
GSE224335,GSM7019836_OCCS3v,GSE224335 | OCCS3v,5203,2841,background
GSE224335,GSM7019836_OCCS3v,GSE224335 | OCCS3v,5269,2955,background
GSE224335,GSM7019836_OCCS3v,GSE224335 | OCCS3v,5334,2841,background
GSE224335,GSM7019836_OCCS3v,GSE224335 | OCCS3v,5401,2955,background
GSE224335,GSM7019836_OCCS3v,GSE224335 | OCCS3v,5466,2840,background
GSE224335,GSM7019836_OCCS3v,GSE224335 | OCCS3v,5532,2954,background
GSE224335,GSM7019836_OCCS3v,GSE224335 | OCCS3v,5597,2839,background
GSE224335,GSM7019836_OCCS3v,GSE224335 | OCCS3v,5664,2953,background
GSE224335,GSM7019836_OCCS3v,GSE224335 | OCCS3v,5729,2838,background
GSE224335,GSM7019836_OCCS3v,GSE224335 | OCCS3v,5795,2952,background
GSE224335,GSM7019836_OCCS3v,GSE224335 | OCCS3v,5860,2838,background
GSE224335,GSM7019836_OCCS3v,GSE224335 | OCCS3v,5927,2952,background
GSE224335,GSM7019836_OCCS3v,GSE224335 | OCCS3v,6058,2951,background
GSE224335,GSM7019836_OCCS3v,GSE224335 | OCCS3v,6190,2950,background
GSE224335,GSM7019836_OCCS3v,GSE224335 | OCCS3v,4482,3188,background
GSE224335,GSM7019836_OCCS3v,GSE224335 | OCCS3v,4613,3188,background
GSE224335,GSM7019836_OCCS3v,GSE224335 | OCCS3v,4678,3073,background
GSE224335,GSM7019836_OCCS3v,GSE224335 | OCCS3v,4745,3187,background
GSE224335,GSM7019836_OCCS3v,GSE224335 | OCCS3v,4810,3072,background
GSE224335,GSM7019836_OCCS3v,GSE224335 | OCCS3v,4876,3186,background
GSE224335,GSM7019836_OCCS3v,GSE224335 | OCCS3v,4941,3071,background
GSE224335,GSM7019836_OCCS3v,GSE224335 | OCCS3v,5008,3185,background
GSE224335,GSM7019836_OCCS3v,GSE224335 | OCCS3v,5073,3071,background
GSE224335,GSM7019836_OCCS3v,GSE224335 | OCCS3v,5139,3185,background
GSE224335,GSM7019836_OCCS3v,GSE224335 | OCCS3v,5204,3070,background
GSE224335,GSM7019836_OCCS3v,GSE224335 | OCCS3v,5271,3184,background
GSE224335,GSM7019836_OCCS3v,GSE224335 | OCCS3v,5336,3069,background
GSE224335,GSM7019836_OCCS3v,GSE224335 | OCCS3v,5402,3183,background
GSE224335,GSM7019836_OCCS3v,GSE224335 | OCCS3v,5467,3069,background
GSE224335,GSM7019836_OCCS3v,GSE224335 | OCCS3v,5534,3183,background
GSE224335,GSM7019836_OCCS3v,GSE224335 | OCCS3v,5599,3068,background
GSE224335,GSM7019836_OCCS3v,GSE224335 | OCCS3v,5665,3182,background
GSE224335,GSM7019836_OCCS3v,GSE224335 | OCCS3v,5730,3067,background
GSE224335,GSM7019836_OCCS3v,GSE224335 | OCCS3v,5796,3181,background
GSE224335,GSM7019836_OCCS3v,GSE224335 | OCCS3v,5862,3066,background
GSE224335,GSM7019836_OCCS3v,GSE224335 | OCCS3v,5928,3180,background
GSE224335,GSM7019836_OCCS3v,GSE224335 | OCCS3v,5993,3066,background
GSE224335,GSM7019836_OCCS3v,GSE224335 | OCCS3v,6059,3180,background
GSE224335,GSM7019836_OCCS3v,GSE224335 | OCCS3v,6125,3065,background
GSE224335,GSM7019836_OCCS3v,GSE224335 | OCCS3v,6191,3179,background
GSE224335,GSM7019836_OCCS3v,GSE224335 | OCCS3v,6256,3064,background
GSE224335,GSM7019836_OCCS3v,GSE224335 | OCCS3v,6322,3178,background
GSE224335,GSM7019836_OCCS3v,GSE224335 | OCCS3v,6387,3063,background
GSE224335,GSM7019836_OCCS3v,GSE224335 | OCCS3v,6454,3177,background
GSE224335,GSM7019836_OCCS3v,GSE224335 | OCCS3v,4220,3419,background
GSE224335,GSM7019836_OCCS3v,GSE224335 | OCCS3v,4352,3418,background
GSE224335,GSM7019836_OCCS3v,GSE224335 | OCCS3v,4417,3303,background
GSE224335,GSM7019836_OCCS3v,GSE224335 | OCCS3v,4483,3417,background
GSE224335,GSM7019836_OCCS3v,GSE224335 | OCCS3v,4548,3302,background
GSE224335,GSM7019836_OCCS3v,GSE224335 | OCCS3v,4615,3416,background
GSE224335,GSM7019836_OCCS3v,GSE224335 | OCCS3v,4680,3302,background
GSE224335,GSM7019836_OCCS3v,GSE224335 | OCCS3v,4746,3416,background
GSE224335,GSM7019836_OCCS3v,GSE224335 | OCCS3v,4811,3301,background
GSE224335,GSM7019836_OCCS3v,GSE224335 | OCCS3v,4878,3415,background
GSE224335,GSM7019836_OCCS3v,GSE224335 | OCCS3v,4943,3300,background
GSE224335,GSM7019836_OCCS3v,GSE224335 | OCCS3v,5009,3414,background
GSE224335,GSM7019836_OCCS3v,GSE224335 | OCCS3v,5074,3299,background
GSE224335,GSM7019836_OCCS3v,GSE224335 | OCCS3v,5140,3413,background
GSE224335,GSM7019836_OCCS3v,GSE224335 | OCCS3v,5206,3299,background
GSE224335,GSM7019836_OCCS3v,GSE224335 | OCCS3v,5272,3413,background
GSE224335,GSM7019836_OCCS3v,GSE224335 | OCCS3v,5337,3298,background
GSE224335,GSM7019836_OCCS3v,GSE224335 | OCCS3v,5403,3412,background
GSE224335,GSM7019836_OCCS3v,GSE224335 | OCCS3v,5468,3297,background
GSE224335,GSM7019836_OCCS3v,GSE224335 | OCCS3v,5535,3411,background
GSE224335,GSM7019836_OCCS3v,GSE224335 | OCCS3v,5600,3297,background
GSE224335,GSM7019836_OCCS3v,GSE224335 | OCCS3v,5666,3411,background
GSE224335,GSM7019836_OCCS3v,GSE224335 | OCCS3v,5731,3296,background
GSE224335,GSM7019836_OCCS3v,GSE224335 | OCCS3v,5798,3410,background
GSE224335,GSM7019836_OCCS3v,GSE224335 | OCCS3v,5863,3295,background
GSE224335,GSM7019836_OCCS3v,GSE224335 | OCCS3v,5929,3409,background
GSE224335,GSM7019836_OCCS3v,GSE224335 | OCCS3v,5994,3294,background
GSE224335,GSM7019836_OCCS3v,GSE224335 | OCCS3v,6061,3408,background
GSE224335,GSM7019836_OCCS3v,GSE224335 | OCCS3v,6126,3294,background
GSE224335,GSM7019836_OCCS3v,GSE224335 | OCCS3v,6192,3408,background
GSE224335,GSM7019836_OCCS3v,GSE224335 | OCCS3v,6257,3293,background
GSE224335,GSM7019836_OCCS3v,GSE224335 | OCCS3v,6324,3407,background
GSE224335,GSM7019836_OCCS3v,GSE224335 | OCCS3v,6389,3292,background
GSE224335,GSM7019836_OCCS3v,GSE224335 | OCCS3v,6455,3406,background
GSE224335,GSM7019836_OCCS3v,GSE224335 | OCCS3v,3959,3649,background
GSE224335,GSM7019836_OCCS3v,GSE224335 | OCCS3v,4090,3648,background
GSE224335,GSM7019836_OCCS3v,GSE224335 | OCCS3v,4155,3533,background
GSE224335,GSM7019836_OCCS3v,GSE224335 | OCCS3v,4222,3647,background
GSE224335,GSM7019836_OCCS3v,GSE224335 | OCCS3v,4287,3533,background
GSE224335,GSM7019836_OCCS3v,GSE224335 | OCCS3v,4353,3647,background
GSE224335,GSM7019836_OCCS3v,GSE224335 | OCCS3v,4418,3532,background
GSE224335,GSM7019836_OCCS3v,GSE224335 | OCCS3v,4484,3646,background
GSE224335,GSM7019836_OCCS3v,GSE224335 | OCCS3v,4550,3531,background
GSE224335,GSM7019836_OCCS3v,GSE224335 | OCCS3v,4616,3645,background
GSE224335,GSM7019836_OCCS3v,GSE224335 | OCCS3v,4681,3530,background
GSE224335,GSM7019836_OCCS3v,GSE224335 | OCCS3v,4747,3644,background
GSE224335,GSM7019836_OCCS3v,GSE224335 | OCCS3v,4812,3530,background
GSE224335,GSM7019836_OCCS3v,GSE224335 | OCCS3v,4879,3644,background
GSE224335,GSM7019836_OCCS3v,GSE224335 | OCCS3v,4944,3529,background
GSE224335,GSM7019836_OCCS3v,GSE224335 | OCCS3v,5010,3643,background
GSE224335,GSM7019836_OCCS3v,GSE224335 | OCCS3v,5075,3528,background
GSE224335,GSM7019836_OCCS3v,GSE224335 | OCCS3v,5142,3642,background
GSE224335,GSM7019836_OCCS3v,GSE224335 | OCCS3v,5207,3527,background
GSE224335,GSM7019836_OCCS3v,GSE224335 | OCCS3v,5273,3641,background
GSE224335,GSM7019836_OCCS3v,GSE224335 | OCCS3v,5338,3527,background
GSE224335,GSM7019836_OCCS3v,GSE224335 | OCCS3v,5405,3641,background
GSE224335,GSM7019836_OCCS3v,GSE224335 | OCCS3v,5470,3526,background
GSE224335,GSM7019836_OCCS3v,GSE224335 | OCCS3v,5536,3640,background
GSE224335,GSM7019836_OCCS3v,GSE224335 | OCCS3v,5601,3525,background
GSE224335,GSM7019836_OCCS3v,GSE224335 | OCCS3v,5668,3639,background
GSE224335,GSM7019836_OCCS3v,GSE224335 | OCCS3v,5733,3525,background
GSE224335,GSM7019836_OCCS3v,GSE224335 | OCCS3v,5799,3639,background
GSE224335,GSM7019836_OCCS3v,GSE224335 | OCCS3v,5864,3524,background
GSE224335,GSM7019836_OCCS3v,GSE224335 | OCCS3v,5931,3638,background
GSE224335,GSM7019836_OCCS3v,GSE224335 | OCCS3v,5996,3523,background
GSE224335,GSM7019836_OCCS3v,GSE224335 | OCCS3v,6062,3637,background
GSE224335,GSM7019836_OCCS3v,GSE224335 | OCCS3v,6127,3522,background
GSE224335,GSM7019836_OCCS3v,GSE224335 | OCCS3v,6193,3636,background
GSE224335,GSM7019836_OCCS3v,GSE224335 | OCCS3v,6259,3522,background
GSE224335,GSM7019836_OCCS3v,GSE224335 | OCCS3v,6325,3636,background
GSE224335,GSM7019836_OCCS3v,GSE224335 | OCCS3v,6390,3521,background
GSE224335,GSM7019836_OCCS3v,GSE224335 | OCCS3v,6456,3635,background
GSE224335,GSM7019836_OCCS3v,GSE224335 | OCCS3v,6521,3520,background
GSE224335,GSM7019836_OCCS3v,GSE224335 | OCCS3v,6588,3634,background
GSE224335,GSM7019836_OCCS3v,GSE224335 | OCCS3v,3303,3881,background
GSE224335,GSM7019836_OCCS3v,GSE224335 | OCCS3v,3434,3880,background
GSE224335,GSM7019836_OCCS3v,GSE224335 | OCCS3v,3499,3766,background
GSE224335,GSM7019836_OCCS3v,GSE224335 | OCCS3v,3566,3880,background
GSE224335,GSM7019836_OCCS3v,GSE224335 | OCCS3v,3631,3765,background
GSE224335,GSM7019836_OCCS3v,GSE224335 | OCCS3v,3697,3879,background
GSE224335,GSM7019836_OCCS3v,GSE224335 | OCCS3v,3762,3764,background
GSE224335,GSM7019836_OCCS3v,GSE224335 | OCCS3v,3828,3878,background
GSE224335,GSM7019836_OCCS3v,GSE224335 | OCCS3v,3894,3764,background
GSE224335,GSM7019836_OCCS3v,GSE224335 | OCCS3v,3960,3878,background
GSE224335,GSM7019836_OCCS3v,GSE224335 | OCCS3v,4025,3763,background
GSE224335,GSM7019836_OCCS3v,GSE224335 | OCCS3v,4091,3877,background
GSE224335,GSM7019836_OCCS3v,GSE224335 | OCCS3v,4156,3762,background
GSE224335,GSM7019836_OCCS3v,GSE224335 | OCCS3v,4223,3876,background
GSE224335,GSM7019836_OCCS3v,GSE224335 | OCCS3v,4288,3761,background
GSE224335,GSM7019836_OCCS3v,GSE224335 | OCCS3v,4354,3875,background
GSE224335,GSM7019836_OCCS3v,GSE224335 | OCCS3v,4419,3761,background
GSE224335,GSM7019836_OCCS3v,GSE224335 | OCCS3v,4486,3875,background
GSE224335,GSM7019836_OCCS3v,GSE224335 | OCCS3v,4551,3760,background
GSE224335,GSM7019836_OCCS3v,GSE224335 | OCCS3v,4617,3874,background
GSE224335,GSM7019836_OCCS3v,GSE224335 | OCCS3v,4682,3759,background
GSE224335,GSM7019836_OCCS3v,GSE224335 | OCCS3v,4749,3873,background
GSE224335,GSM7019836_OCCS3v,GSE224335 | OCCS3v,4814,3758,background
GSE224335,GSM7019836_OCCS3v,GSE224335 | OCCS3v,4880,3872,background
GSE224335,GSM7019836_OCCS3v,GSE224335 | OCCS3v,4945,3758,background
GSE224335,GSM7019836_OCCS3v,GSE224335 | OCCS3v,5012,3872,background
GSE224335,GSM7019836_OCCS3v,GSE224335 | OCCS3v,5077,3757,background
GSE224335,GSM7019836_OCCS3v,GSE224335 | OCCS3v,5143,3871,background
GSE224335,GSM7019836_OCCS3v,GSE224335 | OCCS3v,5208,3756,background
GSE224335,GSM7019836_OCCS3v,GSE224335 | OCCS3v,5274,3870,background
GSE224335,GSM7019836_OCCS3v,GSE224335 | OCCS3v,5340,3755,background
GSE224335,GSM7019836_OCCS3v,GSE224335 | OCCS3v,5406,3870,background
GSE224335,GSM7019836_OCCS3v,GSE224335 | OCCS3v,5471,3755,background
GSE224335,GSM7019836_OCCS3v,GSE224335 | OCCS3v,5537,3869,background
GSE224335,GSM7019836_OCCS3v,GSE224335 | OCCS3v,5602,3754,background
GSE224335,GSM7019836_OCCS3v,GSE224335 | OCCS3v,5669,3868,background
GSE224335,GSM7019836_OCCS3v,GSE224335 | OCCS3v,5734,3753,background
GSE224335,GSM7019836_OCCS3v,GSE224335 | OCCS3v,5800,3867,background
GSE224335,GSM7019836_OCCS3v,GSE224335 | OCCS3v,5865,3753,background
GSE224335,GSM7019836_OCCS3v,GSE224335 | OCCS3v,5932,3867,background
GSE224335,GSM7019836_OCCS3v,GSE224335 | OCCS3v,5997,3752,background
GSE224335,GSM7019836_OCCS3v,GSE224335 | OCCS3v,6063,3866,background
GSE224335,GSM7019836_OCCS3v,GSE224335 | OCCS3v,6128,3751,background
GSE224335,GSM7019836_OCCS3v,GSE224335 | OCCS3v,6195,3865,background
GSE224335,GSM7019836_OCCS3v,GSE224335 | OCCS3v,6260,3750,background
GSE224335,GSM7019836_OCCS3v,GSE224335 | OCCS3v,6326,3864,background
GSE224335,GSM7019836_OCCS3v,GSE224335 | OCCS3v,6391,3750,background
GSE224335,GSM7019836_OCCS3v,GSE224335 | OCCS3v,6458,3864,background
GSE224335,GSM7019836_OCCS3v,GSE224335 | OCCS3v,6523,3749,background
GSE224335,GSM7019836_OCCS3v,GSE224335 | OCCS3v,6589,3863,background
GSE224335,GSM7019836_OCCS3v,GSE224335 | OCCS3v,6654,3748,background
GSE224335,GSM7019836_OCCS3v,GSE224335 | OCCS3v,6721,3862,background
GSE224335,GSM7019836_OCCS3v,GSE224335 | OCCS3v,2910,4112,background
GSE224335,GSM7019836_OCCS3v,GSE224335 | OCCS3v,3041,4111,background
GSE224335,GSM7019836_OCCS3v,GSE224335 | OCCS3v,3106,3997,background
GSE224335,GSM7019836_OCCS3v,GSE224335 | OCCS3v,3172,4111,background
GSE224335,GSM7019836_OCCS3v,GSE224335 | OCCS3v,3238,3996,background
GSE224335,GSM7019836_OCCS3v,GSE224335 | OCCS3v,3304,4110,background
GSE224335,GSM7019836_OCCS3v,GSE224335 | OCCS3v,3369,3995,background
GSE224335,GSM7019836_OCCS3v,GSE224335 | OCCS3v,3435,4109,background
GSE224335,GSM7019836_OCCS3v,GSE224335 | OCCS3v,3500,3994,background
GSE224335,GSM7019836_OCCS3v,GSE224335 | OCCS3v,3567,4108,background
GSE224335,GSM7019836_OCCS3v,GSE224335 | OCCS3v,3632,3994,background
GSE224335,GSM7019836_OCCS3v,GSE224335 | OCCS3v,3698,4108,background
GSE224335,GSM7019836_OCCS3v,GSE224335 | OCCS3v,3763,3993,background
GSE224335,GSM7019836_OCCS3v,GSE224335 | OCCS3v,3830,4107,background
GSE224335,GSM7019836_OCCS3v,GSE224335 | OCCS3v,3895,3992,background
GSE224335,GSM7019836_OCCS3v,GSE224335 | OCCS3v,3961,4106,background
GSE224335,GSM7019836_OCCS3v,GSE224335 | OCCS3v,4026,3992,background
GSE224335,GSM7019836_OCCS3v,GSE224335 | OCCS3v,4093,4106,background
GSE224335,GSM7019836_OCCS3v,GSE224335 | OCCS3v,4158,3991,background
GSE224335,GSM7019836_OCCS3v,GSE224335 | OCCS3v,4224,4105,background
GSE224335,GSM7019836_OCCS3v,GSE224335 | OCCS3v,4289,3990,background
GSE224335,GSM7019836_OCCS3v,GSE224335 | OCCS3v,4356,4104,background
GSE224335,GSM7019836_OCCS3v,GSE224335 | OCCS3v,4421,3989,background
GSE224335,GSM7019836_OCCS3v,GSE224335 | OCCS3v,4487,4103,background
GSE224335,GSM7019836_OCCS3v,GSE224335 | OCCS3v,4552,3989,background
GSE224335,GSM7019836_OCCS3v,GSE224335 | OCCS3v,4618,4103,background
GSE224335,GSM7019836_OCCS3v,GSE224335 | OCCS3v,4684,3988,background
GSE224335,GSM7019836_OCCS3v,GSE224335 | OCCS3v,4750,4102,background
GSE224335,GSM7019836_OCCS3v,GSE224335 | OCCS3v,4815,3987,background
GSE224335,GSM7019836_OCCS3v,GSE224335 | OCCS3v,4881,4101,background
GSE224335,GSM7019836_OCCS3v,GSE224335 | OCCS3v,4946,3986,background
GSE224335,GSM7019836_OCCS3v,GSE224335 | OCCS3v,5013,4100,background
GSE224335,GSM7019836_OCCS3v,GSE224335 | OCCS3v,5078,3986,background
GSE224335,GSM7019836_OCCS3v,GSE224335 | OCCS3v,5144,4100,background
GSE224335,GSM7019836_OCCS3v,GSE224335 | OCCS3v,5209,3985,background
GSE224335,GSM7019836_OCCS3v,GSE224335 | OCCS3v,5276,4099,background
GSE224335,GSM7019836_OCCS3v,GSE224335 | OCCS3v,5341,3984,background
GSE224335,GSM7019836_OCCS3v,GSE224335 | OCCS3v,5407,4098,background
GSE224335,GSM7019836_OCCS3v,GSE224335 | OCCS3v,5472,3984,background
GSE224335,GSM7019836_OCCS3v,GSE224335 | OCCS3v,5539,4098,background
GSE224335,GSM7019836_OCCS3v,GSE224335 | OCCS3v,5604,3983,background
GSE224335,GSM7019836_OCCS3v,GSE224335 | OCCS3v,5670,4097,background
GSE224335,GSM7019836_OCCS3v,GSE224335 | OCCS3v,5735,3982,background
GSE224335,GSM7019836_OCCS3v,GSE224335 | OCCS3v,5802,4096,background
GSE224335,GSM7019836_OCCS3v,GSE224335 | OCCS3v,5867,3981,background
GSE224335,GSM7019836_OCCS3v,GSE224335 | OCCS3v,5933,4095,background
GSE224335,GSM7019836_OCCS3v,GSE224335 | OCCS3v,5998,3981,background
GSE224335,GSM7019836_OCCS3v,GSE224335 | OCCS3v,6065,4095,background
GSE224335,GSM7019836_OCCS3v,GSE224335 | OCCS3v,6130,3980,background
GSE224335,GSM7019836_OCCS3v,GSE224335 | OCCS3v,6196,4094,background
GSE224335,GSM7019836_OCCS3v,GSE224335 | OCCS3v,6261,3979,background
GSE224335,GSM7019836_OCCS3v,GSE224335 | OCCS3v,6327,4093,background
GSE224335,GSM7019836_OCCS3v,GSE224335 | OCCS3v,6393,3978,background
GSE224335,GSM7019836_OCCS3v,GSE224335 | OCCS3v,6459,4092,background
GSE224335,GSM7019836_OCCS3v,GSE224335 | OCCS3v,6524,3978,background
GSE224335,GSM7019836_OCCS3v,GSE224335 | OCCS3v,6590,4092,background
GSE224335,GSM7019836_OCCS3v,GSE224335 | OCCS3v,6655,3977,background
GSE224335,GSM7019836_OCCS3v,GSE224335 | OCCS3v,6722,4091,background
GSE224335,GSM7019836_OCCS3v,GSE224335 | OCCS3v,6787,3976,background
GSE224335,GSM7019836_OCCS3v,GSE224335 | OCCS3v,6853,4090,background
GSE224335,GSM7019836_OCCS3v,GSE224335 | OCCS3v,6918,3975,background
GSE224335,GSM7019836_OCCS3v,GSE224335 | OCCS3v,6985,4089,background
GSE224335,GSM7019836_OCCS3v,GSE224335 | OCCS3v,7116,4089,background
GSE224335,GSM7019836_OCCS3v,GSE224335 | OCCS3v,7511,4087,background
GSE224335,GSM7019836_OCCS3v,GSE224335 | OCCS3v,7576,3972,background
GSE224335,GSM7019836_OCCS3v,GSE224335 | OCCS3v,7642,4086,background
GSE224335,GSM7019836_OCCS3v,GSE224335 | OCCS3v,7707,3971,background
GSE224335,GSM7019836_OCCS3v,GSE224335 | OCCS3v,7773,4085,background
GSE224335,GSM7019836_OCCS3v,GSE224335 | OCCS3v,2648,4342,background
GSE224335,GSM7019836_OCCS3v,GSE224335 | OCCS3v,2779,4342,background
GSE224335,GSM7019836_OCCS3v,GSE224335 | OCCS3v,2844,4227,background
GSE224335,GSM7019836_OCCS3v,GSE224335 | OCCS3v,2911,4341,background
GSE224335,GSM7019836_OCCS3v,GSE224335 | OCCS3v,2976,4226,background
GSE224335,GSM7019836_OCCS3v,GSE224335 | OCCS3v,3042,4340,background
GSE224335,GSM7019836_OCCS3v,GSE224335 | OCCS3v,3107,4225,background
GSE224335,GSM7019836_OCCS3v,GSE224335 | OCCS3v,3174,4339,background
GSE224335,GSM7019836_OCCS3v,GSE224335 | OCCS3v,3239,4225,background
GSE224335,GSM7019836_OCCS3v,GSE224335 | OCCS3v,3305,4339,background
GSE224335,GSM7019836_OCCS3v,GSE224335 | OCCS3v,3370,4224,background
GSE224335,GSM7019836_OCCS3v,GSE224335 | OCCS3v,3437,4338,background
GSE224335,GSM7019836_OCCS3v,GSE224335 | OCCS3v,3502,4223,background
GSE224335,GSM7019836_OCCS3v,GSE224335 | OCCS3v,3568,4337,background
GSE224335,GSM7019836_OCCS3v,GSE224335 | OCCS3v,3633,4223,background
GSE224335,GSM7019836_OCCS3v,GSE224335 | OCCS3v,3700,4337,background
GSE224335,GSM7019836_OCCS3v,GSE224335 | OCCS3v,3765,4222,background
GSE224335,GSM7019836_OCCS3v,GSE224335 | OCCS3v,3831,4336,background
GSE224335,GSM7019836_OCCS3v,GSE224335 | OCCS3v,3896,4221,background
GSE224335,GSM7019836_OCCS3v,GSE224335 | OCCS3v,3962,4335,background
GSE224335,GSM7019836_OCCS3v,GSE224335 | OCCS3v,4028,4220,background
GSE224335,GSM7019836_OCCS3v,GSE224335 | OCCS3v,4094,4334,background
GSE224335,GSM7019836_OCCS3v,GSE224335 | OCCS3v,4159,4220,background
GSE224335,GSM7019836_OCCS3v,GSE224335 | OCCS3v,4225,4334,background
GSE224335,GSM7019836_OCCS3v,GSE224335 | OCCS3v,4290,4219,background
GSE224335,GSM7019836_OCCS3v,GSE224335 | OCCS3v,4357,4333,background
GSE224335,GSM7019836_OCCS3v,GSE224335 | OCCS3v,4422,4218,background
GSE224335,GSM7019836_OCCS3v,GSE224335 | OCCS3v,4488,4332,background
GSE224335,GSM7019836_OCCS3v,GSE224335 | OCCS3v,4553,4217,background
GSE224335,GSM7019836_OCCS3v,GSE224335 | OCCS3v,4620,4331,background
GSE224335,GSM7019836_OCCS3v,GSE224335 | OCCS3v,4685,4217,background
GSE224335,GSM7019836_OCCS3v,GSE224335 | OCCS3v,4751,4331,background
GSE224335,GSM7019836_OCCS3v,GSE224335 | OCCS3v,4816,4216,background
GSE224335,GSM7019836_OCCS3v,GSE224335 | OCCS3v,4883,4330,background
GSE224335,GSM7019836_OCCS3v,GSE224335 | OCCS3v,4948,4215,background
GSE224335,GSM7019836_OCCS3v,GSE224335 | OCCS3v,5014,4329,background
GSE224335,GSM7019836_OCCS3v,GSE224335 | OCCS3v,5079,4214,background
GSE224335,GSM7019836_OCCS3v,GSE224335 | OCCS3v,5146,4328,background
GSE224335,GSM7019836_OCCS3v,GSE224335 | OCCS3v,5211,4214,background
GSE224335,GSM7019836_OCCS3v,GSE224335 | OCCS3v,5277,4328,background
GSE224335,GSM7019836_OCCS3v,GSE224335 | OCCS3v,5342,4213,background
GSE224335,GSM7019836_OCCS3v,GSE224335 | OCCS3v,5408,4327,background
GSE224335,GSM7019836_OCCS3v,GSE224335 | OCCS3v,5474,4212,background
GSE224335,GSM7019836_OCCS3v,GSE224335 | OCCS3v,5540,4326,background
GSE224335,GSM7019836_OCCS3v,GSE224335 | OCCS3v,5605,4212,background
GSE224335,GSM7019836_OCCS3v,GSE224335 | OCCS3v,5671,4326,background
GSE224335,GSM7019836_OCCS3v,GSE224335 | OCCS3v,5737,4211,background
GSE224335,GSM7019836_OCCS3v,GSE224335 | OCCS3v,5803,4325,background
GSE224335,GSM7019836_OCCS3v,GSE224335 | OCCS3v,5868,4210,background
GSE224335,GSM7019836_OCCS3v,GSE224335 | OCCS3v,5934,4324,background
GSE224335,GSM7019836_OCCS3v,GSE224335 | OCCS3v,5999,4209,background
GSE224335,GSM7019836_OCCS3v,GSE224335 | OCCS3v,6066,4323,background
GSE224335,GSM7019836_OCCS3v,GSE224335 | OCCS3v,6131,4209,background
GSE224335,GSM7019836_OCCS3v,GSE224335 | OCCS3v,6197,4323,background
GSE224335,GSM7019836_OCCS3v,GSE224335 | OCCS3v,6262,4208,background
GSE224335,GSM7019836_OCCS3v,GSE224335 | OCCS3v,6329,4322,background
GSE224335,GSM7019836_OCCS3v,GSE224335 | OCCS3v,6394,4207,background
GSE224335,GSM7019836_OCCS3v,GSE224335 | OCCS3v,6460,4321,background
GSE224335,GSM7019836_OCCS3v,GSE224335 | OCCS3v,6525,4206,background
GSE224335,GSM7019836_OCCS3v,GSE224335 | OCCS3v,6592,4320,background
GSE224335,GSM7019836_OCCS3v,GSE224335 | OCCS3v,6657,4206,background
GSE224335,GSM7019836_OCCS3v,GSE224335 | OCCS3v,6723,4320,background
GSE224335,GSM7019836_OCCS3v,GSE224335 | OCCS3v,6788,4205,background
GSE224335,GSM7019836_OCCS3v,GSE224335 | OCCS3v,6855,4319,background
GSE224335,GSM7019836_OCCS3v,GSE224335 | OCCS3v,6920,4204,background
GSE224335,GSM7019836_OCCS3v,GSE224335 | OCCS3v,6986,4318,background
GSE224335,GSM7019836_OCCS3v,GSE224335 | OCCS3v,7051,4203,background
GSE224335,GSM7019836_OCCS3v,GSE224335 | OCCS3v,7117,4317,background
GSE224335,GSM7019836_OCCS3v,GSE224335 | OCCS3v,7183,4203,background
GSE224335,GSM7019836_OCCS3v,GSE224335 | OCCS3v,7249,4317,background
GSE224335,GSM7019836_OCCS3v,GSE224335 | OCCS3v,7314,4202,background
GSE224335,GSM7019836_OCCS3v,GSE224335 | OCCS3v,7380,4316,background
GSE224335,GSM7019836_OCCS3v,GSE224335 | OCCS3v,7512,4315,background
GSE224335,GSM7019836_OCCS3v,GSE224335 | OCCS3v,7577,4201,background
GSE224335,GSM7019836_OCCS3v,GSE224335 | OCCS3v,7643,4315,background
GSE224335,GSM7019836_OCCS3v,GSE224335 | OCCS3v,7708,4200,background
GSE224335,GSM7019836_OCCS3v,GSE224335 | OCCS3v,7775,4314,background
GSE224335,GSM7019836_OCCS3v,GSE224335 | OCCS3v,7840,4199,background
GSE224335,GSM7019836_OCCS3v,GSE224335 | OCCS3v,2714,4456,background
GSE224335,GSM7019836_OCCS3v,GSE224335 | OCCS3v,2781,4570,background
GSE224335,GSM7019836_OCCS3v,GSE224335 | OCCS3v,2846,4456,background
GSE224335,GSM7019836_OCCS3v,GSE224335 | OCCS3v,2912,4570,background
GSE224335,GSM7019836_OCCS3v,GSE224335 | OCCS3v,2977,4455,background
GSE224335,GSM7019836_OCCS3v,GSE224335 | OCCS3v,3044,4569,background
GSE224335,GSM7019836_OCCS3v,GSE224335 | OCCS3v,3109,4454,background
GSE224335,GSM7019836_OCCS3v,GSE224335 | OCCS3v,3175,4568,background
GSE224335,GSM7019836_OCCS3v,GSE224335 | OCCS3v,3240,4453,background
GSE224335,GSM7019836_OCCS3v,GSE224335 | OCCS3v,3306,4567,background
GSE224335,GSM7019836_OCCS3v,GSE224335 | OCCS3v,3372,4453,background
GSE224335,GSM7019836_OCCS3v,GSE224335 | OCCS3v,3438,4567,background
GSE224335,GSM7019836_OCCS3v,GSE224335 | OCCS3v,3503,4452,background
GSE224335,GSM7019836_OCCS3v,GSE224335 | OCCS3v,3569,4566,background
GSE224335,GSM7019836_OCCS3v,GSE224335 | OCCS3v,3634,4451,background
GSE224335,GSM7019836_OCCS3v,GSE224335 | OCCS3v,3701,4565,background
GSE224335,GSM7019836_OCCS3v,GSE224335 | OCCS3v,3766,4451,background
GSE224335,GSM7019836_OCCS3v,GSE224335 | OCCS3v,3832,4565,background
GSE224335,GSM7019836_OCCS3v,GSE224335 | OCCS3v,3897,4450,background
GSE224335,GSM7019836_OCCS3v,GSE224335 | OCCS3v,3964,4564,background
GSE224335,GSM7019836_OCCS3v,GSE224335 | OCCS3v,4029,4449,background
GSE224335,GSM7019836_OCCS3v,GSE224335 | OCCS3v,4095,4563,background
GSE224335,GSM7019836_OCCS3v,GSE224335 | OCCS3v,4160,4448,background
GSE224335,GSM7019836_OCCS3v,GSE224335 | OCCS3v,4227,4562,background
GSE224335,GSM7019836_OCCS3v,GSE224335 | OCCS3v,4292,4448,background
GSE224335,GSM7019836_OCCS3v,GSE224335 | OCCS3v,4358,4562,background
GSE224335,GSM7019836_OCCS3v,GSE224335 | OCCS3v,4423,4447,background
GSE224335,GSM7019836_OCCS3v,GSE224335 | OCCS3v,4490,4561,background
GSE224335,GSM7019836_OCCS3v,GSE224335 | OCCS3v,4555,4446,background
GSE224335,GSM7019836_OCCS3v,GSE224335 | OCCS3v,4621,4560,background
GSE224335,GSM7019836_OCCS3v,GSE224335 | OCCS3v,4686,4445,background
GSE224335,GSM7019836_OCCS3v,GSE224335 | OCCS3v,4752,4559,background
GSE224335,GSM7019836_OCCS3v,GSE224335 | OCCS3v,4818,4445,background
GSE224335,GSM7019836_OCCS3v,GSE224335 | OCCS3v,4884,4559,background
GSE224335,GSM7019836_OCCS3v,GSE224335 | OCCS3v,4949,4444,background
GSE224335,GSM7019836_OCCS3v,GSE224335 | OCCS3v,5015,4558,background
GSE224335,GSM7019836_OCCS3v,GSE224335 | OCCS3v,5080,4443,background
GSE224335,GSM7019836_OCCS3v,GSE224335 | OCCS3v,5147,4557,background
GSE224335,GSM7019836_OCCS3v,GSE224335 | OCCS3v,5212,4442,background
GSE224335,GSM7019836_OCCS3v,GSE224335 | OCCS3v,5278,4556,background
GSE224335,GSM7019836_OCCS3v,GSE224335 | OCCS3v,5343,4442,background
GSE224335,GSM7019836_OCCS3v,GSE224335 | OCCS3v,5410,4556,background
GSE224335,GSM7019836_OCCS3v,GSE224335 | OCCS3v,5475,4441,background
GSE224335,GSM7019836_OCCS3v,GSE224335 | OCCS3v,5541,4555,background
GSE224335,GSM7019836_OCCS3v,GSE224335 | OCCS3v,5606,4440,background
GSE224335,GSM7019836_OCCS3v,GSE224335 | OCCS3v,5673,4554,background
GSE224335,GSM7019836_OCCS3v,GSE224335 | OCCS3v,5738,4440,background
GSE224335,GSM7019836_OCCS3v,GSE224335 | OCCS3v,5804,4554,background
GSE224335,GSM7019836_OCCS3v,GSE224335 | OCCS3v,5869,4439,background
GSE224335,GSM7019836_OCCS3v,GSE224335 | OCCS3v,5936,4553,background
GSE224335,GSM7019836_OCCS3v,GSE224335 | OCCS3v,6001,4438,background
GSE224335,GSM7019836_OCCS3v,GSE224335 | OCCS3v,6067,4552,background
GSE224335,GSM7019836_OCCS3v,GSE224335 | OCCS3v,6132,4437,background
GSE224335,GSM7019836_OCCS3v,GSE224335 | OCCS3v,6199,4551,background
GSE224335,GSM7019836_OCCS3v,GSE224335 | OCCS3v,6264,4437,background
GSE224335,GSM7019836_OCCS3v,GSE224335 | OCCS3v,6330,4551,background
GSE224335,GSM7019836_OCCS3v,GSE224335 | OCCS3v,6395,4436,background
GSE224335,GSM7019836_OCCS3v,GSE224335 | OCCS3v,6461,4550,background
GSE224335,GSM7019836_OCCS3v,GSE224335 | OCCS3v,6527,4435,background
GSE224335,GSM7019836_OCCS3v,GSE224335 | OCCS3v,6593,4549,background
GSE224335,GSM7019836_OCCS3v,GSE224335 | OCCS3v,6658,4434,background
GSE224335,GSM7019836_OCCS3v,GSE224335 | OCCS3v,6724,4548,background
GSE224335,GSM7019836_OCCS3v,GSE224335 | OCCS3v,6789,4434,background
GSE224335,GSM7019836_OCCS3v,GSE224335 | OCCS3v,6856,4548,background
GSE224335,GSM7019836_OCCS3v,GSE224335 | OCCS3v,6921,4433,background
GSE224335,GSM7019836_OCCS3v,GSE224335 | OCCS3v,6987,4547,background
GSE224335,GSM7019836_OCCS3v,GSE224335 | OCCS3v,7052,4432,background
GSE224335,GSM7019836_OCCS3v,GSE224335 | OCCS3v,7119,4546,background
GSE224335,GSM7019836_OCCS3v,GSE224335 | OCCS3v,7184,4431,background
GSE224335,GSM7019836_OCCS3v,GSE224335 | OCCS3v,7250,4545,background
GSE224335,GSM7019836_OCCS3v,GSE224335 | OCCS3v,7315,4431,background
GSE224335,GSM7019836_OCCS3v,GSE224335 | OCCS3v,7382,4545,background
GSE224335,GSM7019836_OCCS3v,GSE224335 | OCCS3v,7447,4430,background
GSE224335,GSM7019836_OCCS3v,GSE224335 | OCCS3v,7513,4544,background
GSE224335,GSM7019836_OCCS3v,GSE224335 | OCCS3v,7578,4429,background
GSE224335,GSM7019836_OCCS3v,GSE224335 | OCCS3v,7645,4543,background
GSE224335,GSM7019836_OCCS3v,GSE224335 | OCCS3v,7710,4429,background
GSE224335,GSM7019836_OCCS3v,GSE224335 | OCCS3v,7776,4543,background
GSE224335,GSM7019836_OCCS3v,GSE224335 | OCCS3v,7841,4428,background
GSE224335,GSM7019836_OCCS3v,GSE224335 | OCCS3v,2782,4799,background
GSE224335,GSM7019836_OCCS3v,GSE224335 | OCCS3v,2847,4684,background
GSE224335,GSM7019836_OCCS3v,GSE224335 | OCCS3v,2913,4798,background
GSE224335,GSM7019836_OCCS3v,GSE224335 | OCCS3v,2978,4684,background
GSE224335,GSM7019836_OCCS3v,GSE224335 | OCCS3v,3045,4798,background
GSE224335,GSM7019836_OCCS3v,GSE224335 | OCCS3v,3110,4683,background
GSE224335,GSM7019836_OCCS3v,GSE224335 | OCCS3v,3176,4797,background
GSE224335,GSM7019836_OCCS3v,GSE224335 | OCCS3v,3241,4682,background
GSE224335,GSM7019836_OCCS3v,GSE224335 | OCCS3v,3308,4796,background
GSE224335,GSM7019836_OCCS3v,GSE224335 | OCCS3v,3373,4681,background
GSE224335,GSM7019836_OCCS3v,GSE224335 | OCCS3v,3439,4795,background
GSE224335,GSM7019836_OCCS3v,GSE224335 | OCCS3v,3504,4681,background
GSE224335,GSM7019836_OCCS3v,GSE224335 | OCCS3v,3571,4795,background
GSE224335,GSM7019836_OCCS3v,GSE224335 | OCCS3v,3636,4680,background
GSE224335,GSM7019836_OCCS3v,GSE224335 | OCCS3v,3702,4794,background
GSE224335,GSM7019836_OCCS3v,GSE224335 | OCCS3v,3767,4679,background
GSE224335,GSM7019836_OCCS3v,GSE224335 | OCCS3v,3834,4793,background
GSE224335,GSM7019836_OCCS3v,GSE224335 | OCCS3v,3899,4679,background
GSE224335,GSM7019836_OCCS3v,GSE224335 | OCCS3v,3965,4793,background
GSE224335,GSM7019836_OCCS3v,GSE224335 | OCCS3v,4030,4678,background
GSE224335,GSM7019836_OCCS3v,GSE224335 | OCCS3v,4096,4792,background
GSE224335,GSM7019836_OCCS3v,GSE224335 | OCCS3v,4162,4677,background
GSE224335,GSM7019836_OCCS3v,GSE224335 | OCCS3v,4228,4791,background
GSE224335,GSM7019836_OCCS3v,GSE224335 | OCCS3v,4293,4676,background
GSE224335,GSM7019836_OCCS3v,GSE224335 | OCCS3v,4359,4790,background
GSE224335,GSM7019836_OCCS3v,GSE224335 | OCCS3v,4424,4676,background
GSE224335,GSM7019836_OCCS3v,GSE224335 | OCCS3v,4491,4790,background
GSE224335,GSM7019836_OCCS3v,GSE224335 | OCCS3v,4556,4675,background
GSE224335,GSM7019836_OCCS3v,GSE224335 | OCCS3v,4622,4789,background
GSE224335,GSM7019836_OCCS3v,GSE224335 | OCCS3v,4687,4674,background
GSE224335,GSM7019836_OCCS3v,GSE224335 | OCCS3v,4754,4788,background
GSE224335,GSM7019836_OCCS3v,GSE224335 | OCCS3v,4819,4673,background
GSE224335,GSM7019836_OCCS3v,GSE224335 | OCCS3v,4885,4787,background
GSE224335,GSM7019836_OCCS3v,GSE224335 | OCCS3v,4950,4673,background
GSE224335,GSM7019836_OCCS3v,GSE224335 | OCCS3v,5017,4787,background
GSE224335,GSM7019836_OCCS3v,GSE224335 | OCCS3v,5082,4672,background
GSE224335,GSM7019836_OCCS3v,GSE224335 | OCCS3v,5148,4786,background
GSE224335,GSM7019836_OCCS3v,GSE224335 | OCCS3v,5213,4671,background
GSE224335,GSM7019836_OCCS3v,GSE224335 | OCCS3v,5280,4785,background
GSE224335,GSM7019836_OCCS3v,GSE224335 | OCCS3v,5345,4670,background
GSE224335,GSM7019836_OCCS3v,GSE224335 | OCCS3v,5411,4784,background
GSE224335,GSM7019836_OCCS3v,GSE224335 | OCCS3v,5476,4670,background
GSE224335,GSM7019836_OCCS3v,GSE224335 | OCCS3v,5543,4784,background
GSE224335,GSM7019836_OCCS3v,GSE224335 | OCCS3v,5608,4669,background
GSE224335,GSM7019836_OCCS3v,GSE224335 | OCCS3v,5674,4783,background
GSE224335,GSM7019836_OCCS3v,GSE224335 | OCCS3v,5739,4668,background
GSE224335,GSM7019836_OCCS3v,GSE224335 | OCCS3v,5805,4782,background
GSE224335,GSM7019836_OCCS3v,GSE224335 | OCCS3v,5871,4668,background
GSE224335,GSM7019836_OCCS3v,GSE224335 | OCCS3v,5937,4782,background
GSE224335,GSM7019836_OCCS3v,GSE224335 | OCCS3v,6002,4667,background
GSE224335,GSM7019836_OCCS3v,GSE224335 | OCCS3v,6068,4781,background
GSE224335,GSM7019836_OCCS3v,GSE224335 | OCCS3v,6133,4666,background
GSE224335,GSM7019836_OCCS3v,GSE224335 | OCCS3v,6200,4780,background
GSE224335,GSM7019836_OCCS3v,GSE224335 | OCCS3v,6265,4665,background
GSE224335,GSM7019836_OCCS3v,GSE224335 | OCCS3v,6331,4779,background
GSE224335,GSM7019836_OCCS3v,GSE224335 | OCCS3v,6396,4665,background
GSE224335,GSM7019836_OCCS3v,GSE224335 | OCCS3v,6463,4779,background
GSE224335,GSM7019836_OCCS3v,GSE224335 | OCCS3v,6528,4664,background
GSE224335,GSM7019836_OCCS3v,GSE224335 | OCCS3v,6594,4778,background
GSE224335,GSM7019836_OCCS3v,GSE224335 | OCCS3v,6659,4663,background
GSE224335,GSM7019836_OCCS3v,GSE224335 | OCCS3v,6726,4777,background
GSE224335,GSM7019836_OCCS3v,GSE224335 | OCCS3v,6791,4662,background
GSE224335,GSM7019836_OCCS3v,GSE224335 | OCCS3v,6857,4776,background
GSE224335,GSM7019836_OCCS3v,GSE224335 | OCCS3v,6922,4662,background
GSE224335,GSM7019836_OCCS3v,GSE224335 | OCCS3v,6989,4776,background
GSE224335,GSM7019836_OCCS3v,GSE224335 | OCCS3v,7054,4661,background
GSE224335,GSM7019836_OCCS3v,GSE224335 | OCCS3v,7120,4775,background
GSE224335,GSM7019836_OCCS3v,GSE224335 | OCCS3v,7185,4660,background
GSE224335,GSM7019836_OCCS3v,GSE224335 | OCCS3v,7251,4774,background
GSE224335,GSM7019836_OCCS3v,GSE224335 | OCCS3v,7317,4659,background
GSE224335,GSM7019836_OCCS3v,GSE224335 | OCCS3v,7383,4773,background
GSE224335,GSM7019836_OCCS3v,GSE224335 | OCCS3v,7448,4659,background
GSE224335,GSM7019836_OCCS3v,GSE224335 | OCCS3v,7514,4773,background
GSE224335,GSM7019836_OCCS3v,GSE224335 | OCCS3v,7579,4658,background
GSE224335,GSM7019836_OCCS3v,GSE224335 | OCCS3v,7646,4772,background
GSE224335,GSM7019836_OCCS3v,GSE224335 | OCCS3v,7711,4657,background
GSE224335,GSM7019836_OCCS3v,GSE224335 | OCCS3v,7777,4771,background
GSE224335,GSM7019836_OCCS3v,GSE224335 | OCCS3v,2980,4912,background
GSE224335,GSM7019836_OCCS3v,GSE224335 | OCCS3v,3111,4912,background
GSE224335,GSM7019836_OCCS3v,GSE224335 | OCCS3v,3178,5026,background
GSE224335,GSM7019836_OCCS3v,GSE224335 | OCCS3v,3243,4911,background
GSE224335,GSM7019836_OCCS3v,GSE224335 | OCCS3v,3309,5025,background
GSE224335,GSM7019836_OCCS3v,GSE224335 | OCCS3v,3374,4910,background
GSE224335,GSM7019836_OCCS3v,GSE224335 | OCCS3v,3440,5024,background
GSE224335,GSM7019836_OCCS3v,GSE224335 | OCCS3v,3506,4909,background
GSE224335,GSM7019836_OCCS3v,GSE224335 | OCCS3v,3572,5023,background
GSE224335,GSM7019836_OCCS3v,GSE224335 | OCCS3v,3637,4909,background
GSE224335,GSM7019836_OCCS3v,GSE224335 | OCCS3v,3703,5023,background
GSE224335,GSM7019836_OCCS3v,GSE224335 | OCCS3v,3768,4908,background
GSE224335,GSM7019836_OCCS3v,GSE224335 | OCCS3v,3835,5022,background
GSE224335,GSM7019836_OCCS3v,GSE224335 | OCCS3v,3900,4907,background
GSE224335,GSM7019836_OCCS3v,GSE224335 | OCCS3v,3966,5021,background
GSE224335,GSM7019836_OCCS3v,GSE224335 | OCCS3v,4031,4907,background
GSE224335,GSM7019836_OCCS3v,GSE224335 | OCCS3v,4098,5021,background
GSE224335,GSM7019836_OCCS3v,GSE224335 | OCCS3v,4163,4906,background
GSE224335,GSM7019836_OCCS3v,GSE224335 | OCCS3v,4229,5020,background
GSE224335,GSM7019836_OCCS3v,GSE224335 | OCCS3v,4294,4905,background
GSE224335,GSM7019836_OCCS3v,GSE224335 | OCCS3v,4361,5019,background
GSE224335,GSM7019836_OCCS3v,GSE224335 | OCCS3v,4426,4904,background
GSE224335,GSM7019836_OCCS3v,GSE224335 | OCCS3v,4492,5018,background
GSE224335,GSM7019836_OCCS3v,GSE224335 | OCCS3v,4557,4904,background
GSE224335,GSM7019836_OCCS3v,GSE224335 | OCCS3v,4624,5018,background
GSE224335,GSM7019836_OCCS3v,GSE224335 | OCCS3v,4689,4903,background
GSE224335,GSM7019836_OCCS3v,GSE224335 | OCCS3v,4755,5017,background
GSE224335,GSM7019836_OCCS3v,GSE224335 | OCCS3v,4820,4902,background
GSE224335,GSM7019836_OCCS3v,GSE224335 | OCCS3v,4886,5016,background
GSE224335,GSM7019836_OCCS3v,GSE224335 | OCCS3v,4952,4901,background
GSE224335,GSM7019836_OCCS3v,GSE224335 | OCCS3v,5018,5015,background
GSE224335,GSM7019836_OCCS3v,GSE224335 | OCCS3v,5083,4901,background
GSE224335,GSM7019836_OCCS3v,GSE224335 | OCCS3v,5149,5015,background
GSE224335,GSM7019836_OCCS3v,GSE224335 | OCCS3v,5214,4900,background
GSE224335,GSM7019836_OCCS3v,GSE224335 | OCCS3v,5281,5014,background
GSE224335,GSM7019836_OCCS3v,GSE224335 | OCCS3v,5346,4899,background
GSE224335,GSM7019836_OCCS3v,GSE224335 | OCCS3v,5412,5013,background
GSE224335,GSM7019836_OCCS3v,GSE224335 | OCCS3v,5477,4898,background
GSE224335,GSM7019836_OCCS3v,GSE224335 | OCCS3v,5544,5012,background
GSE224335,GSM7019836_OCCS3v,GSE224335 | OCCS3v,5609,4898,background
GSE224335,GSM7019836_OCCS3v,GSE224335 | OCCS3v,5675,5012,background
GSE224335,GSM7019836_OCCS3v,GSE224335 | OCCS3v,5740,4897,background
GSE224335,GSM7019836_OCCS3v,GSE224335 | OCCS3v,5807,5011,background
GSE224335,GSM7019836_OCCS3v,GSE224335 | OCCS3v,5872,4896,background
GSE224335,GSM7019836_OCCS3v,GSE224335 | OCCS3v,5938,5010,background
GSE224335,GSM7019836_OCCS3v,GSE224335 | OCCS3v,6003,4896,background
GSE224335,GSM7019836_OCCS3v,GSE224335 | OCCS3v,6070,5010,background
GSE224335,GSM7019836_OCCS3v,GSE224335 | OCCS3v,6135,4895,background
GSE224335,GSM7019836_OCCS3v,GSE224335 | OCCS3v,6201,5009,background
GSE224335,GSM7019836_OCCS3v,GSE224335 | OCCS3v,6266,4894,background
GSE224335,GSM7019836_OCCS3v,GSE224335 | OCCS3v,6333,5008,background
GSE224335,GSM7019836_OCCS3v,GSE224335 | OCCS3v,6398,4893,background
GSE224335,GSM7019836_OCCS3v,GSE224335 | OCCS3v,6464,5007,background
GSE224335,GSM7019836_OCCS3v,GSE224335 | OCCS3v,6529,4893,background
GSE224335,GSM7019836_OCCS3v,GSE224335 | OCCS3v,6595,5007,background
GSE224335,GSM7019836_OCCS3v,GSE224335 | OCCS3v,6661,4892,background
GSE224335,GSM7019836_OCCS3v,GSE224335 | OCCS3v,6727,5006,background
GSE224335,GSM7019836_OCCS3v,GSE224335 | OCCS3v,6792,4891,background
GSE224335,GSM7019836_OCCS3v,GSE224335 | OCCS3v,6858,5005,background
GSE224335,GSM7019836_OCCS3v,GSE224335 | OCCS3v,6923,4890,background
GSE224335,GSM7019836_OCCS3v,GSE224335 | OCCS3v,6990,5004,background
GSE224335,GSM7019836_OCCS3v,GSE224335 | OCCS3v,7055,4890,background
GSE224335,GSM7019836_OCCS3v,GSE224335 | OCCS3v,7121,5004,background
GSE224335,GSM7019836_OCCS3v,GSE224335 | OCCS3v,7186,4889,background
GSE224335,GSM7019836_OCCS3v,GSE224335 | OCCS3v,7253,5003,background
GSE224335,GSM7019836_OCCS3v,GSE224335 | OCCS3v,7318,4888,background
GSE224335,GSM7019836_OCCS3v,GSE224335 | OCCS3v,7384,5002,background
GSE224335,GSM7019836_OCCS3v,GSE224335 | OCCS3v,7449,4887,background
GSE224335,GSM7019836_OCCS3v,GSE224335 | OCCS3v,7516,5001,background
GSE224335,GSM7019836_OCCS3v,GSE224335 | OCCS3v,7581,4887,background
GSE224335,GSM7019836_OCCS3v,GSE224335 | OCCS3v,7647,5001,background
GSE224335,GSM7019836_OCCS3v,GSE224335 | OCCS3v,7712,4886,background
GSE224335,GSM7019836_OCCS3v,GSE224335 | OCCS3v,7779,5000,background
GSE224335,GSM7019836_OCCS3v,GSE224335 | OCCS3v,7844,4885,background
GSE224335,GSM7019836_OCCS3v,GSE224335 | OCCS3v,3375,5139,background
GSE224335,GSM7019836_OCCS3v,GSE224335 | OCCS3v,3442,5253,background
GSE224335,GSM7019836_OCCS3v,GSE224335 | OCCS3v,3507,5138,background
GSE224335,GSM7019836_OCCS3v,GSE224335 | OCCS3v,3573,5252,background
GSE224335,GSM7019836_OCCS3v,GSE224335 | OCCS3v,3638,5137,background
GSE224335,GSM7019836_OCCS3v,GSE224335 | OCCS3v,3705,5251,background
GSE224335,GSM7019836_OCCS3v,GSE224335 | OCCS3v,3770,5137,background
GSE224335,GSM7019836_OCCS3v,GSE224335 | OCCS3v,3836,5251,background
GSE224335,GSM7019836_OCCS3v,GSE224335 | OCCS3v,3901,5136,background
GSE224335,GSM7019836_OCCS3v,GSE224335 | OCCS3v,3968,5250,background
GSE224335,GSM7019836_OCCS3v,GSE224335 | OCCS3v,4033,5135,background
GSE224335,GSM7019836_OCCS3v,GSE224335 | OCCS3v,4099,5249,background
GSE224335,GSM7019836_OCCS3v,GSE224335 | OCCS3v,4164,5135,background
GSE224335,GSM7019836_OCCS3v,GSE224335 | OCCS3v,4230,5249,background
GSE224335,GSM7019836_OCCS3v,GSE224335 | OCCS3v,4296,5134,background
GSE224335,GSM7019836_OCCS3v,GSE224335 | OCCS3v,4362,5248,background
GSE224335,GSM7019836_OCCS3v,GSE224335 | OCCS3v,4427,5133,background
GSE224335,GSM7019836_OCCS3v,GSE224335 | OCCS3v,4493,5247,background
GSE224335,GSM7019836_OCCS3v,GSE224335 | OCCS3v,4558,5132,background
GSE224335,GSM7019836_OCCS3v,GSE224335 | OCCS3v,4625,5246,background
GSE224335,GSM7019836_OCCS3v,GSE224335 | OCCS3v,4690,5132,background
GSE224335,GSM7019836_OCCS3v,GSE224335 | OCCS3v,4756,5246,background
GSE224335,GSM7019836_OCCS3v,GSE224335 | OCCS3v,4821,5131,background
GSE224335,GSM7019836_OCCS3v,GSE224335 | OCCS3v,4888,5245,background
GSE224335,GSM7019836_OCCS3v,GSE224335 | OCCS3v,4953,5130,background
GSE224335,GSM7019836_OCCS3v,GSE224335 | OCCS3v,5019,5244,background
GSE224335,GSM7019836_OCCS3v,GSE224335 | OCCS3v,5084,5129,background
GSE224335,GSM7019836_OCCS3v,GSE224335 | OCCS3v,5151,5243,background
GSE224335,GSM7019836_OCCS3v,GSE224335 | OCCS3v,5216,5129,background
GSE224335,GSM7019836_OCCS3v,GSE224335 | OCCS3v,5282,5243,background
GSE224335,GSM7019836_OCCS3v,GSE224335 | OCCS3v,5347,5128,background
GSE224335,GSM7019836_OCCS3v,GSE224335 | OCCS3v,5414,5242,background
GSE224335,GSM7019836_OCCS3v,GSE224335 | OCCS3v,5479,5127,background
GSE224335,GSM7019836_OCCS3v,GSE224335 | OCCS3v,5545,5241,background
GSE224335,GSM7019836_OCCS3v,GSE224335 | OCCS3v,5610,5126,background
GSE224335,GSM7019836_OCCS3v,GSE224335 | OCCS3v,5677,5240,background
GSE224335,GSM7019836_OCCS3v,GSE224335 | OCCS3v,5742,5126,background
GSE224335,GSM7019836_OCCS3v,GSE224335 | OCCS3v,5808,5240,background
GSE224335,GSM7019836_OCCS3v,GSE224335 | OCCS3v,5873,5125,background
GSE224335,GSM7019836_OCCS3v,GSE224335 | OCCS3v,5939,5239,background
GSE224335,GSM7019836_OCCS3v,GSE224335 | OCCS3v,6005,5124,background
GSE224335,GSM7019836_OCCS3v,GSE224335 | OCCS3v,6071,5238,background
GSE224335,GSM7019836_OCCS3v,GSE224335 | OCCS3v,6136,5124,background
GSE224335,GSM7019836_OCCS3v,GSE224335 | OCCS3v,6202,5238,background
GSE224335,GSM7019836_OCCS3v,GSE224335 | OCCS3v,6267,5123,background
GSE224335,GSM7019836_OCCS3v,GSE224335 | OCCS3v,6334,5237,background
GSE224335,GSM7019836_OCCS3v,GSE224335 | OCCS3v,6399,5122,background
GSE224335,GSM7019836_OCCS3v,GSE224335 | OCCS3v,6465,5236,background
GSE224335,GSM7019836_OCCS3v,GSE224335 | OCCS3v,6530,5121,background
GSE224335,GSM7019836_OCCS3v,GSE224335 | OCCS3v,6597,5235,background
GSE224335,GSM7019836_OCCS3v,GSE224335 | OCCS3v,6662,5121,background
GSE224335,GSM7019836_OCCS3v,GSE224335 | OCCS3v,6728,5235,background
GSE224335,GSM7019836_OCCS3v,GSE224335 | OCCS3v,6793,5120,background
GSE224335,GSM7019836_OCCS3v,GSE224335 | OCCS3v,6860,5234,background
GSE224335,GSM7019836_OCCS3v,GSE224335 | OCCS3v,6925,5119,background
GSE224335,GSM7019836_OCCS3v,GSE224335 | OCCS3v,6991,5233,background
GSE224335,GSM7019836_OCCS3v,GSE224335 | OCCS3v,7056,5118,background
GSE224335,GSM7019836_OCCS3v,GSE224335 | OCCS3v,7123,5232,background
GSE224335,GSM7019836_OCCS3v,GSE224335 | OCCS3v,7188,5118,background
GSE224335,GSM7019836_OCCS3v,GSE224335 | OCCS3v,7254,5232,background
GSE224335,GSM7019836_OCCS3v,GSE224335 | OCCS3v,7319,5117,background
GSE224335,GSM7019836_OCCS3v,GSE224335 | OCCS3v,7385,5231,background
GSE224335,GSM7019836_OCCS3v,GSE224335 | OCCS3v,7451,5116,background
GSE224335,GSM7019836_OCCS3v,GSE224335 | OCCS3v,7517,5230,background
GSE224335,GSM7019836_OCCS3v,GSE224335 | OCCS3v,7582,5115,background
GSE224335,GSM7019836_OCCS3v,GSE224335 | OCCS3v,7648,5229,background
GSE224335,GSM7019836_OCCS3v,GSE224335 | OCCS3v,7713,5115,background
GSE224335,GSM7019836_OCCS3v,GSE224335 | OCCS3v,7780,5229,background
GSE224335,GSM7019836_OCCS3v,GSE224335 | OCCS3v,7845,5114,background
GSE224335,GSM7019836_OCCS3v,GSE224335 | OCCS3v,3640,5366,background
GSE224335,GSM7019836_OCCS3v,GSE224335 | OCCS3v,3771,5365,background
GSE224335,GSM7019836_OCCS3v,GSE224335 | OCCS3v,3902,5365,background
GSE224335,GSM7019836_OCCS3v,GSE224335 | OCCS3v,3969,5479,background
GSE224335,GSM7019836_OCCS3v,GSE224335 | OCCS3v,4034,5364,background
GSE224335,GSM7019836_OCCS3v,GSE224335 | OCCS3v,4100,5478,background
GSE224335,GSM7019836_OCCS3v,GSE224335 | OCCS3v,4165,5363,background
GSE224335,GSM7019836_OCCS3v,GSE224335 | OCCS3v,4232,5477,background
GSE224335,GSM7019836_OCCS3v,GSE224335 | OCCS3v,4297,5363,background
GSE224335,GSM7019836_OCCS3v,GSE224335 | OCCS3v,4363,5477,background
GSE224335,GSM7019836_OCCS3v,GSE224335 | OCCS3v,4428,5362,background
GSE224335,GSM7019836_OCCS3v,GSE224335 | OCCS3v,4495,5476,background
GSE224335,GSM7019836_OCCS3v,GSE224335 | OCCS3v,4560,5361,background
GSE224335,GSM7019836_OCCS3v,GSE224335 | OCCS3v,4626,5475,background
GSE224335,GSM7019836_OCCS3v,GSE224335 | OCCS3v,4691,5360,background
GSE224335,GSM7019836_OCCS3v,GSE224335 | OCCS3v,4758,5474,background
GSE224335,GSM7019836_OCCS3v,GSE224335 | OCCS3v,4823,5360,background
GSE224335,GSM7019836_OCCS3v,GSE224335 | OCCS3v,4889,5474,background
GSE224335,GSM7019836_OCCS3v,GSE224335 | OCCS3v,4954,5359,background
GSE224335,GSM7019836_OCCS3v,GSE224335 | OCCS3v,5020,5473,background
GSE224335,GSM7019836_OCCS3v,GSE224335 | OCCS3v,5086,5358,background
GSE224335,GSM7019836_OCCS3v,GSE224335 | OCCS3v,5152,5472,background
GSE224335,GSM7019836_OCCS3v,GSE224335 | OCCS3v,5217,5357,background
GSE224335,GSM7019836_OCCS3v,GSE224335 | OCCS3v,5283,5471,background
GSE224335,GSM7019836_OCCS3v,GSE224335 | OCCS3v,5349,5357,background
GSE224335,GSM7019836_OCCS3v,GSE224335 | OCCS3v,5415,5471,background
GSE224335,GSM7019836_OCCS3v,GSE224335 | OCCS3v,5480,5356,background
GSE224335,GSM7019836_OCCS3v,GSE224335 | OCCS3v,5546,5470,background
GSE224335,GSM7019836_OCCS3v,GSE224335 | OCCS3v,5611,5355,background
GSE224335,GSM7019836_OCCS3v,GSE224335 | OCCS3v,5678,5469,background
GSE224335,GSM7019836_OCCS3v,GSE224335 | OCCS3v,5743,5354,background
GSE224335,GSM7019836_OCCS3v,GSE224335 | OCCS3v,5809,5468,background
GSE224335,GSM7019836_OCCS3v,GSE224335 | OCCS3v,5874,5354,background
GSE224335,GSM7019836_OCCS3v,GSE224335 | OCCS3v,5941,5468,background
GSE224335,GSM7019836_OCCS3v,GSE224335 | OCCS3v,6006,5353,background
GSE224335,GSM7019836_OCCS3v,GSE224335 | OCCS3v,6072,5467,background
GSE224335,GSM7019836_OCCS3v,GSE224335 | OCCS3v,6137,5352,background
GSE224335,GSM7019836_OCCS3v,GSE224335 | OCCS3v,6204,5466,background
GSE224335,GSM7019836_OCCS3v,GSE224335 | OCCS3v,6269,5352,background
GSE224335,GSM7019836_OCCS3v,GSE224335 | OCCS3v,6335,5466,background
GSE224335,GSM7019836_OCCS3v,GSE224335 | OCCS3v,6400,5351,background
GSE224335,GSM7019836_OCCS3v,GSE224335 | OCCS3v,6467,5465,background
GSE224335,GSM7019836_OCCS3v,GSE224335 | OCCS3v,6532,5350,background
GSE224335,GSM7019836_OCCS3v,GSE224335 | OCCS3v,6598,5464,background
GSE224335,GSM7019836_OCCS3v,GSE224335 | OCCS3v,6663,5349,background
GSE224335,GSM7019836_OCCS3v,GSE224335 | OCCS3v,6729,5463,background
GSE224335,GSM7019836_OCCS3v,GSE224335 | OCCS3v,6795,5349,background
GSE224335,GSM7019836_OCCS3v,GSE224335 | OCCS3v,6861,5463,background
GSE224335,GSM7019836_OCCS3v,GSE224335 | OCCS3v,6926,5348,background
GSE224335,GSM7019836_OCCS3v,GSE224335 | OCCS3v,6992,5462,background
GSE224335,GSM7019836_OCCS3v,GSE224335 | OCCS3v,7057,5347,background
GSE224335,GSM7019836_OCCS3v,GSE224335 | OCCS3v,7124,5461,background
GSE224335,GSM7019836_OCCS3v,GSE224335 | OCCS3v,7189,5346,background
GSE224335,GSM7019836_OCCS3v,GSE224335 | OCCS3v,7255,5460,background
GSE224335,GSM7019836_OCCS3v,GSE224335 | OCCS3v,7320,5346,background
GSE224335,GSM7019836_OCCS3v,GSE224335 | OCCS3v,7387,5460,background
GSE224335,GSM7019836_OCCS3v,GSE224335 | OCCS3v,7452,5345,background
GSE224335,GSM7019836_OCCS3v,GSE224335 | OCCS3v,7518,5459,background
GSE224335,GSM7019836_OCCS3v,GSE224335 | OCCS3v,7583,5344,background
GSE224335,GSM7019836_OCCS3v,GSE224335 | OCCS3v,7650,5458,background
GSE224335,GSM7019836_OCCS3v,GSE224335 | OCCS3v,7715,5343,background
GSE224335,GSM7019836_OCCS3v,GSE224335 | OCCS3v,4035,5593,background
GSE224335,GSM7019836_OCCS3v,GSE224335 | OCCS3v,4167,5592,background
GSE224335,GSM7019836_OCCS3v,GSE224335 | OCCS3v,4298,5591,background
GSE224335,GSM7019836_OCCS3v,GSE224335 | OCCS3v,4364,5705,background
GSE224335,GSM7019836_OCCS3v,GSE224335 | OCCS3v,4430,5591,background
GSE224335,GSM7019836_OCCS3v,GSE224335 | OCCS3v,4496,5705,background
GSE224335,GSM7019836_OCCS3v,GSE224335 | OCCS3v,4561,5590,background
GSE224335,GSM7019836_OCCS3v,GSE224335 | OCCS3v,4627,5704,background
GSE224335,GSM7019836_OCCS3v,GSE224335 | OCCS3v,4692,5589,background
GSE224335,GSM7019836_OCCS3v,GSE224335 | OCCS3v,4759,5703,background
GSE224335,GSM7019836_OCCS3v,GSE224335 | OCCS3v,4824,5588,background
GSE224335,GSM7019836_OCCS3v,GSE224335 | OCCS3v,4890,5702,background
GSE224335,GSM7019836_OCCS3v,GSE224335 | OCCS3v,4955,5588,background
GSE224335,GSM7019836_OCCS3v,GSE224335 | OCCS3v,5022,5702,background
GSE224335,GSM7019836_OCCS3v,GSE224335 | OCCS3v,5087,5587,background
GSE224335,GSM7019836_OCCS3v,GSE224335 | OCCS3v,5153,5701,background
GSE224335,GSM7019836_OCCS3v,GSE224335 | OCCS3v,5218,5586,background
GSE224335,GSM7019836_OCCS3v,GSE224335 | OCCS3v,5285,5700,background
GSE224335,GSM7019836_OCCS3v,GSE224335 | OCCS3v,5350,5585,background
GSE224335,GSM7019836_OCCS3v,GSE224335 | OCCS3v,5416,5699,background
GSE224335,GSM7019836_OCCS3v,GSE224335 | OCCS3v,5481,5585,background
GSE224335,GSM7019836_OCCS3v,GSE224335 | OCCS3v,5548,5699,background
GSE224335,GSM7019836_OCCS3v,GSE224335 | OCCS3v,5613,5584,background
GSE224335,GSM7019836_OCCS3v,GSE224335 | OCCS3v,5679,5698,background
GSE224335,GSM7019836_OCCS3v,GSE224335 | OCCS3v,5744,5583,background
GSE224335,GSM7019836_OCCS3v,GSE224335 | OCCS3v,5811,5697,background
GSE224335,GSM7019836_OCCS3v,GSE224335 | OCCS3v,5876,5582,background
GSE224335,GSM7019836_OCCS3v,GSE224335 | OCCS3v,5942,5696,background
GSE224335,GSM7019836_OCCS3v,GSE224335 | OCCS3v,6007,5582,background
GSE224335,GSM7019836_OCCS3v,GSE224335 | OCCS3v,6073,5696,background
GSE224335,GSM7019836_OCCS3v,GSE224335 | OCCS3v,6139,5581,background
GSE224335,GSM7019836_OCCS3v,GSE224335 | OCCS3v,6205,5695,background
GSE224335,GSM7019836_OCCS3v,GSE224335 | OCCS3v,6270,5580,background
GSE224335,GSM7019836_OCCS3v,GSE224335 | OCCS3v,6336,5694,background
GSE224335,GSM7019836_OCCS3v,GSE224335 | OCCS3v,6401,5580,background
GSE224335,GSM7019836_OCCS3v,GSE224335 | OCCS3v,6468,5694,background
GSE224335,GSM7019836_OCCS3v,GSE224335 | OCCS3v,6533,5579,background
GSE224335,GSM7019836_OCCS3v,GSE224335 | OCCS3v,6599,5693,background
GSE224335,GSM7019836_OCCS3v,GSE224335 | OCCS3v,6664,5578,background
GSE224335,GSM7019836_OCCS3v,GSE224335 | OCCS3v,6731,5692,background
GSE224335,GSM7019836_OCCS3v,GSE224335 | OCCS3v,6796,5577,background
GSE224335,GSM7019836_OCCS3v,GSE224335 | OCCS3v,6862,5691,background
GSE224335,GSM7019836_OCCS3v,GSE224335 | OCCS3v,6927,5577,background
GSE224335,GSM7019836_OCCS3v,GSE224335 | OCCS3v,6994,5691,background
GSE224335,GSM7019836_OCCS3v,GSE224335 | OCCS3v,7059,5576,background
GSE224335,GSM7019836_OCCS3v,GSE224335 | OCCS3v,7125,5690,background
GSE224335,GSM7019836_OCCS3v,GSE224335 | OCCS3v,7190,5575,background
GSE224335,GSM7019836_OCCS3v,GSE224335 | OCCS3v,7257,5689,background
GSE224335,GSM7019836_OCCS3v,GSE224335 | OCCS3v,7322,5574,background
GSE224335,GSM7019836_OCCS3v,GSE224335 | OCCS3v,7388,5688,background
GSE224335,GSM7019836_OCCS3v,GSE224335 | OCCS3v,7453,5574,background
GSE224335,GSM7019836_OCCS3v,GSE224335 | OCCS3v,7519,5688,background
GSE224335,GSM7019836_OCCS3v,GSE224335 | OCCS3v,7585,5573,background
GSE224335,GSM7019836_OCCS3v,GSE224335 | OCCS3v,7651,5687,background
GSE224335,GSM7019836_OCCS3v,GSE224335 | OCCS3v,7716,5572,background
GSE224335,GSM7019836_OCCS3v,GSE224335 | OCCS3v,4497,5933,background
GSE224335,GSM7019836_OCCS3v,GSE224335 | OCCS3v,4562,5819,background
GSE224335,GSM7019836_OCCS3v,GSE224335 | OCCS3v,4629,5933,background
GSE224335,GSM7019836_OCCS3v,GSE224335 | OCCS3v,4694,5818,background
GSE224335,GSM7019836_OCCS3v,GSE224335 | OCCS3v,4760,5932,background
GSE224335,GSM7019836_OCCS3v,GSE224335 | OCCS3v,4825,5817,background
GSE224335,GSM7019836_OCCS3v,GSE224335 | OCCS3v,4892,5931,background
GSE224335,GSM7019836_OCCS3v,GSE224335 | OCCS3v,4957,5816,background
GSE224335,GSM7019836_OCCS3v,GSE224335 | OCCS3v,5023,5930,background
GSE224335,GSM7019836_OCCS3v,GSE224335 | OCCS3v,5088,5816,background
GSE224335,GSM7019836_OCCS3v,GSE224335 | OCCS3v,5155,5930,background
GSE224335,GSM7019836_OCCS3v,GSE224335 | OCCS3v,5220,5815,background
GSE224335,GSM7019836_OCCS3v,GSE224335 | OCCS3v,5286,5929,background
GSE224335,GSM7019836_OCCS3v,GSE224335 | OCCS3v,5351,5814,background
GSE224335,GSM7019836_OCCS3v,GSE224335 | OCCS3v,5417,5928,background
GSE224335,GSM7019836_OCCS3v,GSE224335 | OCCS3v,5483,5813,background
GSE224335,GSM7019836_OCCS3v,GSE224335 | OCCS3v,5549,5927,background
GSE224335,GSM7019836_OCCS3v,GSE224335 | OCCS3v,5614,5813,background
GSE224335,GSM7019836_OCCS3v,GSE224335 | OCCS3v,5680,5927,background
GSE224335,GSM7019836_OCCS3v,GSE224335 | OCCS3v,5745,5812,background
GSE224335,GSM7019836_OCCS3v,GSE224335 | OCCS3v,5812,5926,background
GSE224335,GSM7019836_OCCS3v,GSE224335 | OCCS3v,5877,5811,background
GSE224335,GSM7019836_OCCS3v,GSE224335 | OCCS3v,5943,5925,background
GSE224335,GSM7019836_OCCS3v,GSE224335 | OCCS3v,6008,5810,background
GSE224335,GSM7019836_OCCS3v,GSE224335 | OCCS3v,6075,5924,background
GSE224335,GSM7019836_OCCS3v,GSE224335 | OCCS3v,6140,5810,background
GSE224335,GSM7019836_OCCS3v,GSE224335 | OCCS3v,6206,5924,background
GSE224335,GSM7019836_OCCS3v,GSE224335 | OCCS3v,6271,5809,background
GSE224335,GSM7019836_OCCS3v,GSE224335 | OCCS3v,6338,5923,background
GSE224335,GSM7019836_OCCS3v,GSE224335 | OCCS3v,6403,5808,background
GSE224335,GSM7019836_OCCS3v,GSE224335 | OCCS3v,6469,5922,background
GSE224335,GSM7019836_OCCS3v,GSE224335 | OCCS3v,6534,5808,background
GSE224335,GSM7019836_OCCS3v,GSE224335 | OCCS3v,6601,5922,background
GSE224335,GSM7019836_OCCS3v,GSE224335 | OCCS3v,6666,5807,background
GSE224335,GSM7019836_OCCS3v,GSE224335 | OCCS3v,6732,5921,background
GSE224335,GSM7019836_OCCS3v,GSE224335 | OCCS3v,6797,5806,background
GSE224335,GSM7019836_OCCS3v,GSE224335 | OCCS3v,6863,5920,background
GSE224335,GSM7019836_OCCS3v,GSE224335 | OCCS3v,6929,5805,background
GSE224335,GSM7019836_OCCS3v,GSE224335 | OCCS3v,6995,5919,background
GSE224335,GSM7019836_OCCS3v,GSE224335 | OCCS3v,7060,5805,background
GSE224335,GSM7019836_OCCS3v,GSE224335 | OCCS3v,7126,5919,background
GSE224335,GSM7019836_OCCS3v,GSE224335 | OCCS3v,7191,5804,background
GSE224335,GSM7019836_OCCS3v,GSE224335 | OCCS3v,7258,5918,background
GSE224335,GSM7019836_OCCS3v,GSE224335 | OCCS3v,7323,5803,background
GSE224335,GSM7019836_OCCS3v,GSE224335 | OCCS3v,7389,5917,background
GSE224335,GSM7019836_OCCS3v,GSE224335 | OCCS3v,7454,5802,background
GSE224335,GSM7019836_OCCS3v,GSE224335 | OCCS3v,7586,5802,background
GSE224335,GSM7019836_OCCS3v,GSE224335 | OCCS3v,4564,6047,background
GSE224335,GSM7019836_OCCS3v,GSE224335 | OCCS3v,4695,6047,background
GSE224335,GSM7019836_OCCS3v,GSE224335 | OCCS3v,4761,6161,background
GSE224335,GSM7019836_OCCS3v,GSE224335 | OCCS3v,4826,6046,background
GSE224335,GSM7019836_OCCS3v,GSE224335 | OCCS3v,4893,6160,background
GSE224335,GSM7019836_OCCS3v,GSE224335 | OCCS3v,4958,6045,background
GSE224335,GSM7019836_OCCS3v,GSE224335 | OCCS3v,5024,6159,background
GSE224335,GSM7019836_OCCS3v,GSE224335 | OCCS3v,5089,6044,background
GSE224335,GSM7019836_OCCS3v,GSE224335 | OCCS3v,5156,6158,background
GSE224335,GSM7019836_OCCS3v,GSE224335 | OCCS3v,5221,6044,background
GSE224335,GSM7019836_OCCS3v,GSE224335 | OCCS3v,5287,6158,background
GSE224335,GSM7019836_OCCS3v,GSE224335 | OCCS3v,5352,6043,background
GSE224335,GSM7019836_OCCS3v,GSE224335 | OCCS3v,5419,6157,background
GSE224335,GSM7019836_OCCS3v,GSE224335 | OCCS3v,5484,6042,background
GSE224335,GSM7019836_OCCS3v,GSE224335 | OCCS3v,5550,6156,background
GSE224335,GSM7019836_OCCS3v,GSE224335 | OCCS3v,5615,6041,background
GSE224335,GSM7019836_OCCS3v,GSE224335 | OCCS3v,5682,6155,background
GSE224335,GSM7019836_OCCS3v,GSE224335 | OCCS3v,5747,6041,background
GSE224335,GSM7019836_OCCS3v,GSE224335 | OCCS3v,5813,6155,background
GSE224335,GSM7019836_OCCS3v,GSE224335 | OCCS3v,5878,6040,background
GSE224335,GSM7019836_OCCS3v,GSE224335 | OCCS3v,5945,6154,background
GSE224335,GSM7019836_OCCS3v,GSE224335 | OCCS3v,6010,6039,background
GSE224335,GSM7019836_OCCS3v,GSE224335 | OCCS3v,6076,6153,background
GSE224335,GSM7019836_OCCS3v,GSE224335 | OCCS3v,6141,6038,background
GSE224335,GSM7019836_OCCS3v,GSE224335 | OCCS3v,6207,6152,background
GSE224335,GSM7019836_OCCS3v,GSE224335 | OCCS3v,6273,6038,background
GSE224335,GSM7019836_OCCS3v,GSE224335 | OCCS3v,6339,6152,background
GSE224335,GSM7019836_OCCS3v,GSE224335 | OCCS3v,6404,6037,background
GSE224335,GSM7019836_OCCS3v,GSE224335 | OCCS3v,6470,6151,background
GSE224335,GSM7019836_OCCS3v,GSE224335 | OCCS3v,6535,6036,background
GSE224335,GSM7019836_OCCS3v,GSE224335 | OCCS3v,6602,6150,background
GSE224335,GSM7019836_OCCS3v,GSE224335 | OCCS3v,6667,6036,background
GSE224335,GSM7019836_OCCS3v,GSE224335 | OCCS3v,6733,6150,background
GSE224335,GSM7019836_OCCS3v,GSE224335 | OCCS3v,6798,6035,background
GSE224335,GSM7019836_OCCS3v,GSE224335 | OCCS3v,6865,6149,background
GSE224335,GSM7019836_OCCS3v,GSE224335 | OCCS3v,6930,6034,background
GSE224335,GSM7019836_OCCS3v,GSE224335 | OCCS3v,6996,6148,background
GSE224335,GSM7019836_OCCS3v,GSE224335 | OCCS3v,7061,6033,background
GSE224335,GSM7019836_OCCS3v,GSE224335 | OCCS3v,7128,6147,background
GSE224335,GSM7019836_OCCS3v,GSE224335 | OCCS3v,7193,6033,background
GSE224335,GSM7019836_OCCS3v,GSE224335 | OCCS3v,7259,6147,background
GSE224335,GSM7019836_OCCS3v,GSE224335 | OCCS3v,7324,6032,background
GSE224335,GSM7019836_OCCS3v,GSE224335 | OCCS3v,3448,6397,background
GSE224335,GSM7019836_OCCS3v,GSE224335 | OCCS3v,3580,6396,background
GSE224335,GSM7019836_OCCS3v,GSE224335 | OCCS3v,4959,6274,background
GSE224335,GSM7019836_OCCS3v,GSE224335 | OCCS3v,5091,6273,background
GSE224335,GSM7019836_OCCS3v,GSE224335 | OCCS3v,5222,6272,background
GSE224335,GSM7019836_OCCS3v,GSE224335 | OCCS3v,5354,6272,background
GSE224335,GSM7019836_OCCS3v,GSE224335 | OCCS3v,5420,6386,background
GSE224335,GSM7019836_OCCS3v,GSE224335 | OCCS3v,5485,6271,background
GSE224335,GSM7019836_OCCS3v,GSE224335 | OCCS3v,5551,6385,background
GSE224335,GSM7019836_OCCS3v,GSE224335 | OCCS3v,5617,6270,background
GSE224335,GSM7019836_OCCS3v,GSE224335 | OCCS3v,5683,6384,background
GSE224335,GSM7019836_OCCS3v,GSE224335 | OCCS3v,5748,6269,background
GSE224335,GSM7019836_OCCS3v,GSE224335 | OCCS3v,5814,6383,background
GSE224335,GSM7019836_OCCS3v,GSE224335 | OCCS3v,5879,6269,background
GSE224335,GSM7019836_OCCS3v,GSE224335 | OCCS3v,5946,6383,background
GSE224335,GSM7019836_OCCS3v,GSE224335 | OCCS3v,6011,6268,background
GSE224335,GSM7019836_OCCS3v,GSE224335 | OCCS3v,6077,6382,background
GSE224335,GSM7019836_OCCS3v,GSE224335 | OCCS3v,6142,6267,background
GSE224335,GSM7019836_OCCS3v,GSE224335 | OCCS3v,6209,6381,background
GSE224335,GSM7019836_OCCS3v,GSE224335 | OCCS3v,6274,6266,background
GSE224335,GSM7019836_OCCS3v,GSE224335 | OCCS3v,6340,6380,background
GSE224335,GSM7019836_OCCS3v,GSE224335 | OCCS3v,6405,6266,background
GSE224335,GSM7019836_OCCS3v,GSE224335 | OCCS3v,6472,6380,background
GSE224335,GSM7019836_OCCS3v,GSE224335 | OCCS3v,6537,6265,background
GSE224335,GSM7019836_OCCS3v,GSE224335 | OCCS3v,6603,6379,background
GSE224335,GSM7019836_OCCS3v,GSE224335 | OCCS3v,6668,6264,background
GSE224335,GSM7019836_OCCS3v,GSE224335 | OCCS3v,6735,6378,background
GSE224335,GSM7019836_OCCS3v,GSE224335 | OCCS3v,6800,6264,background
GSE224335,GSM7019836_OCCS3v,GSE224335 | OCCS3v,6866,6378,background
GSE224335,GSM7019836_OCCS3v,GSE224335 | OCCS3v,6931,6263,background
GSE224335,GSM7019836_OCCS3v,GSE224335 | OCCS3v,6997,6377,background
GSE224335,GSM7019836_OCCS3v,GSE224335 | OCCS3v,7063,6262,background
GSE224335,GSM7019836_OCCS3v,GSE224335 | OCCS3v,7129,6376,background
GSE224335,GSM7019836_OCCS3v,GSE224335 | OCCS3v,7194,6261,background
GSE224335,GSM7019836_OCCS3v,GSE224335 | OCCS3v,5618,6499,background
GSE224335,GSM7019836_OCCS3v,GSE224335 | OCCS3v,5749,6498,background
GSE224335,GSM7019836_OCCS3v,GSE224335 | OCCS3v,5881,6497,background
GSE224335,GSM7019836_OCCS3v,GSE224335 | OCCS3v,6012,6497,background
GSE224335,GSM7019836_OCCS3v,GSE224335 | OCCS3v,6079,6611,background
GSE224335,GSM7019836_OCCS3v,GSE224335 | OCCS3v,6144,6496,background
GSE224335,GSM7019836_OCCS3v,GSE224335 | OCCS3v,6210,6610,background
GSE224335,GSM7019836_OCCS3v,GSE224335 | OCCS3v,6275,6495,background
GSE224335,GSM7019836_OCCS3v,GSE224335 | OCCS3v,6341,6609,background
GSE224335,GSM7019836_OCCS3v,GSE224335 | OCCS3v,6407,6495,background
GSE224335,GSM7019836_OCCS3v,GSE224335 | OCCS3v,6473,6609,background
GSE224335,GSM7019836_OCCS3v,GSE224335 | OCCS3v,6538,6494,background
GSE224335,GSM7019836_OCCS3v,GSE224335 | OCCS3v,6604,6608,background
GSE224335,GSM7019836_OCCS3v,GSE224335 | OCCS3v,6669,6493,background
GSE224335,GSM7019836_OCCS3v,GSE224335 | OCCS3v,6736,6607,background
GSE224335,GSM7019836_OCCS3v,GSE224335 | OCCS3v,6801,6492,background
GSE224335,GSM7019836_OCCS3v,GSE224335 | OCCS3v,6867,6606,background
GSE224335,GSM7019836_OCCS3v,GSE224335 | OCCS3v,6932,6492,background
GSE224335,GSM7019836_OCCS3v,GSE224335 | OCCS3v,6999,6606,background
GSE224335,GSM7019836_OCCS3v,GSE224335 | OCCS3v,7064,6491,background
GSE224335,GSM7019836_OCCS3v,GSE224335 | OCCS3v,6145,6725,background
GSE224335,GSM7019836_OCCS3v,GSE224335 | OCCS3v,6211,6839,background
GSE224335,GSM7019836_OCCS3v,GSE224335 | OCCS3v,6276,6724,background
GSE224335,GSM7019836_OCCS3v,GSE224335 | OCCS3v,6343,6838,background
GSE224335,GSM7019836_OCCS3v,GSE224335 | OCCS3v,6408,6723,background
GSE224335,GSM7019836_OCCS3v,GSE224335 | OCCS3v,6474,6837,background
GSE224335,GSM7019836_OCCS3v,GSE224335 | OCCS3v,6539,6723,background
GSE224335,GSM7019836_OCCS3v,GSE224335 | OCCS3v,6606,6837,background
GSE224335,GSM7019836_OCCS3v,GSE224335 | OCCS3v,6671,6722,background
GSE224335,GSM7019836_OCCS3v,GSE224335 | OCCS3v,6737,6836,background
GSE224335,GSM7019836_OCCS3v,GSE224335 | OCCS3v,6802,6721,background
GSE224335,GSM7019836_OCCS3v,GSE224335 | OCCS3v,6869,6835,background
GSE224335,GSM7019836_OCCS3v,GSE224335 | OCCS3v,6934,6720,background
GSE224335,GSM7019836_OCCS3v,GSE224335 | OCCS3v,6541,6951,background
GSE224335,GSM7019836_OCCS3v,GSE224335 | OCCS3v,6672,6951,background
GSE224335,GSM7019836_OCCS3v,GSE224335 | OCCS3v,6803,6950,background
GSE224335,GSM7019836_OCCS3v,GSE224335 | OCCS3v,6870,7064,background
GSE224335,GSM7019836_OCCS3v,GSE224335 | OCCS3v,6935,6949,background
GSE274657,GSM8454235_Patient_8,GSE274657 | Patient_8,7163,8596,background
GSE274657,GSM8454235_Patient_8,GSE274657 | Patient_8,7030,8594,background
GSE274657,GSM8454235_Patient_8,GSE274657 | Patient_8,6897,8592,background
GSE274657,GSM8454235_Patient_8,GSE274657 | Patient_8,6764,8590,background
GSE274657,GSM8454235_Patient_8,GSE274657 | Patient_8,6631,8588,background
GSE274657,GSM8454235_Patient_8,GSE274657 | Patient_8,6498,8586,background
GSE274657,GSM8454235_Patient_8,GSE274657 | Patient_8,6365,8584,background
GSE274657,GSM8454235_Patient_8,GSE274657 | Patient_8,6232,8582,background
GSE274657,GSM8454235_Patient_8,GSE274657 | Patient_8,6099,8580,background
GSE274657,GSM8454235_Patient_8,GSE274657 | Patient_8,5966,8578,background
GSE274657,GSM8454235_Patient_8,GSE274657 | Patient_8,5833,8576,background
GSE274657,GSM8454235_Patient_8,GSE274657 | Patient_8,7763,8489,background
GSE274657,GSM8454235_Patient_8,GSE274657 | Patient_8,7630,8487,background
GSE274657,GSM8454235_Patient_8,GSE274657 | Patient_8,7497,8485,background
GSE274657,GSM8454235_Patient_8,GSE274657 | Patient_8,7364,8483,background
GSE274657,GSM8454235_Patient_8,GSE274657 | Patient_8,7231,8481,background
GSE274657,GSM8454235_Patient_8,GSE274657 | Patient_8,7098,8479,background
GSE274657,GSM8454235_Patient_8,GSE274657 | Patient_8,6965,8477,background
GSE274657,GSM8454235_Patient_8,GSE274657 | Patient_8,6832,8475,background
GSE274657,GSM8454235_Patient_8,GSE274657 | Patient_8,6699,8473,background
GSE274657,GSM8454235_Patient_8,GSE274657 | Patient_8,6566,8471,background
GSE274657,GSM8454235_Patient_8,GSE274657 | Patient_8,6433,8469,background
GSE274657,GSM8454235_Patient_8,GSE274657 | Patient_8,6300,8467,background
GSE274657,GSM8454235_Patient_8,GSE274657 | Patient_8,6167,8465,background
GSE274657,GSM8454235_Patient_8,GSE274657 | Patient_8,6034,8463,background
GSE274657,GSM8454235_Patient_8,GSE274657 | Patient_8,5901,8461,background
GSE274657,GSM8454235_Patient_8,GSE274657 | Patient_8,5768,8459,background
GSE274657,GSM8454235_Patient_8,GSE274657 | Patient_8,5635,8457,background
GSE274657,GSM8454235_Patient_8,GSE274657 | Patient_8,5502,8455,background
GSE274657,GSM8454235_Patient_8,GSE274657 | Patient_8,5369,8453,background
GSE274657,GSM8454235_Patient_8,GSE274657 | Patient_8,8230,8381,background
GSE274657,GSM8454235_Patient_8,GSE274657 | Patient_8,8097,8379,background
GSE274657,GSM8454235_Patient_8,GSE274657 | Patient_8,7964,8377,background
GSE274657,GSM8454235_Patient_8,GSE274657 | Patient_8,7831,8375,background
GSE274657,GSM8454235_Patient_8,GSE274657 | Patient_8,7698,8373,background
GSE274657,GSM8454235_Patient_8,GSE274657 | Patient_8,7565,8371,background
GSE274657,GSM8454235_Patient_8,GSE274657 | Patient_8,7432,8369,background
GSE274657,GSM8454235_Patient_8,GSE274657 | Patient_8,7299,8367,background
GSE274657,GSM8454235_Patient_8,GSE274657 | Patient_8,7166,8365,background
GSE274657,GSM8454235_Patient_8,GSE274657 | Patient_8,7033,8363,background
GSE274657,GSM8454235_Patient_8,GSE274657 | Patient_8,6900,8361,background
GSE274657,GSM8454235_Patient_8,GSE274657 | Patient_8,6767,8359,background
GSE274657,GSM8454235_Patient_8,GSE274657 | Patient_8,6634,8357,background
GSE274657,GSM8454235_Patient_8,GSE274657 | Patient_8,6501,8355,background
GSE274657,GSM8454235_Patient_8,GSE274657 | Patient_8,6368,8353,background
GSE274657,GSM8454235_Patient_8,GSE274657 | Patient_8,6235,8351,background
GSE274657,GSM8454235_Patient_8,GSE274657 | Patient_8,6102,8349,background
GSE274657,GSM8454235_Patient_8,GSE274657 | Patient_8,5969,8347,background
GSE274657,GSM8454235_Patient_8,GSE274657 | Patient_8,5837,8345,background
GSE274657,GSM8454235_Patient_8,GSE274657 | Patient_8,5704,8343,background
GSE274657,GSM8454235_Patient_8,GSE274657 | Patient_8,5571,8341,background
GSE274657,GSM8454235_Patient_8,GSE274657 | Patient_8,5438,8339,background
GSE274657,GSM8454235_Patient_8,GSE274657 | Patient_8,5305,8337,background
GSE274657,GSM8454235_Patient_8,GSE274657 | Patient_8,5172,8335,background
GSE274657,GSM8454235_Patient_8,GSE274657 | Patient_8,8697,8272,background
GSE274657,GSM8454235_Patient_8,GSE274657 | Patient_8,8564,8270,background
GSE274657,GSM8454235_Patient_8,GSE274657 | Patient_8,8431,8268,background
GSE274657,GSM8454235_Patient_8,GSE274657 | Patient_8,8298,8266,background
GSE274657,GSM8454235_Patient_8,GSE274657 | Patient_8,8165,8264,background
GSE274657,GSM8454235_Patient_8,GSE274657 | Patient_8,8032,8262,background
GSE274657,GSM8454235_Patient_8,GSE274657 | Patient_8,7899,8260,background
GSE274657,GSM8454235_Patient_8,GSE274657 | Patient_8,7766,8258,background
GSE274657,GSM8454235_Patient_8,GSE274657 | Patient_8,7633,8256,background
GSE274657,GSM8454235_Patient_8,GSE274657 | Patient_8,7500,8254,background
GSE274657,GSM8454235_Patient_8,GSE274657 | Patient_8,7367,8252,background
GSE274657,GSM8454235_Patient_8,GSE274657 | Patient_8,7234,8250,background
GSE274657,GSM8454235_Patient_8,GSE274657 | Patient_8,7102,8248,background
GSE274657,GSM8454235_Patient_8,GSE274657 | Patient_8,6969,8246,background
GSE274657,GSM8454235_Patient_8,GSE274657 | Patient_8,6836,8244,background
GSE274657,GSM8454235_Patient_8,GSE274657 | Patient_8,6703,8242,background
GSE274657,GSM8454235_Patient_8,GSE274657 | Patient_8,6570,8240,background
GSE274657,GSM8454235_Patient_8,GSE274657 | Patient_8,6437,8238,background
GSE274657,GSM8454235_Patient_8,GSE274657 | Patient_8,6304,8236,background
GSE274657,GSM8454235_Patient_8,GSE274657 | Patient_8,6171,8234,background
GSE274657,GSM8454235_Patient_8,GSE274657 | Patient_8,6038,8232,background
GSE274657,GSM8454235_Patient_8,GSE274657 | Patient_8,5905,8230,background
GSE274657,GSM8454235_Patient_8,GSE274657 | Patient_8,5772,8228,background
GSE274657,GSM8454235_Patient_8,GSE274657 | Patient_8,5639,8226,background
GSE274657,GSM8454235_Patient_8,GSE274657 | Patient_8,5506,8224,background
GSE274657,GSM8454235_Patient_8,GSE274657 | Patient_8,5373,8222,background
GSE274657,GSM8454235_Patient_8,GSE274657 | Patient_8,5240,8220,background
GSE274657,GSM8454235_Patient_8,GSE274657 | Patient_8,5107,8218,background
GSE274657,GSM8454235_Patient_8,GSE274657 | Patient_8,4974,8216,background
GSE274657,GSM8454235_Patient_8,GSE274657 | Patient_8,4841,8214,background
GSE274657,GSM8454235_Patient_8,GSE274657 | Patient_8,4708,8212,background
GSE274657,GSM8454235_Patient_8,GSE274657 | Patient_8,4575,8210,background
GSE274657,GSM8454235_Patient_8,GSE274657 | Patient_8,4442,8208,background
GSE274657,GSM8454235_Patient_8,GSE274657 | Patient_8,9031,8161,background
GSE274657,GSM8454235_Patient_8,GSE274657 | Patient_8,8898,8159,background
GSE274657,GSM8454235_Patient_8,GSE274657 | Patient_8,8765,8157,background
GSE274657,GSM8454235_Patient_8,GSE274657 | Patient_8,8632,8155,background
GSE274657,GSM8454235_Patient_8,GSE274657 | Patient_8,8499,8153,background
GSE274657,GSM8454235_Patient_8,GSE274657 | Patient_8,8366,8151,background
GSE274657,GSM8454235_Patient_8,GSE274657 | Patient_8,8234,8149,background
GSE274657,GSM8454235_Patient_8,GSE274657 | Patient_8,8101,8147,background
GSE274657,GSM8454235_Patient_8,GSE274657 | Patient_8,7968,8145,background
GSE274657,GSM8454235_Patient_8,GSE274657 | Patient_8,7835,8143,background
GSE274657,GSM8454235_Patient_8,GSE274657 | Patient_8,7702,8141,background
GSE274657,GSM8454235_Patient_8,GSE274657 | Patient_8,7569,8139,background
GSE274657,GSM8454235_Patient_8,GSE274657 | Patient_8,7436,8137,background
GSE274657,GSM8454235_Patient_8,GSE274657 | Patient_8,7303,8135,background
GSE274657,GSM8454235_Patient_8,GSE274657 | Patient_8,7170,8133,background
GSE274657,GSM8454235_Patient_8,GSE274657 | Patient_8,7037,8131,background
GSE274657,GSM8454235_Patient_8,GSE274657 | Patient_8,6904,8129,background
GSE274657,GSM8454235_Patient_8,GSE274657 | Patient_8,6771,8127,background
GSE274657,GSM8454235_Patient_8,GSE274657 | Patient_8,6638,8125,background
GSE274657,GSM8454235_Patient_8,GSE274657 | Patient_8,6505,8123,background
GSE274657,GSM8454235_Patient_8,GSE274657 | Patient_8,6372,8121,background
GSE274657,GSM8454235_Patient_8,GSE274657 | Patient_8,6239,8119,background
GSE274657,GSM8454235_Patient_8,GSE274657 | Patient_8,6106,8117,background
GSE274657,GSM8454235_Patient_8,GSE274657 | Patient_8,5973,8115,background
GSE274657,GSM8454235_Patient_8,GSE274657 | Patient_8,5840,8113,background
GSE274657,GSM8454235_Patient_8,GSE274657 | Patient_8,5707,8111,background
GSE274657,GSM8454235_Patient_8,GSE274657 | Patient_8,5574,8109,background
GSE274657,GSM8454235_Patient_8,GSE274657 | Patient_8,5441,8107,background
GSE274657,GSM8454235_Patient_8,GSE274657 | Patient_8,5308,8105,background
GSE274657,GSM8454235_Patient_8,GSE274657 | Patient_8,5175,8103,background
GSE274657,GSM8454235_Patient_8,GSE274657 | Patient_8,5042,8101,background
GSE274657,GSM8454235_Patient_8,GSE274657 | Patient_8,4909,8099,background
GSE274657,GSM8454235_Patient_8,GSE274657 | Patient_8,4776,8097,background
GSE274657,GSM8454235_Patient_8,GSE274657 | Patient_8,4643,8095,background
GSE274657,GSM8454235_Patient_8,GSE274657 | Patient_8,4510,8093,background
GSE274657,GSM8454235_Patient_8,GSE274657 | Patient_8,4377,8091,background
GSE274657,GSM8454235_Patient_8,GSE274657 | Patient_8,4244,8089,background
GSE274657,GSM8454235_Patient_8,GSE274657 | Patient_8,4111,8087,background
GSE274657,GSM8454235_Patient_8,GSE274657 | Patient_8,9366,8051,background
GSE274657,GSM8454235_Patient_8,GSE274657 | Patient_8,9233,8049,background
GSE274657,GSM8454235_Patient_8,GSE274657 | Patient_8,9100,8047,background
GSE274657,GSM8454235_Patient_8,GSE274657 | Patient_8,8967,8045,background
GSE274657,GSM8454235_Patient_8,GSE274657 | Patient_8,8834,8043,background
GSE274657,GSM8454235_Patient_8,GSE274657 | Patient_8,8701,8041,background
GSE274657,GSM8454235_Patient_8,GSE274657 | Patient_8,8568,8039,background
GSE274657,GSM8454235_Patient_8,GSE274657 | Patient_8,8435,8037,background
GSE274657,GSM8454235_Patient_8,GSE274657 | Patient_8,8302,8035,background
GSE274657,GSM8454235_Patient_8,GSE274657 | Patient_8,8169,8033,background
GSE274657,GSM8454235_Patient_8,GSE274657 | Patient_8,8036,8031,background
GSE274657,GSM8454235_Patient_8,GSE274657 | Patient_8,7903,8029,background
GSE274657,GSM8454235_Patient_8,GSE274657 | Patient_8,7770,8027,background
GSE274657,GSM8454235_Patient_8,GSE274657 | Patient_8,7637,8025,background
GSE274657,GSM8454235_Patient_8,GSE274657 | Patient_8,7504,8023,background
GSE274657,GSM8454235_Patient_8,GSE274657 | Patient_8,7371,8021,background
GSE274657,GSM8454235_Patient_8,GSE274657 | Patient_8,7238,8019,background
GSE274657,GSM8454235_Patient_8,GSE274657 | Patient_8,7105,8017,background
GSE274657,GSM8454235_Patient_8,GSE274657 | Patient_8,6972,8015,background
GSE274657,GSM8454235_Patient_8,GSE274657 | Patient_8,6839,8013,background
GSE274657,GSM8454235_Patient_8,GSE274657 | Patient_8,6706,8011,background
GSE274657,GSM8454235_Patient_8,GSE274657 | Patient_8,6573,8009,background
GSE274657,GSM8454235_Patient_8,GSE274657 | Patient_8,6440,8007,background
GSE274657,GSM8454235_Patient_8,GSE274657 | Patient_8,6307,8005,background
GSE274657,GSM8454235_Patient_8,GSE274657 | Patient_8,6174,8003,background
GSE274657,GSM8454235_Patient_8,GSE274657 | Patient_8,6041,8001,background
GSE274657,GSM8454235_Patient_8,GSE274657 | Patient_8,5908,7999,background
GSE274657,GSM8454235_Patient_8,GSE274657 | Patient_8,5775,7997,background
GSE274657,GSM8454235_Patient_8,GSE274657 | Patient_8,5642,7995,background
GSE274657,GSM8454235_Patient_8,GSE274657 | Patient_8,5509,7993,background
GSE274657,GSM8454235_Patient_8,GSE274657 | Patient_8,5376,7991,background
GSE274657,GSM8454235_Patient_8,GSE274657 | Patient_8,5243,7988,background
GSE274657,GSM8454235_Patient_8,GSE274657 | Patient_8,5110,7986,background
GSE274657,GSM8454235_Patient_8,GSE274657 | Patient_8,4977,7984,background
GSE274657,GSM8454235_Patient_8,GSE274657 | Patient_8,4844,7982,background
GSE274657,GSM8454235_Patient_8,GSE274657 | Patient_8,4712,7980,background
GSE274657,GSM8454235_Patient_8,GSE274657 | Patient_8,4579,7978,background
GSE274657,GSM8454235_Patient_8,GSE274657 | Patient_8,4446,7976,background
GSE274657,GSM8454235_Patient_8,GSE274657 | Patient_8,4313,7974,background
GSE274657,GSM8454235_Patient_8,GSE274657 | Patient_8,4180,7972,background
GSE274657,GSM8454235_Patient_8,GSE274657 | Patient_8,4047,7970,background
GSE274657,GSM8454235_Patient_8,GSE274657 | Patient_8,3914,7968,background
GSE274657,GSM8454235_Patient_8,GSE274657 | Patient_8,3781,7966,background
GSE274657,GSM8454235_Patient_8,GSE274657 | Patient_8,10232,7948,background
GSE274657,GSM8454235_Patient_8,GSE274657 | Patient_8,10099,7946,background
GSE274657,GSM8454235_Patient_8,GSE274657 | Patient_8,9966,7944,background
GSE274657,GSM8454235_Patient_8,GSE274657 | Patient_8,9833,7942,background
GSE274657,GSM8454235_Patient_8,GSE274657 | Patient_8,9700,7940,background
GSE274657,GSM8454235_Patient_8,GSE274657 | Patient_8,9567,7938,background
GSE274657,GSM8454235_Patient_8,GSE274657 | Patient_8,9434,7936,background
GSE274657,GSM8454235_Patient_8,GSE274657 | Patient_8,9301,7934,background
GSE274657,GSM8454235_Patient_8,GSE274657 | Patient_8,9168,7932,background
GSE274657,GSM8454235_Patient_8,GSE274657 | Patient_8,9035,7930,background
GSE274657,GSM8454235_Patient_8,GSE274657 | Patient_8,8902,7928,background
GSE274657,GSM8454235_Patient_8,GSE274657 | Patient_8,8769,7926,background
GSE274657,GSM8454235_Patient_8,GSE274657 | Patient_8,8636,7924,background
GSE274657,GSM8454235_Patient_8,GSE274657 | Patient_8,8503,7922,background
GSE274657,GSM8454235_Patient_8,GSE274657 | Patient_8,8370,7920,background
GSE274657,GSM8454235_Patient_8,GSE274657 | Patient_8,8237,7918,background
GSE274657,GSM8454235_Patient_8,GSE274657 | Patient_8,8104,7916,background
GSE274657,GSM8454235_Patient_8,GSE274657 | Patient_8,7971,7914,background
GSE274657,GSM8454235_Patient_8,GSE274657 | Patient_8,7838,7912,background
GSE274657,GSM8454235_Patient_8,GSE274657 | Patient_8,7705,7910,background
GSE274657,GSM8454235_Patient_8,GSE274657 | Patient_8,7572,7908,background
GSE274657,GSM8454235_Patient_8,GSE274657 | Patient_8,7439,7906,background
GSE274657,GSM8454235_Patient_8,GSE274657 | Patient_8,7306,7904,background
GSE274657,GSM8454235_Patient_8,GSE274657 | Patient_8,7173,7902,background
GSE274657,GSM8454235_Patient_8,GSE274657 | Patient_8,7040,7900,background
GSE274657,GSM8454235_Patient_8,GSE274657 | Patient_8,6907,7898,background
GSE274657,GSM8454235_Patient_8,GSE274657 | Patient_8,6774,7896,background
GSE274657,GSM8454235_Patient_8,GSE274657 | Patient_8,6641,7894,background
GSE274657,GSM8454235_Patient_8,GSE274657 | Patient_8,6508,7892,background
GSE274657,GSM8454235_Patient_8,GSE274657 | Patient_8,6375,7890,background
GSE274657,GSM8454235_Patient_8,GSE274657 | Patient_8,6242,7888,background
GSE274657,GSM8454235_Patient_8,GSE274657 | Patient_8,6109,7886,background
GSE274657,GSM8454235_Patient_8,GSE274657 | Patient_8,5976,7884,background
GSE274657,GSM8454235_Patient_8,GSE274657 | Patient_8,5844,7882,background
GSE274657,GSM8454235_Patient_8,GSE274657 | Patient_8,5711,7880,background
GSE274657,GSM8454235_Patient_8,GSE274657 | Patient_8,5578,7878,background
GSE274657,GSM8454235_Patient_8,GSE274657 | Patient_8,5445,7876,background
GSE274657,GSM8454235_Patient_8,GSE274657 | Patient_8,5312,7874,background
GSE274657,GSM8454235_Patient_8,GSE274657 | Patient_8,5179,7872,background
GSE274657,GSM8454235_Patient_8,GSE274657 | Patient_8,5046,7870,background
GSE274657,GSM8454235_Patient_8,GSE274657 | Patient_8,4913,7868,background
GSE274657,GSM8454235_Patient_8,GSE274657 | Patient_8,4780,7866,background
GSE274657,GSM8454235_Patient_8,GSE274657 | Patient_8,4647,7864,background
GSE274657,GSM8454235_Patient_8,GSE274657 | Patient_8,4514,7862,background
GSE274657,GSM8454235_Patient_8,GSE274657 | Patient_8,4381,7860,background
GSE274657,GSM8454235_Patient_8,GSE274657 | Patient_8,4248,7858,background
GSE274657,GSM8454235_Patient_8,GSE274657 | Patient_8,4115,7856,background
GSE274657,GSM8454235_Patient_8,GSE274657 | Patient_8,3982,7854,background
GSE274657,GSM8454235_Patient_8,GSE274657 | Patient_8,3849,7852,background
GSE274657,GSM8454235_Patient_8,GSE274657 | Patient_8,10167,7832,background
GSE274657,GSM8454235_Patient_8,GSE274657 | Patient_8,10034,7830,background
GSE274657,GSM8454235_Patient_8,GSE274657 | Patient_8,9901,7828,background
GSE274657,GSM8454235_Patient_8,GSE274657 | Patient_8,9768,7826,background
GSE274657,GSM8454235_Patient_8,GSE274657 | Patient_8,9635,7823,background
GSE274657,GSM8454235_Patient_8,GSE274657 | Patient_8,9502,7821,background
GSE274657,GSM8454235_Patient_8,GSE274657 | Patient_8,9369,7819,background
GSE274657,GSM8454235_Patient_8,GSE274657 | Patient_8,9236,7817,background
GSE274657,GSM8454235_Patient_8,GSE274657 | Patient_8,9103,7815,background
GSE274657,GSM8454235_Patient_8,GSE274657 | Patient_8,8970,7813,background
GSE274657,GSM8454235_Patient_8,GSE274657 | Patient_8,8837,7811,background
GSE274657,GSM8454235_Patient_8,GSE274657 | Patient_8,8704,7809,background
GSE274657,GSM8454235_Patient_8,GSE274657 | Patient_8,8571,7807,background
GSE274657,GSM8454235_Patient_8,GSE274657 | Patient_8,8438,7805,background
GSE274657,GSM8454235_Patient_8,GSE274657 | Patient_8,8305,7803,background
GSE274657,GSM8454235_Patient_8,GSE274657 | Patient_8,8172,7801,background
GSE274657,GSM8454235_Patient_8,GSE274657 | Patient_8,8039,7799,background
GSE274657,GSM8454235_Patient_8,GSE274657 | Patient_8,7906,7797,background
GSE274657,GSM8454235_Patient_8,GSE274657 | Patient_8,7773,7795,background
GSE274657,GSM8454235_Patient_8,GSE274657 | Patient_8,7640,7793,background
GSE274657,GSM8454235_Patient_8,GSE274657 | Patient_8,7507,7791,background
GSE274657,GSM8454235_Patient_8,GSE274657 | Patient_8,7374,7789,background
GSE274657,GSM8454235_Patient_8,GSE274657 | Patient_8,7241,7787,background
GSE274657,GSM8454235_Patient_8,GSE274657 | Patient_8,7108,7785,background
GSE274657,GSM8454235_Patient_8,GSE274657 | Patient_8,6976,7783,background
GSE274657,GSM8454235_Patient_8,GSE274657 | Patient_8,6843,7781,background
GSE274657,GSM8454235_Patient_8,GSE274657 | Patient_8,6710,7779,background
GSE274657,GSM8454235_Patient_8,GSE274657 | Patient_8,6577,7777,background
GSE274657,GSM8454235_Patient_8,GSE274657 | Patient_8,6444,7775,background
GSE274657,GSM8454235_Patient_8,GSE274657 | Patient_8,6311,7773,background
GSE274657,GSM8454235_Patient_8,GSE274657 | Patient_8,6178,7771,background
GSE274657,GSM8454235_Patient_8,GSE274657 | Patient_8,6045,7769,background
GSE274657,GSM8454235_Patient_8,GSE274657 | Patient_8,5912,7767,background
GSE274657,GSM8454235_Patient_8,GSE274657 | Patient_8,5779,7765,background
GSE274657,GSM8454235_Patient_8,GSE274657 | Patient_8,5646,7763,background
GSE274657,GSM8454235_Patient_8,GSE274657 | Patient_8,5513,7761,background
GSE274657,GSM8454235_Patient_8,GSE274657 | Patient_8,5380,7759,background
GSE274657,GSM8454235_Patient_8,GSE274657 | Patient_8,5247,7757,background
GSE274657,GSM8454235_Patient_8,GSE274657 | Patient_8,5114,7755,background
GSE274657,GSM8454235_Patient_8,GSE274657 | Patient_8,4981,7753,background
GSE274657,GSM8454235_Patient_8,GSE274657 | Patient_8,4848,7751,background
GSE274657,GSM8454235_Patient_8,GSE274657 | Patient_8,4715,7749,background
GSE274657,GSM8454235_Patient_8,GSE274657 | Patient_8,4582,7747,background
GSE274657,GSM8454235_Patient_8,GSE274657 | Patient_8,4449,7745,background
GSE274657,GSM8454235_Patient_8,GSE274657 | Patient_8,4316,7743,background
GSE274657,GSM8454235_Patient_8,GSE274657 | Patient_8,4183,7741,background
GSE274657,GSM8454235_Patient_8,GSE274657 | Patient_8,4050,7739,background
GSE274657,GSM8454235_Patient_8,GSE274657 | Patient_8,3917,7737,background
GSE274657,GSM8454235_Patient_8,GSE274657 | Patient_8,3784,7735,background
GSE274657,GSM8454235_Patient_8,GSE274657 | Patient_8,3651,7733,background
GSE274657,GSM8454235_Patient_8,GSE274657 | Patient_8,3518,7731,background
GSE274657,GSM8454235_Patient_8,GSE274657 | Patient_8,10235,7717,background
GSE274657,GSM8454235_Patient_8,GSE274657 | Patient_8,10102,7715,background
GSE274657,GSM8454235_Patient_8,GSE274657 | Patient_8,9969,7713,background
GSE274657,GSM8454235_Patient_8,GSE274657 | Patient_8,9836,7711,background
GSE274657,GSM8454235_Patient_8,GSE274657 | Patient_8,9703,7709,background
GSE274657,GSM8454235_Patient_8,GSE274657 | Patient_8,9570,7707,background
GSE274657,GSM8454235_Patient_8,GSE274657 | Patient_8,9437,7705,background
GSE274657,GSM8454235_Patient_8,GSE274657 | Patient_8,9304,7703,background
GSE274657,GSM8454235_Patient_8,GSE274657 | Patient_8,9171,7701,background
GSE274657,GSM8454235_Patient_8,GSE274657 | Patient_8,9038,7699,background
GSE274657,GSM8454235_Patient_8,GSE274657 | Patient_8,8905,7697,background
GSE274657,GSM8454235_Patient_8,GSE274657 | Patient_8,8772,7695,background
GSE274657,GSM8454235_Patient_8,GSE274657 | Patient_8,8639,7693,background
GSE274657,GSM8454235_Patient_8,GSE274657 | Patient_8,8506,7691,background
GSE274657,GSM8454235_Patient_8,GSE274657 | Patient_8,8373,7689,background
GSE274657,GSM8454235_Patient_8,GSE274657 | Patient_8,8241,7687,background
GSE274657,GSM8454235_Patient_8,GSE274657 | Patient_8,8108,7685,background
GSE274657,GSM8454235_Patient_8,GSE274657 | Patient_8,7975,7683,background
GSE274657,GSM8454235_Patient_8,GSE274657 | Patient_8,7842,7681,background
GSE274657,GSM8454235_Patient_8,GSE274657 | Patient_8,7709,7679,background
GSE274657,GSM8454235_Patient_8,GSE274657 | Patient_8,7576,7677,background
GSE274657,GSM8454235_Patient_8,GSE274657 | Patient_8,7443,7675,background
GSE274657,GSM8454235_Patient_8,GSE274657 | Patient_8,7310,7673,background
GSE274657,GSM8454235_Patient_8,GSE274657 | Patient_8,7177,7671,background
GSE274657,GSM8454235_Patient_8,GSE274657 | Patient_8,7044,7669,background
GSE274657,GSM8454235_Patient_8,GSE274657 | Patient_8,6911,7667,background
GSE274657,GSM8454235_Patient_8,GSE274657 | Patient_8,6778,7665,background
GSE274657,GSM8454235_Patient_8,GSE274657 | Patient_8,6645,7663,background
GSE274657,GSM8454235_Patient_8,GSE274657 | Patient_8,6512,7661,background
GSE274657,GSM8454235_Patient_8,GSE274657 | Patient_8,6379,7659,background
GSE274657,GSM8454235_Patient_8,GSE274657 | Patient_8,6246,7657,background
GSE274657,GSM8454235_Patient_8,GSE274657 | Patient_8,6113,7655,background
GSE274657,GSM8454235_Patient_8,GSE274657 | Patient_8,5980,7653,background
GSE274657,GSM8454235_Patient_8,GSE274657 | Patient_8,5847,7650,background
GSE274657,GSM8454235_Patient_8,GSE274657 | Patient_8,5714,7648,background
GSE274657,GSM8454235_Patient_8,GSE274657 | Patient_8,5581,7646,background
GSE274657,GSM8454235_Patient_8,GSE274657 | Patient_8,5448,7644,background
GSE274657,GSM8454235_Patient_8,GSE274657 | Patient_8,5315,7642,background
GSE274657,GSM8454235_Patient_8,GSE274657 | Patient_8,5182,7640,background
GSE274657,GSM8454235_Patient_8,GSE274657 | Patient_8,5049,7638,background
GSE274657,GSM8454235_Patient_8,GSE274657 | Patient_8,4916,7636,background
GSE274657,GSM8454235_Patient_8,GSE274657 | Patient_8,4783,7634,background
GSE274657,GSM8454235_Patient_8,GSE274657 | Patient_8,4650,7632,background
GSE274657,GSM8454235_Patient_8,GSE274657 | Patient_8,4517,7630,background
GSE274657,GSM8454235_Patient_8,GSE274657 | Patient_8,4384,7628,background
GSE274657,GSM8454235_Patient_8,GSE274657 | Patient_8,4251,7626,background
GSE274657,GSM8454235_Patient_8,GSE274657 | Patient_8,4118,7624,background
GSE274657,GSM8454235_Patient_8,GSE274657 | Patient_8,3985,7622,background
GSE274657,GSM8454235_Patient_8,GSE274657 | Patient_8,3852,7620,background
GSE274657,GSM8454235_Patient_8,GSE274657 | Patient_8,3719,7618,background
GSE274657,GSM8454235_Patient_8,GSE274657 | Patient_8,3587,7616,background
GSE274657,GSM8454235_Patient_8,GSE274657 | Patient_8,3454,7614,background
GSE274657,GSM8454235_Patient_8,GSE274657 | Patient_8,3321,7612,background
GSE274657,GSM8454235_Patient_8,GSE274657 | Patient_8,3188,7610,background
GSE274657,GSM8454235_Patient_8,GSE274657 | Patient_8,3055,7608,background
GSE274657,GSM8454235_Patient_8,GSE274657 | Patient_8,2922,7606,background
GSE274657,GSM8454235_Patient_8,GSE274657 | Patient_8,2789,7604,background
GSE274657,GSM8454235_Patient_8,GSE274657 | Patient_8,10170,7600,background
GSE274657,GSM8454235_Patient_8,GSE274657 | Patient_8,10037,7598,background
GSE274657,GSM8454235_Patient_8,GSE274657 | Patient_8,9904,7596,background
GSE274657,GSM8454235_Patient_8,GSE274657 | Patient_8,9771,7594,background
GSE274657,GSM8454235_Patient_8,GSE274657 | Patient_8,9638,7592,background
GSE274657,GSM8454235_Patient_8,GSE274657 | Patient_8,9505,7590,background
GSE274657,GSM8454235_Patient_8,GSE274657 | Patient_8,9373,7588,background
GSE274657,GSM8454235_Patient_8,GSE274657 | Patient_8,9240,7586,background
GSE274657,GSM8454235_Patient_8,GSE274657 | Patient_8,9107,7584,background
GSE274657,GSM8454235_Patient_8,GSE274657 | Patient_8,8974,7582,background
GSE274657,GSM8454235_Patient_8,GSE274657 | Patient_8,8841,7580,background
GSE274657,GSM8454235_Patient_8,GSE274657 | Patient_8,8708,7578,background
GSE274657,GSM8454235_Patient_8,GSE274657 | Patient_8,8575,7576,background
GSE274657,GSM8454235_Patient_8,GSE274657 | Patient_8,8442,7574,background
GSE274657,GSM8454235_Patient_8,GSE274657 | Patient_8,8309,7572,background
GSE274657,GSM8454235_Patient_8,GSE274657 | Patient_8,8176,7570,background
GSE274657,GSM8454235_Patient_8,GSE274657 | Patient_8,8043,7568,background
GSE274657,GSM8454235_Patient_8,GSE274657 | Patient_8,7910,7566,background
GSE274657,GSM8454235_Patient_8,GSE274657 | Patient_8,7777,7564,background
GSE274657,GSM8454235_Patient_8,GSE274657 | Patient_8,7644,7562,background
GSE274657,GSM8454235_Patient_8,GSE274657 | Patient_8,7511,7560,background
GSE274657,GSM8454235_Patient_8,GSE274657 | Patient_8,7378,7558,background
GSE274657,GSM8454235_Patient_8,GSE274657 | Patient_8,7245,7556,background
GSE274657,GSM8454235_Patient_8,GSE274657 | Patient_8,7112,7554,background
GSE274657,GSM8454235_Patient_8,GSE274657 | Patient_8,6979,7552,background
GSE274657,GSM8454235_Patient_8,GSE274657 | Patient_8,6846,7550,background
GSE274657,GSM8454235_Patient_8,GSE274657 | Patient_8,6713,7548,background
GSE274657,GSM8454235_Patient_8,GSE274657 | Patient_8,6580,7546,background
GSE274657,GSM8454235_Patient_8,GSE274657 | Patient_8,6447,7544,background
GSE274657,GSM8454235_Patient_8,GSE274657 | Patient_8,6314,7542,background
GSE274657,GSM8454235_Patient_8,GSE274657 | Patient_8,6181,7540,background
GSE274657,GSM8454235_Patient_8,GSE274657 | Patient_8,6048,7538,background
GSE274657,GSM8454235_Patient_8,GSE274657 | Patient_8,5915,7536,background
GSE274657,GSM8454235_Patient_8,GSE274657 | Patient_8,5782,7534,background
GSE274657,GSM8454235_Patient_8,GSE274657 | Patient_8,5649,7532,background
GSE274657,GSM8454235_Patient_8,GSE274657 | Patient_8,5516,7530,background
GSE274657,GSM8454235_Patient_8,GSE274657 | Patient_8,5383,7528,background
GSE274657,GSM8454235_Patient_8,GSE274657 | Patient_8,5250,7526,background
GSE274657,GSM8454235_Patient_8,GSE274657 | Patient_8,5117,7524,background
GSE274657,GSM8454235_Patient_8,GSE274657 | Patient_8,4984,7522,background
GSE274657,GSM8454235_Patient_8,GSE274657 | Patient_8,4851,7520,background
GSE274657,GSM8454235_Patient_8,GSE274657 | Patient_8,4719,7518,background
GSE274657,GSM8454235_Patient_8,GSE274657 | Patient_8,4586,7516,background
GSE274657,GSM8454235_Patient_8,GSE274657 | Patient_8,4453,7514,background
GSE274657,GSM8454235_Patient_8,GSE274657 | Patient_8,4320,7512,background
GSE274657,GSM8454235_Patient_8,GSE274657 | Patient_8,4187,7510,background
GSE274657,GSM8454235_Patient_8,GSE274657 | Patient_8,4054,7508,background
GSE274657,GSM8454235_Patient_8,GSE274657 | Patient_8,3921,7506,background
GSE274657,GSM8454235_Patient_8,GSE274657 | Patient_8,3788,7504,background
GSE274657,GSM8454235_Patient_8,GSE274657 | Patient_8,3655,7502,background
GSE274657,GSM8454235_Patient_8,GSE274657 | Patient_8,3522,7500,background
GSE274657,GSM8454235_Patient_8,GSE274657 | Patient_8,3389,7498,background
GSE274657,GSM8454235_Patient_8,GSE274657 | Patient_8,3256,7496,background
GSE274657,GSM8454235_Patient_8,GSE274657 | Patient_8,3123,7494,background
GSE274657,GSM8454235_Patient_8,GSE274657 | Patient_8,2990,7492,background
GSE274657,GSM8454235_Patient_8,GSE274657 | Patient_8,2857,7490,background
GSE274657,GSM8454235_Patient_8,GSE274657 | Patient_8,2724,7488,background
GSE274657,GSM8454235_Patient_8,GSE274657 | Patient_8,2591,7486,background
GSE274657,GSM8454235_Patient_8,GSE274657 | Patient_8,2458,7484,background
GSE274657,GSM8454235_Patient_8,GSE274657 | Patient_8,10239,7485,background
GSE274657,GSM8454235_Patient_8,GSE274657 | Patient_8,10106,7483,background
GSE274657,GSM8454235_Patient_8,GSE274657 | Patient_8,9973,7481,background
GSE274657,GSM8454235_Patient_8,GSE274657 | Patient_8,9840,7479,background
GSE274657,GSM8454235_Patient_8,GSE274657 | Patient_8,9707,7477,background
GSE274657,GSM8454235_Patient_8,GSE274657 | Patient_8,9574,7475,background
GSE274657,GSM8454235_Patient_8,GSE274657 | Patient_8,9441,7473,background
GSE274657,GSM8454235_Patient_8,GSE274657 | Patient_8,9308,7471,background
GSE274657,GSM8454235_Patient_8,GSE274657 | Patient_8,9175,7469,background
GSE274657,GSM8454235_Patient_8,GSE274657 | Patient_8,9042,7467,background
GSE274657,GSM8454235_Patient_8,GSE274657 | Patient_8,8909,7465,background
GSE274657,GSM8454235_Patient_8,GSE274657 | Patient_8,8776,7463,background
GSE274657,GSM8454235_Patient_8,GSE274657 | Patient_8,8643,7461,background
GSE274657,GSM8454235_Patient_8,GSE274657 | Patient_8,8510,7459,background
GSE274657,GSM8454235_Patient_8,GSE274657 | Patient_8,8377,7457,background
GSE274657,GSM8454235_Patient_8,GSE274657 | Patient_8,8244,7455,background
GSE274657,GSM8454235_Patient_8,GSE274657 | Patient_8,8111,7453,background
GSE274657,GSM8454235_Patient_8,GSE274657 | Patient_8,7978,7451,background
GSE274657,GSM8454235_Patient_8,GSE274657 | Patient_8,7845,7449,background
GSE274657,GSM8454235_Patient_8,GSE274657 | Patient_8,7712,7447,background
GSE274657,GSM8454235_Patient_8,GSE274657 | Patient_8,7579,7445,background
GSE274657,GSM8454235_Patient_8,GSE274657 | Patient_8,7446,7443,background
GSE274657,GSM8454235_Patient_8,GSE274657 | Patient_8,7313,7441,background
GSE274657,GSM8454235_Patient_8,GSE274657 | Patient_8,7180,7439,background
GSE274657,GSM8454235_Patient_8,GSE274657 | Patient_8,7047,7437,background
GSE274657,GSM8454235_Patient_8,GSE274657 | Patient_8,6914,7435,background
GSE274657,GSM8454235_Patient_8,GSE274657 | Patient_8,6781,7433,background
GSE274657,GSM8454235_Patient_8,GSE274657 | Patient_8,6648,7431,background
GSE274657,GSM8454235_Patient_8,GSE274657 | Patient_8,6515,7429,background
GSE274657,GSM8454235_Patient_8,GSE274657 | Patient_8,6382,7427,background
GSE274657,GSM8454235_Patient_8,GSE274657 | Patient_8,6249,7425,background
GSE274657,GSM8454235_Patient_8,GSE274657 | Patient_8,6116,7423,background
GSE274657,GSM8454235_Patient_8,GSE274657 | Patient_8,5983,7421,background
GSE274657,GSM8454235_Patient_8,GSE274657 | Patient_8,5851,7419,background
GSE274657,GSM8454235_Patient_8,GSE274657 | Patient_8,5718,7417,background
GSE274657,GSM8454235_Patient_8,GSE274657 | Patient_8,5585,7415,background
GSE274657,GSM8454235_Patient_8,GSE274657 | Patient_8,5452,7413,background
GSE274657,GSM8454235_Patient_8,GSE274657 | Patient_8,5319,7411,background
GSE274657,GSM8454235_Patient_8,GSE274657 | Patient_8,5186,7409,background
GSE274657,GSM8454235_Patient_8,GSE274657 | Patient_8,5053,7407,background
GSE274657,GSM8454235_Patient_8,GSE274657 | Patient_8,4920,7405,background
GSE274657,GSM8454235_Patient_8,GSE274657 | Patient_8,4787,7403,background
GSE274657,GSM8454235_Patient_8,GSE274657 | Patient_8,4654,7401,background
GSE274657,GSM8454235_Patient_8,GSE274657 | Patient_8,4521,7399,background
GSE274657,GSM8454235_Patient_8,GSE274657 | Patient_8,4388,7397,background
GSE274657,GSM8454235_Patient_8,GSE274657 | Patient_8,4255,7395,background
GSE274657,GSM8454235_Patient_8,GSE274657 | Patient_8,4122,7393,background
GSE274657,GSM8454235_Patient_8,GSE274657 | Patient_8,3989,7391,background
GSE274657,GSM8454235_Patient_8,GSE274657 | Patient_8,3856,7389,background
GSE274657,GSM8454235_Patient_8,GSE274657 | Patient_8,3723,7387,background
GSE274657,GSM8454235_Patient_8,GSE274657 | Patient_8,3590,7385,background
GSE274657,GSM8454235_Patient_8,GSE274657 | Patient_8,3457,7383,background
GSE274657,GSM8454235_Patient_8,GSE274657 | Patient_8,3324,7381,background
GSE274657,GSM8454235_Patient_8,GSE274657 | Patient_8,3191,7379,background
GSE274657,GSM8454235_Patient_8,GSE274657 | Patient_8,3058,7377,background
GSE274657,GSM8454235_Patient_8,GSE274657 | Patient_8,2925,7375,background
GSE274657,GSM8454235_Patient_8,GSE274657 | Patient_8,2792,7373,background
GSE274657,GSM8454235_Patient_8,GSE274657 | Patient_8,2659,7371,background
GSE274657,GSM8454235_Patient_8,GSE274657 | Patient_8,2526,7369,background
GSE274657,GSM8454235_Patient_8,GSE274657 | Patient_8,2393,7367,background
GSE274657,GSM8454235_Patient_8,GSE274657 | Patient_8,2260,7365,background
GSE274657,GSM8454235_Patient_8,GSE274657 | Patient_8,10174,7369,background
GSE274657,GSM8454235_Patient_8,GSE274657 | Patient_8,10041,7367,background
GSE274657,GSM8454235_Patient_8,GSE274657 | Patient_8,9908,7365,background
GSE274657,GSM8454235_Patient_8,GSE274657 | Patient_8,9775,7363,background
GSE274657,GSM8454235_Patient_8,GSE274657 | Patient_8,9642,7361,background
GSE274657,GSM8454235_Patient_8,GSE274657 | Patient_8,9509,7359,background
GSE274657,GSM8454235_Patient_8,GSE274657 | Patient_8,9376,7357,background
GSE274657,GSM8454235_Patient_8,GSE274657 | Patient_8,9243,7355,background
GSE274657,GSM8454235_Patient_8,GSE274657 | Patient_8,9110,7353,background
GSE274657,GSM8454235_Patient_8,GSE274657 | Patient_8,8977,7351,background
GSE274657,GSM8454235_Patient_8,GSE274657 | Patient_8,8844,7349,background
GSE274657,GSM8454235_Patient_8,GSE274657 | Patient_8,8711,7347,background
GSE274657,GSM8454235_Patient_8,GSE274657 | Patient_8,8578,7345,background
GSE274657,GSM8454235_Patient_8,GSE274657 | Patient_8,8445,7343,background
GSE274657,GSM8454235_Patient_8,GSE274657 | Patient_8,8312,7341,background
GSE274657,GSM8454235_Patient_8,GSE274657 | Patient_8,8179,7339,background
GSE274657,GSM8454235_Patient_8,GSE274657 | Patient_8,8046,7337,background
GSE274657,GSM8454235_Patient_8,GSE274657 | Patient_8,7913,7335,background
GSE274657,GSM8454235_Patient_8,GSE274657 | Patient_8,7780,7333,background
GSE274657,GSM8454235_Patient_8,GSE274657 | Patient_8,7647,7331,background
GSE274657,GSM8454235_Patient_8,GSE274657 | Patient_8,7514,7329,background
GSE274657,GSM8454235_Patient_8,GSE274657 | Patient_8,7381,7327,background
GSE274657,GSM8454235_Patient_8,GSE274657 | Patient_8,7248,7325,background
GSE274657,GSM8454235_Patient_8,GSE274657 | Patient_8,7115,7323,background
GSE274657,GSM8454235_Patient_8,GSE274657 | Patient_8,6983,7321,background
GSE274657,GSM8454235_Patient_8,GSE274657 | Patient_8,6850,7319,background
GSE274657,GSM8454235_Patient_8,GSE274657 | Patient_8,6717,7317,background
GSE274657,GSM8454235_Patient_8,GSE274657 | Patient_8,6584,7314,background
GSE274657,GSM8454235_Patient_8,GSE274657 | Patient_8,6451,7312,background
GSE274657,GSM8454235_Patient_8,GSE274657 | Patient_8,6318,7310,background
GSE274657,GSM8454235_Patient_8,GSE274657 | Patient_8,6185,7308,background
GSE274657,GSM8454235_Patient_8,GSE274657 | Patient_8,6052,7306,background
GSE274657,GSM8454235_Patient_8,GSE274657 | Patient_8,5919,7304,background
GSE274657,GSM8454235_Patient_8,GSE274657 | Patient_8,5786,7302,background
GSE274657,GSM8454235_Patient_8,GSE274657 | Patient_8,5653,7300,background
GSE274657,GSM8454235_Patient_8,GSE274657 | Patient_8,5520,7298,background
GSE274657,GSM8454235_Patient_8,GSE274657 | Patient_8,5387,7296,background
GSE274657,GSM8454235_Patient_8,GSE274657 | Patient_8,5254,7294,background
GSE274657,GSM8454235_Patient_8,GSE274657 | Patient_8,5121,7292,background
GSE274657,GSM8454235_Patient_8,GSE274657 | Patient_8,4988,7290,background
GSE274657,GSM8454235_Patient_8,GSE274657 | Patient_8,4855,7288,background
GSE274657,GSM8454235_Patient_8,GSE274657 | Patient_8,4722,7286,background
GSE274657,GSM8454235_Patient_8,GSE274657 | Patient_8,4589,7284,background
GSE274657,GSM8454235_Patient_8,GSE274657 | Patient_8,4456,7282,background
GSE274657,GSM8454235_Patient_8,GSE274657 | Patient_8,4323,7280,background
GSE274657,GSM8454235_Patient_8,GSE274657 | Patient_8,4190,7278,background
GSE274657,GSM8454235_Patient_8,GSE274657 | Patient_8,4057,7276,background
GSE274657,GSM8454235_Patient_8,GSE274657 | Patient_8,3924,7274,background
GSE274657,GSM8454235_Patient_8,GSE274657 | Patient_8,3791,7272,background
GSE274657,GSM8454235_Patient_8,GSE274657 | Patient_8,3658,7270,background
GSE274657,GSM8454235_Patient_8,GSE274657 | Patient_8,3525,7268,background
GSE274657,GSM8454235_Patient_8,GSE274657 | Patient_8,3392,7266,background
GSE274657,GSM8454235_Patient_8,GSE274657 | Patient_8,3259,7264,background
GSE274657,GSM8454235_Patient_8,GSE274657 | Patient_8,3126,7262,background
GSE274657,GSM8454235_Patient_8,GSE274657 | Patient_8,2993,7260,background
GSE274657,GSM8454235_Patient_8,GSE274657 | Patient_8,2860,7258,background
GSE274657,GSM8454235_Patient_8,GSE274657 | Patient_8,2727,7256,background
GSE274657,GSM8454235_Patient_8,GSE274657 | Patient_8,2594,7254,background
GSE274657,GSM8454235_Patient_8,GSE274657 | Patient_8,2462,7252,background
GSE274657,GSM8454235_Patient_8,GSE274657 | Patient_8,2329,7250,background
GSE274657,GSM8454235_Patient_8,GSE274657 | Patient_8,2196,7248,background
GSE274657,GSM8454235_Patient_8,GSE274657 | Patient_8,2063,7246,background
GSE274657,GSM8454235_Patient_8,GSE274657 | Patient_8,1930,7244,background
GSE274657,GSM8454235_Patient_8,GSE274657 | Patient_8,1797,7242,background
GSE274657,GSM8454235_Patient_8,GSE274657 | Patient_8,10242,7254,background
GSE274657,GSM8454235_Patient_8,GSE274657 | Patient_8,10109,7252,background
GSE274657,GSM8454235_Patient_8,GSE274657 | Patient_8,9976,7250,background
GSE274657,GSM8454235_Patient_8,GSE274657 | Patient_8,9843,7248,background
GSE274657,GSM8454235_Patient_8,GSE274657 | Patient_8,9710,7246,background
GSE274657,GSM8454235_Patient_8,GSE274657 | Patient_8,9577,7244,background
GSE274657,GSM8454235_Patient_8,GSE274657 | Patient_8,9444,7242,background
GSE274657,GSM8454235_Patient_8,GSE274657 | Patient_8,9311,7240,background
GSE274657,GSM8454235_Patient_8,GSE274657 | Patient_8,9178,7238,background
GSE274657,GSM8454235_Patient_8,GSE274657 | Patient_8,9045,7236,background
GSE274657,GSM8454235_Patient_8,GSE274657 | Patient_8,8912,7234,background
GSE274657,GSM8454235_Patient_8,GSE274657 | Patient_8,8779,7232,background
GSE274657,GSM8454235_Patient_8,GSE274657 | Patient_8,8646,7230,background
GSE274657,GSM8454235_Patient_8,GSE274657 | Patient_8,8513,7228,background
GSE274657,GSM8454235_Patient_8,GSE274657 | Patient_8,8380,7226,background
GSE274657,GSM8454235_Patient_8,GSE274657 | Patient_8,8248,7224,background
GSE274657,GSM8454235_Patient_8,GSE274657 | Patient_8,8115,7222,background
GSE274657,GSM8454235_Patient_8,GSE274657 | Patient_8,7982,7220,background
GSE274657,GSM8454235_Patient_8,GSE274657 | Patient_8,7849,7218,background
GSE274657,GSM8454235_Patient_8,GSE274657 | Patient_8,7716,7216,background
GSE274657,GSM8454235_Patient_8,GSE274657 | Patient_8,7583,7214,background
GSE274657,GSM8454235_Patient_8,GSE274657 | Patient_8,7450,7212,background
GSE274657,GSM8454235_Patient_8,GSE274657 | Patient_8,7317,7210,background
GSE274657,GSM8454235_Patient_8,GSE274657 | Patient_8,7184,7208,background
GSE274657,GSM8454235_Patient_8,GSE274657 | Patient_8,7051,7206,background
GSE274657,GSM8454235_Patient_8,GSE274657 | Patient_8,6918,7204,background
GSE274657,GSM8454235_Patient_8,GSE274657 | Patient_8,6785,7202,background
GSE274657,GSM8454235_Patient_8,GSE274657 | Patient_8,6652,7200,background
GSE274657,GSM8454235_Patient_8,GSE274657 | Patient_8,6519,7198,background
GSE274657,GSM8454235_Patient_8,GSE274657 | Patient_8,6386,7196,background
GSE274657,GSM8454235_Patient_8,GSE274657 | Patient_8,6253,7194,background
GSE274657,GSM8454235_Patient_8,GSE274657 | Patient_8,6120,7192,background
GSE274657,GSM8454235_Patient_8,GSE274657 | Patient_8,5987,7190,background
GSE274657,GSM8454235_Patient_8,GSE274657 | Patient_8,5854,7188,background
GSE274657,GSM8454235_Patient_8,GSE274657 | Patient_8,5721,7186,background
GSE274657,GSM8454235_Patient_8,GSE274657 | Patient_8,5588,7184,background
GSE274657,GSM8454235_Patient_8,GSE274657 | Patient_8,5455,7182,background
GSE274657,GSM8454235_Patient_8,GSE274657 | Patient_8,5322,7180,background
GSE274657,GSM8454235_Patient_8,GSE274657 | Patient_8,5189,7178,background
GSE274657,GSM8454235_Patient_8,GSE274657 | Patient_8,5056,7176,background
GSE274657,GSM8454235_Patient_8,GSE274657 | Patient_8,4923,7174,background
GSE274657,GSM8454235_Patient_8,GSE274657 | Patient_8,4790,7172,background
GSE274657,GSM8454235_Patient_8,GSE274657 | Patient_8,4657,7170,background
GSE274657,GSM8454235_Patient_8,GSE274657 | Patient_8,4524,7168,background
GSE274657,GSM8454235_Patient_8,GSE274657 | Patient_8,4391,7166,background
GSE274657,GSM8454235_Patient_8,GSE274657 | Patient_8,4258,7164,background
GSE274657,GSM8454235_Patient_8,GSE274657 | Patient_8,4125,7162,background
GSE274657,GSM8454235_Patient_8,GSE274657 | Patient_8,3992,7160,background
GSE274657,GSM8454235_Patient_8,GSE274657 | Patient_8,3859,7158,background
GSE274657,GSM8454235_Patient_8,GSE274657 | Patient_8,3726,7156,background
GSE274657,GSM8454235_Patient_8,GSE274657 | Patient_8,3594,7154,background
GSE274657,GSM8454235_Patient_8,GSE274657 | Patient_8,3461,7152,background
GSE274657,GSM8454235_Patient_8,GSE274657 | Patient_8,3328,7150,background
GSE274657,GSM8454235_Patient_8,GSE274657 | Patient_8,3195,7148,background
GSE274657,GSM8454235_Patient_8,GSE274657 | Patient_8,3062,7146,background
GSE274657,GSM8454235_Patient_8,GSE274657 | Patient_8,2929,7144,background
GSE274657,GSM8454235_Patient_8,GSE274657 | Patient_8,2796,7141,background
GSE274657,GSM8454235_Patient_8,GSE274657 | Patient_8,2663,7139,background
GSE274657,GSM8454235_Patient_8,GSE274657 | Patient_8,2530,7137,background
GSE274657,GSM8454235_Patient_8,GSE274657 | Patient_8,2397,7135,background
GSE274657,GSM8454235_Patient_8,GSE274657 | Patient_8,2264,7133,background
GSE274657,GSM8454235_Patient_8,GSE274657 | Patient_8,2131,7131,background
GSE274657,GSM8454235_Patient_8,GSE274657 | Patient_8,1998,7129,background
GSE274657,GSM8454235_Patient_8,GSE274657 | Patient_8,1865,7127,background
GSE274657,GSM8454235_Patient_8,GSE274657 | Patient_8,10177,7137,background
GSE274657,GSM8454235_Patient_8,GSE274657 | Patient_8,10044,7135,background
GSE274657,GSM8454235_Patient_8,GSE274657 | Patient_8,9911,7133,background
GSE274657,GSM8454235_Patient_8,GSE274657 | Patient_8,9778,7131,background
GSE274657,GSM8454235_Patient_8,GSE274657 | Patient_8,9645,7129,background
GSE274657,GSM8454235_Patient_8,GSE274657 | Patient_8,9512,7127,background
GSE274657,GSM8454235_Patient_8,GSE274657 | Patient_8,9380,7125,background
GSE274657,GSM8454235_Patient_8,GSE274657 | Patient_8,9247,7123,background
GSE274657,GSM8454235_Patient_8,GSE274657 | Patient_8,9114,7121,background
GSE274657,GSM8454235_Patient_8,GSE274657 | Patient_8,8981,7119,background
GSE274657,GSM8454235_Patient_8,GSE274657 | Patient_8,8848,7117,background
GSE274657,GSM8454235_Patient_8,GSE274657 | Patient_8,8715,7115,background
GSE274657,GSM8454235_Patient_8,GSE274657 | Patient_8,8582,7113,background
GSE274657,GSM8454235_Patient_8,GSE274657 | Patient_8,8449,7111,background
GSE274657,GSM8454235_Patient_8,GSE274657 | Patient_8,8316,7109,background
GSE274657,GSM8454235_Patient_8,GSE274657 | Patient_8,8183,7107,background
GSE274657,GSM8454235_Patient_8,GSE274657 | Patient_8,8050,7105,background
GSE274657,GSM8454235_Patient_8,GSE274657 | Patient_8,7917,7103,background
GSE274657,GSM8454235_Patient_8,GSE274657 | Patient_8,7784,7101,background
GSE274657,GSM8454235_Patient_8,GSE274657 | Patient_8,7651,7099,background
GSE274657,GSM8454235_Patient_8,GSE274657 | Patient_8,7518,7097,background
GSE274657,GSM8454235_Patient_8,GSE274657 | Patient_8,7385,7095,background
GSE274657,GSM8454235_Patient_8,GSE274657 | Patient_8,7252,7093,background
GSE274657,GSM8454235_Patient_8,GSE274657 | Patient_8,7119,7091,background
GSE274657,GSM8454235_Patient_8,GSE274657 | Patient_8,6986,7089,background
GSE274657,GSM8454235_Patient_8,GSE274657 | Patient_8,6853,7087,background
GSE274657,GSM8454235_Patient_8,GSE274657 | Patient_8,6720,7085,background
GSE274657,GSM8454235_Patient_8,GSE274657 | Patient_8,6587,7083,background
GSE274657,GSM8454235_Patient_8,GSE274657 | Patient_8,6454,7081,background
GSE274657,GSM8454235_Patient_8,GSE274657 | Patient_8,6321,7079,background
GSE274657,GSM8454235_Patient_8,GSE274657 | Patient_8,6188,7077,background
GSE274657,GSM8454235_Patient_8,GSE274657 | Patient_8,6055,7075,background
GSE274657,GSM8454235_Patient_8,GSE274657 | Patient_8,5922,7073,background
GSE274657,GSM8454235_Patient_8,GSE274657 | Patient_8,5789,7071,background
GSE274657,GSM8454235_Patient_8,GSE274657 | Patient_8,5656,7069,background
GSE274657,GSM8454235_Patient_8,GSE274657 | Patient_8,5523,7067,background
GSE274657,GSM8454235_Patient_8,GSE274657 | Patient_8,5390,7065,background
GSE274657,GSM8454235_Patient_8,GSE274657 | Patient_8,5257,7063,background
GSE274657,GSM8454235_Patient_8,GSE274657 | Patient_8,5124,7061,background
GSE274657,GSM8454235_Patient_8,GSE274657 | Patient_8,4991,7059,background
GSE274657,GSM8454235_Patient_8,GSE274657 | Patient_8,4858,7057,background
GSE274657,GSM8454235_Patient_8,GSE274657 | Patient_8,4726,7055,background
GSE274657,GSM8454235_Patient_8,GSE274657 | Patient_8,4593,7053,background
GSE274657,GSM8454235_Patient_8,GSE274657 | Patient_8,4460,7051,background
GSE274657,GSM8454235_Patient_8,GSE274657 | Patient_8,4327,7049,background
GSE274657,GSM8454235_Patient_8,GSE274657 | Patient_8,4194,7047,background
GSE274657,GSM8454235_Patient_8,GSE274657 | Patient_8,4061,7045,background
GSE274657,GSM8454235_Patient_8,GSE274657 | Patient_8,3928,7043,background
GSE274657,GSM8454235_Patient_8,GSE274657 | Patient_8,3795,7041,background
GSE274657,GSM8454235_Patient_8,GSE274657 | Patient_8,3662,7039,background
GSE274657,GSM8454235_Patient_8,GSE274657 | Patient_8,3529,7037,background
GSE274657,GSM8454235_Patient_8,GSE274657 | Patient_8,3396,7035,background
GSE274657,GSM8454235_Patient_8,GSE274657 | Patient_8,3263,7033,background
GSE274657,GSM8454235_Patient_8,GSE274657 | Patient_8,3130,7031,background
GSE274657,GSM8454235_Patient_8,GSE274657 | Patient_8,2997,7029,background
GSE274657,GSM8454235_Patient_8,GSE274657 | Patient_8,2864,7027,background
GSE274657,GSM8454235_Patient_8,GSE274657 | Patient_8,2731,7025,background
GSE274657,GSM8454235_Patient_8,GSE274657 | Patient_8,2598,7023,background
GSE274657,GSM8454235_Patient_8,GSE274657 | Patient_8,2465,7021,background
GSE274657,GSM8454235_Patient_8,GSE274657 | Patient_8,2332,7019,background
GSE274657,GSM8454235_Patient_8,GSE274657 | Patient_8,2199,7017,background
GSE274657,GSM8454235_Patient_8,GSE274657 | Patient_8,2066,7015,background
GSE274657,GSM8454235_Patient_8,GSE274657 | Patient_8,1933,7013,background
GSE274657,GSM8454235_Patient_8,GSE274657 | Patient_8,1800,7011,background
GSE274657,GSM8454235_Patient_8,GSE274657 | Patient_8,10246,7023,background
GSE274657,GSM8454235_Patient_8,GSE274657 | Patient_8,10113,7021,background
GSE274657,GSM8454235_Patient_8,GSE274657 | Patient_8,9980,7019,background
GSE274657,GSM8454235_Patient_8,GSE274657 | Patient_8,9847,7017,background
GSE274657,GSM8454235_Patient_8,GSE274657 | Patient_8,9714,7015,background
GSE274657,GSM8454235_Patient_8,GSE274657 | Patient_8,9581,7013,background
GSE274657,GSM8454235_Patient_8,GSE274657 | Patient_8,9448,7011,background
GSE274657,GSM8454235_Patient_8,GSE274657 | Patient_8,9315,7009,background
GSE274657,GSM8454235_Patient_8,GSE274657 | Patient_8,9182,7007,background
GSE274657,GSM8454235_Patient_8,GSE274657 | Patient_8,9049,7005,background
GSE274657,GSM8454235_Patient_8,GSE274657 | Patient_8,8916,7003,background
GSE274657,GSM8454235_Patient_8,GSE274657 | Patient_8,8783,7001,background
GSE274657,GSM8454235_Patient_8,GSE274657 | Patient_8,8650,6999,background
GSE274657,GSM8454235_Patient_8,GSE274657 | Patient_8,8517,6997,background
GSE274657,GSM8454235_Patient_8,GSE274657 | Patient_8,8384,6995,background
GSE274657,GSM8454235_Patient_8,GSE274657 | Patient_8,8251,6993,background
GSE274657,GSM8454235_Patient_8,GSE274657 | Patient_8,8118,6991,background
GSE274657,GSM8454235_Patient_8,GSE274657 | Patient_8,7985,6989,background
GSE274657,GSM8454235_Patient_8,GSE274657 | Patient_8,7852,6987,background
GSE274657,GSM8454235_Patient_8,GSE274657 | Patient_8,7719,6985,background
GSE274657,GSM8454235_Patient_8,GSE274657 | Patient_8,7586,6983,background
GSE274657,GSM8454235_Patient_8,GSE274657 | Patient_8,7453,6981,background
GSE274657,GSM8454235_Patient_8,GSE274657 | Patient_8,7320,6979,background
GSE274657,GSM8454235_Patient_8,GSE274657 | Patient_8,7187,6976,background
GSE274657,GSM8454235_Patient_8,GSE274657 | Patient_8,7054,6974,background
GSE274657,GSM8454235_Patient_8,GSE274657 | Patient_8,6921,6972,background
GSE274657,GSM8454235_Patient_8,GSE274657 | Patient_8,6788,6970,background
GSE274657,GSM8454235_Patient_8,GSE274657 | Patient_8,6655,6968,background
GSE274657,GSM8454235_Patient_8,GSE274657 | Patient_8,6522,6966,background
GSE274657,GSM8454235_Patient_8,GSE274657 | Patient_8,6389,6964,background
GSE274657,GSM8454235_Patient_8,GSE274657 | Patient_8,6256,6962,background
GSE274657,GSM8454235_Patient_8,GSE274657 | Patient_8,6123,6960,background
GSE274657,GSM8454235_Patient_8,GSE274657 | Patient_8,5990,6958,background
GSE274657,GSM8454235_Patient_8,GSE274657 | Patient_8,5858,6956,background
GSE274657,GSM8454235_Patient_8,GSE274657 | Patient_8,5725,6954,background
GSE274657,GSM8454235_Patient_8,GSE274657 | Patient_8,5592,6952,background
GSE274657,GSM8454235_Patient_8,GSE274657 | Patient_8,5459,6950,background
GSE274657,GSM8454235_Patient_8,GSE274657 | Patient_8,5326,6948,background
GSE274657,GSM8454235_Patient_8,GSE274657 | Patient_8,5193,6946,background
GSE274657,GSM8454235_Patient_8,GSE274657 | Patient_8,5060,6944,background
GSE274657,GSM8454235_Patient_8,GSE274657 | Patient_8,4927,6942,background
GSE274657,GSM8454235_Patient_8,GSE274657 | Patient_8,4794,6940,background
GSE274657,GSM8454235_Patient_8,GSE274657 | Patient_8,4661,6938,background
GSE274657,GSM8454235_Patient_8,GSE274657 | Patient_8,4528,6936,background
GSE274657,GSM8454235_Patient_8,GSE274657 | Patient_8,4395,6934,background
GSE274657,GSM8454235_Patient_8,GSE274657 | Patient_8,4262,6932,background
GSE274657,GSM8454235_Patient_8,GSE274657 | Patient_8,4129,6930,background
GSE274657,GSM8454235_Patient_8,GSE274657 | Patient_8,3996,6928,background
GSE274657,GSM8454235_Patient_8,GSE274657 | Patient_8,3863,6926,background
GSE274657,GSM8454235_Patient_8,GSE274657 | Patient_8,3730,6924,background
GSE274657,GSM8454235_Patient_8,GSE274657 | Patient_8,3597,6922,background
GSE274657,GSM8454235_Patient_8,GSE274657 | Patient_8,3464,6920,background
GSE274657,GSM8454235_Patient_8,GSE274657 | Patient_8,3331,6918,background
GSE274657,GSM8454235_Patient_8,GSE274657 | Patient_8,3198,6916,background
GSE274657,GSM8454235_Patient_8,GSE274657 | Patient_8,3065,6914,background
GSE274657,GSM8454235_Patient_8,GSE274657 | Patient_8,2932,6912,background
GSE274657,GSM8454235_Patient_8,GSE274657 | Patient_8,2799,6910,background
GSE274657,GSM8454235_Patient_8,GSE274657 | Patient_8,2666,6908,background
GSE274657,GSM8454235_Patient_8,GSE274657 | Patient_8,2533,6906,background
GSE274657,GSM8454235_Patient_8,GSE274657 | Patient_8,2400,6904,background
GSE274657,GSM8454235_Patient_8,GSE274657 | Patient_8,2267,6902,background
GSE274657,GSM8454235_Patient_8,GSE274657 | Patient_8,2134,6900,background
GSE274657,GSM8454235_Patient_8,GSE274657 | Patient_8,2001,6898,background
GSE274657,GSM8454235_Patient_8,GSE274657 | Patient_8,1868,6896,background
GSE274657,GSM8454235_Patient_8,GSE274657 | Patient_8,10181,6906,background
GSE274657,GSM8454235_Patient_8,GSE274657 | Patient_8,10048,6904,background
GSE274657,GSM8454235_Patient_8,GSE274657 | Patient_8,9915,6902,background
GSE274657,GSM8454235_Patient_8,GSE274657 | Patient_8,9782,6900,background
GSE274657,GSM8454235_Patient_8,GSE274657 | Patient_8,9649,6898,background
GSE274657,GSM8454235_Patient_8,GSE274657 | Patient_8,9516,6896,background
GSE274657,GSM8454235_Patient_8,GSE274657 | Patient_8,9383,6894,background
GSE274657,GSM8454235_Patient_8,GSE274657 | Patient_8,9250,6892,background
GSE274657,GSM8454235_Patient_8,GSE274657 | Patient_8,9117,6890,background
GSE274657,GSM8454235_Patient_8,GSE274657 | Patient_8,8984,6888,background
GSE274657,GSM8454235_Patient_8,GSE274657 | Patient_8,8851,6886,background
GSE274657,GSM8454235_Patient_8,GSE274657 | Patient_8,8718,6884,background
GSE274657,GSM8454235_Patient_8,GSE274657 | Patient_8,8585,6882,background
GSE274657,GSM8454235_Patient_8,GSE274657 | Patient_8,8452,6880,background
GSE274657,GSM8454235_Patient_8,GSE274657 | Patient_8,8319,6878,background
GSE274657,GSM8454235_Patient_8,GSE274657 | Patient_8,8186,6876,background
GSE274657,GSM8454235_Patient_8,GSE274657 | Patient_8,8053,6874,background
GSE274657,GSM8454235_Patient_8,GSE274657 | Patient_8,7920,6872,background
GSE274657,GSM8454235_Patient_8,GSE274657 | Patient_8,7787,6870,background
GSE274657,GSM8454235_Patient_8,GSE274657 | Patient_8,7654,6868,background
GSE274657,GSM8454235_Patient_8,GSE274657 | Patient_8,7521,6866,background
GSE274657,GSM8454235_Patient_8,GSE274657 | Patient_8,7388,6864,background
GSE274657,GSM8454235_Patient_8,GSE274657 | Patient_8,7255,6862,background
GSE274657,GSM8454235_Patient_8,GSE274657 | Patient_8,7122,6860,background
GSE274657,GSM8454235_Patient_8,GSE274657 | Patient_8,6990,6858,background
GSE274657,GSM8454235_Patient_8,GSE274657 | Patient_8,6857,6856,background
GSE274657,GSM8454235_Patient_8,GSE274657 | Patient_8,6724,6854,background
GSE274657,GSM8454235_Patient_8,GSE274657 | Patient_8,6591,6852,background
GSE274657,GSM8454235_Patient_8,GSE274657 | Patient_8,6458,6850,background
GSE274657,GSM8454235_Patient_8,GSE274657 | Patient_8,6325,6848,background
GSE274657,GSM8454235_Patient_8,GSE274657 | Patient_8,6192,6846,background
GSE274657,GSM8454235_Patient_8,GSE274657 | Patient_8,6059,6844,background
GSE274657,GSM8454235_Patient_8,GSE274657 | Patient_8,5926,6842,background
GSE274657,GSM8454235_Patient_8,GSE274657 | Patient_8,5793,6840,background
GSE274657,GSM8454235_Patient_8,GSE274657 | Patient_8,5660,6838,background
GSE274657,GSM8454235_Patient_8,GSE274657 | Patient_8,5527,6836,background
GSE274657,GSM8454235_Patient_8,GSE274657 | Patient_8,5394,6834,background
GSE274657,GSM8454235_Patient_8,GSE274657 | Patient_8,5261,6832,background
GSE274657,GSM8454235_Patient_8,GSE274657 | Patient_8,5128,6830,background
GSE274657,GSM8454235_Patient_8,GSE274657 | Patient_8,4995,6828,background
GSE274657,GSM8454235_Patient_8,GSE274657 | Patient_8,4862,6826,background
GSE274657,GSM8454235_Patient_8,GSE274657 | Patient_8,4729,6824,background
GSE274657,GSM8454235_Patient_8,GSE274657 | Patient_8,4596,6822,background
GSE274657,GSM8454235_Patient_8,GSE274657 | Patient_8,4463,6820,background
GSE274657,GSM8454235_Patient_8,GSE274657 | Patient_8,4330,6818,background
GSE274657,GSM8454235_Patient_8,GSE274657 | Patient_8,4197,6816,background
GSE274657,GSM8454235_Patient_8,GSE274657 | Patient_8,4064,6814,background
GSE274657,GSM8454235_Patient_8,GSE274657 | Patient_8,3931,6812,background
GSE274657,GSM8454235_Patient_8,GSE274657 | Patient_8,3798,6810,background
GSE274657,GSM8454235_Patient_8,GSE274657 | Patient_8,3665,6808,background
GSE274657,GSM8454235_Patient_8,GSE274657 | Patient_8,3532,6806,background
GSE274657,GSM8454235_Patient_8,GSE274657 | Patient_8,3399,6803,background
GSE274657,GSM8454235_Patient_8,GSE274657 | Patient_8,3266,6801,background
GSE274657,GSM8454235_Patient_8,GSE274657 | Patient_8,3133,6799,background
GSE274657,GSM8454235_Patient_8,GSE274657 | Patient_8,3000,6797,background
GSE274657,GSM8454235_Patient_8,GSE274657 | Patient_8,2867,6795,background
GSE274657,GSM8454235_Patient_8,GSE274657 | Patient_8,2734,6793,background
GSE274657,GSM8454235_Patient_8,GSE274657 | Patient_8,2601,6791,background
GSE274657,GSM8454235_Patient_8,GSE274657 | Patient_8,2469,6789,background
GSE274657,GSM8454235_Patient_8,GSE274657 | Patient_8,2336,6787,background
GSE274657,GSM8454235_Patient_8,GSE274657 | Patient_8,2203,6785,background
GSE274657,GSM8454235_Patient_8,GSE274657 | Patient_8,2070,6783,background
GSE274657,GSM8454235_Patient_8,GSE274657 | Patient_8,1937,6781,background
GSE274657,GSM8454235_Patient_8,GSE274657 | Patient_8,1804,6779,background
GSE274657,GSM8454235_Patient_8,GSE274657 | Patient_8,10249,6791,background
GSE274657,GSM8454235_Patient_8,GSE274657 | Patient_8,10116,6789,background
GSE274657,GSM8454235_Patient_8,GSE274657 | Patient_8,9983,6787,background
GSE274657,GSM8454235_Patient_8,GSE274657 | Patient_8,9850,6785,background
GSE274657,GSM8454235_Patient_8,GSE274657 | Patient_8,9717,6783,background
GSE274657,GSM8454235_Patient_8,GSE274657 | Patient_8,9584,6781,background
GSE274657,GSM8454235_Patient_8,GSE274657 | Patient_8,9451,6779,background
GSE274657,GSM8454235_Patient_8,GSE274657 | Patient_8,9318,6777,background
GSE274657,GSM8454235_Patient_8,GSE274657 | Patient_8,9185,6775,background
GSE274657,GSM8454235_Patient_8,GSE274657 | Patient_8,9052,6773,background
GSE274657,GSM8454235_Patient_8,GSE274657 | Patient_8,8919,6771,background
GSE274657,GSM8454235_Patient_8,GSE274657 | Patient_8,8786,6769,background
GSE274657,GSM8454235_Patient_8,GSE274657 | Patient_8,8653,6767,background
GSE274657,GSM8454235_Patient_8,GSE274657 | Patient_8,8520,6765,background
GSE274657,GSM8454235_Patient_8,GSE274657 | Patient_8,8387,6763,background
GSE274657,GSM8454235_Patient_8,GSE274657 | Patient_8,8255,6761,background
GSE274657,GSM8454235_Patient_8,GSE274657 | Patient_8,8122,6759,background
GSE274657,GSM8454235_Patient_8,GSE274657 | Patient_8,7989,6757,background
GSE274657,GSM8454235_Patient_8,GSE274657 | Patient_8,7856,6755,background
GSE274657,GSM8454235_Patient_8,GSE274657 | Patient_8,7723,6753,background
GSE274657,GSM8454235_Patient_8,GSE274657 | Patient_8,7590,6751,background
GSE274657,GSM8454235_Patient_8,GSE274657 | Patient_8,7457,6749,background
GSE274657,GSM8454235_Patient_8,GSE274657 | Patient_8,7324,6747,background
GSE274657,GSM8454235_Patient_8,GSE274657 | Patient_8,7191,6745,background
GSE274657,GSM8454235_Patient_8,GSE274657 | Patient_8,7058,6743,background
GSE274657,GSM8454235_Patient_8,GSE274657 | Patient_8,6925,6741,background
GSE274657,GSM8454235_Patient_8,GSE274657 | Patient_8,6792,6739,background
GSE274657,GSM8454235_Patient_8,GSE274657 | Patient_8,6659,6737,background
GSE274657,GSM8454235_Patient_8,GSE274657 | Patient_8,6526,6735,background
GSE274657,GSM8454235_Patient_8,GSE274657 | Patient_8,6393,6733,background
GSE274657,GSM8454235_Patient_8,GSE274657 | Patient_8,6260,6731,background
GSE274657,GSM8454235_Patient_8,GSE274657 | Patient_8,6127,6729,background
GSE274657,GSM8454235_Patient_8,GSE274657 | Patient_8,5994,6727,background
GSE274657,GSM8454235_Patient_8,GSE274657 | Patient_8,5861,6725,background
GSE274657,GSM8454235_Patient_8,GSE274657 | Patient_8,5728,6723,background
GSE274657,GSM8454235_Patient_8,GSE274657 | Patient_8,5595,6721,background
GSE274657,GSM8454235_Patient_8,GSE274657 | Patient_8,5462,6719,background
GSE274657,GSM8454235_Patient_8,GSE274657 | Patient_8,5329,6717,background
GSE274657,GSM8454235_Patient_8,GSE274657 | Patient_8,5196,6715,background
GSE274657,GSM8454235_Patient_8,GSE274657 | Patient_8,5063,6713,background
GSE274657,GSM8454235_Patient_8,GSE274657 | Patient_8,4930,6711,background
GSE274657,GSM8454235_Patient_8,GSE274657 | Patient_8,4797,6709,background
GSE274657,GSM8454235_Patient_8,GSE274657 | Patient_8,4664,6707,background
GSE274657,GSM8454235_Patient_8,GSE274657 | Patient_8,4531,6705,background
GSE274657,GSM8454235_Patient_8,GSE274657 | Patient_8,4398,6703,background
GSE274657,GSM8454235_Patient_8,GSE274657 | Patient_8,4265,6701,background
GSE274657,GSM8454235_Patient_8,GSE274657 | Patient_8,4132,6699,background
GSE274657,GSM8454235_Patient_8,GSE274657 | Patient_8,3999,6697,background
GSE274657,GSM8454235_Patient_8,GSE274657 | Patient_8,3866,6695,background
GSE274657,GSM8454235_Patient_8,GSE274657 | Patient_8,3733,6693,background
GSE274657,GSM8454235_Patient_8,GSE274657 | Patient_8,3601,6691,background
GSE274657,GSM8454235_Patient_8,GSE274657 | Patient_8,3468,6689,background
GSE274657,GSM8454235_Patient_8,GSE274657 | Patient_8,3335,6687,background
GSE274657,GSM8454235_Patient_8,GSE274657 | Patient_8,3202,6685,background
GSE274657,GSM8454235_Patient_8,GSE274657 | Patient_8,3069,6683,background
GSE274657,GSM8454235_Patient_8,GSE274657 | Patient_8,2936,6681,background
GSE274657,GSM8454235_Patient_8,GSE274657 | Patient_8,2803,6679,background
GSE274657,GSM8454235_Patient_8,GSE274657 | Patient_8,2670,6677,background
GSE274657,GSM8454235_Patient_8,GSE274657 | Patient_8,2537,6675,background
GSE274657,GSM8454235_Patient_8,GSE274657 | Patient_8,2404,6673,background
GSE274657,GSM8454235_Patient_8,GSE274657 | Patient_8,2271,6671,background
GSE274657,GSM8454235_Patient_8,GSE274657 | Patient_8,2138,6669,background
GSE274657,GSM8454235_Patient_8,GSE274657 | Patient_8,2005,6667,background
GSE274657,GSM8454235_Patient_8,GSE274657 | Patient_8,1872,6665,background
GSE274657,GSM8454235_Patient_8,GSE274657 | Patient_8,10184,6675,background
GSE274657,GSM8454235_Patient_8,GSE274657 | Patient_8,10051,6673,background
GSE274657,GSM8454235_Patient_8,GSE274657 | Patient_8,9918,6671,background
GSE274657,GSM8454235_Patient_8,GSE274657 | Patient_8,9785,6669,background
GSE274657,GSM8454235_Patient_8,GSE274657 | Patient_8,9652,6667,background
GSE274657,GSM8454235_Patient_8,GSE274657 | Patient_8,9519,6665,background
GSE274657,GSM8454235_Patient_8,GSE274657 | Patient_8,9387,6663,background
GSE274657,GSM8454235_Patient_8,GSE274657 | Patient_8,9254,6661,background
GSE274657,GSM8454235_Patient_8,GSE274657 | Patient_8,9121,6659,background
GSE274657,GSM8454235_Patient_8,GSE274657 | Patient_8,8988,6657,background
GSE274657,GSM8454235_Patient_8,GSE274657 | Patient_8,8855,6655,background
GSE274657,GSM8454235_Patient_8,GSE274657 | Patient_8,8722,6653,background
GSE274657,GSM8454235_Patient_8,GSE274657 | Patient_8,8589,6651,background
GSE274657,GSM8454235_Patient_8,GSE274657 | Patient_8,8456,6649,background
GSE274657,GSM8454235_Patient_8,GSE274657 | Patient_8,8323,6647,background
GSE274657,GSM8454235_Patient_8,GSE274657 | Patient_8,8190,6645,background
GSE274657,GSM8454235_Patient_8,GSE274657 | Patient_8,8057,6643,background
GSE274657,GSM8454235_Patient_8,GSE274657 | Patient_8,7924,6640,background
GSE274657,GSM8454235_Patient_8,GSE274657 | Patient_8,7791,6638,background
GSE274657,GSM8454235_Patient_8,GSE274657 | Patient_8,7658,6636,background
GSE274657,GSM8454235_Patient_8,GSE274657 | Patient_8,7525,6634,background
GSE274657,GSM8454235_Patient_8,GSE274657 | Patient_8,7392,6632,background
GSE274657,GSM8454235_Patient_8,GSE274657 | Patient_8,7259,6630,background
GSE274657,GSM8454235_Patient_8,GSE274657 | Patient_8,7126,6628,background
GSE274657,GSM8454235_Patient_8,GSE274657 | Patient_8,6993,6626,background
GSE274657,GSM8454235_Patient_8,GSE274657 | Patient_8,6860,6624,background
GSE274657,GSM8454235_Patient_8,GSE274657 | Patient_8,6727,6622,background
GSE274657,GSM8454235_Patient_8,GSE274657 | Patient_8,6594,6620,background
GSE274657,GSM8454235_Patient_8,GSE274657 | Patient_8,6461,6618,background
GSE274657,GSM8454235_Patient_8,GSE274657 | Patient_8,6328,6616,background
GSE274657,GSM8454235_Patient_8,GSE274657 | Patient_8,6195,6614,background
GSE274657,GSM8454235_Patient_8,GSE274657 | Patient_8,6062,6612,background
GSE274657,GSM8454235_Patient_8,GSE274657 | Patient_8,5929,6610,background
GSE274657,GSM8454235_Patient_8,GSE274657 | Patient_8,5796,6608,background
GSE274657,GSM8454235_Patient_8,GSE274657 | Patient_8,5663,6606,background
GSE274657,GSM8454235_Patient_8,GSE274657 | Patient_8,5530,6604,background
GSE274657,GSM8454235_Patient_8,GSE274657 | Patient_8,5397,6602,background
GSE274657,GSM8454235_Patient_8,GSE274657 | Patient_8,5264,6600,background
GSE274657,GSM8454235_Patient_8,GSE274657 | Patient_8,5131,6598,background
GSE274657,GSM8454235_Patient_8,GSE274657 | Patient_8,4998,6596,background
GSE274657,GSM8454235_Patient_8,GSE274657 | Patient_8,4865,6594,background
GSE274657,GSM8454235_Patient_8,GSE274657 | Patient_8,4733,6592,background
GSE274657,GSM8454235_Patient_8,GSE274657 | Patient_8,4600,6590,background
GSE274657,GSM8454235_Patient_8,GSE274657 | Patient_8,4467,6588,background
GSE274657,GSM8454235_Patient_8,GSE274657 | Patient_8,4334,6586,background
GSE274657,GSM8454235_Patient_8,GSE274657 | Patient_8,4201,6584,background
GSE274657,GSM8454235_Patient_8,GSE274657 | Patient_8,4068,6582,background
GSE274657,GSM8454235_Patient_8,GSE274657 | Patient_8,3935,6580,background
GSE274657,GSM8454235_Patient_8,GSE274657 | Patient_8,3802,6578,background
GSE274657,GSM8454235_Patient_8,GSE274657 | Patient_8,3669,6576,background
GSE274657,GSM8454235_Patient_8,GSE274657 | Patient_8,3536,6574,background
GSE274657,GSM8454235_Patient_8,GSE274657 | Patient_8,3403,6572,background
GSE274657,GSM8454235_Patient_8,GSE274657 | Patient_8,3270,6570,background
GSE274657,GSM8454235_Patient_8,GSE274657 | Patient_8,3137,6568,background
GSE274657,GSM8454235_Patient_8,GSE274657 | Patient_8,3004,6566,background
GSE274657,GSM8454235_Patient_8,GSE274657 | Patient_8,2871,6564,background
GSE274657,GSM8454235_Patient_8,GSE274657 | Patient_8,2738,6562,background
GSE274657,GSM8454235_Patient_8,GSE274657 | Patient_8,2605,6560,background
GSE274657,GSM8454235_Patient_8,GSE274657 | Patient_8,2472,6558,background
GSE274657,GSM8454235_Patient_8,GSE274657 | Patient_8,2339,6556,background
GSE274657,GSM8454235_Patient_8,GSE274657 | Patient_8,2206,6554,background
GSE274657,GSM8454235_Patient_8,GSE274657 | Patient_8,2073,6552,background
GSE274657,GSM8454235_Patient_8,GSE274657 | Patient_8,1940,6550,background
GSE274657,GSM8454235_Patient_8,GSE274657 | Patient_8,1807,6548,background
GSE274657,GSM8454235_Patient_8,GSE274657 | Patient_8,10253,6560,background
GSE274657,GSM8454235_Patient_8,GSE274657 | Patient_8,10120,6558,background
GSE274657,GSM8454235_Patient_8,GSE274657 | Patient_8,9987,6556,background
GSE274657,GSM8454235_Patient_8,GSE274657 | Patient_8,9854,6554,background
GSE274657,GSM8454235_Patient_8,GSE274657 | Patient_8,9721,6552,background
GSE274657,GSM8454235_Patient_8,GSE274657 | Patient_8,9588,6550,background
GSE274657,GSM8454235_Patient_8,GSE274657 | Patient_8,9455,6548,background
GSE274657,GSM8454235_Patient_8,GSE274657 | Patient_8,9322,6546,background
GSE274657,GSM8454235_Patient_8,GSE274657 | Patient_8,9189,6544,background
GSE274657,GSM8454235_Patient_8,GSE274657 | Patient_8,9056,6542,background
GSE274657,GSM8454235_Patient_8,GSE274657 | Patient_8,8923,6540,background
GSE274657,GSM8454235_Patient_8,GSE274657 | Patient_8,8790,6538,background
GSE274657,GSM8454235_Patient_8,GSE274657 | Patient_8,8657,6536,background
GSE274657,GSM8454235_Patient_8,GSE274657 | Patient_8,8524,6534,background
GSE274657,GSM8454235_Patient_8,GSE274657 | Patient_8,8391,6532,background
GSE274657,GSM8454235_Patient_8,GSE274657 | Patient_8,8258,6530,background
GSE274657,GSM8454235_Patient_8,GSE274657 | Patient_8,8125,6528,background
GSE274657,GSM8454235_Patient_8,GSE274657 | Patient_8,7992,6526,background
GSE274657,GSM8454235_Patient_8,GSE274657 | Patient_8,7859,6524,background
GSE274657,GSM8454235_Patient_8,GSE274657 | Patient_8,7726,6522,background
GSE274657,GSM8454235_Patient_8,GSE274657 | Patient_8,7593,6520,background
GSE274657,GSM8454235_Patient_8,GSE274657 | Patient_8,7460,6518,background
GSE274657,GSM8454235_Patient_8,GSE274657 | Patient_8,7327,6516,background
GSE274657,GSM8454235_Patient_8,GSE274657 | Patient_8,7194,6514,background
GSE274657,GSM8454235_Patient_8,GSE274657 | Patient_8,7061,6512,background
GSE274657,GSM8454235_Patient_8,GSE274657 | Patient_8,6928,6510,background
GSE274657,GSM8454235_Patient_8,GSE274657 | Patient_8,6795,6508,background
GSE274657,GSM8454235_Patient_8,GSE274657 | Patient_8,6662,6506,background
GSE274657,GSM8454235_Patient_8,GSE274657 | Patient_8,6529,6504,background
GSE274657,GSM8454235_Patient_8,GSE274657 | Patient_8,6396,6502,background
GSE274657,GSM8454235_Patient_8,GSE274657 | Patient_8,6263,6500,background
GSE274657,GSM8454235_Patient_8,GSE274657 | Patient_8,6130,6498,background
GSE274657,GSM8454235_Patient_8,GSE274657 | Patient_8,5997,6496,background
GSE274657,GSM8454235_Patient_8,GSE274657 | Patient_8,5865,6494,background
GSE274657,GSM8454235_Patient_8,GSE274657 | Patient_8,5732,6492,background
GSE274657,GSM8454235_Patient_8,GSE274657 | Patient_8,5599,6490,background
GSE274657,GSM8454235_Patient_8,GSE274657 | Patient_8,5466,6488,background
GSE274657,GSM8454235_Patient_8,GSE274657 | Patient_8,5333,6486,background
GSE274657,GSM8454235_Patient_8,GSE274657 | Patient_8,5200,6484,background
GSE274657,GSM8454235_Patient_8,GSE274657 | Patient_8,5067,6482,background
GSE274657,GSM8454235_Patient_8,GSE274657 | Patient_8,4934,6480,background
GSE274657,GSM8454235_Patient_8,GSE274657 | Patient_8,4801,6478,background
GSE274657,GSM8454235_Patient_8,GSE274657 | Patient_8,4668,6476,background
GSE274657,GSM8454235_Patient_8,GSE274657 | Patient_8,4535,6474,background
GSE274657,GSM8454235_Patient_8,GSE274657 | Patient_8,4402,6472,background
GSE274657,GSM8454235_Patient_8,GSE274657 | Patient_8,4269,6470,background
GSE274657,GSM8454235_Patient_8,GSE274657 | Patient_8,4136,6468,background
GSE274657,GSM8454235_Patient_8,GSE274657 | Patient_8,4003,6465,background
GSE274657,GSM8454235_Patient_8,GSE274657 | Patient_8,3870,6463,background
GSE274657,GSM8454235_Patient_8,GSE274657 | Patient_8,3737,6461,background
GSE274657,GSM8454235_Patient_8,GSE274657 | Patient_8,3604,6459,background
GSE274657,GSM8454235_Patient_8,GSE274657 | Patient_8,3471,6457,background
GSE274657,GSM8454235_Patient_8,GSE274657 | Patient_8,3338,6455,background
GSE274657,GSM8454235_Patient_8,GSE274657 | Patient_8,3205,6453,background
GSE274657,GSM8454235_Patient_8,GSE274657 | Patient_8,3072,6451,background
GSE274657,GSM8454235_Patient_8,GSE274657 | Patient_8,2939,6449,background
GSE274657,GSM8454235_Patient_8,GSE274657 | Patient_8,2806,6447,background
GSE274657,GSM8454235_Patient_8,GSE274657 | Patient_8,2673,6445,background
GSE274657,GSM8454235_Patient_8,GSE274657 | Patient_8,2540,6443,background
GSE274657,GSM8454235_Patient_8,GSE274657 | Patient_8,2407,6441,background
GSE274657,GSM8454235_Patient_8,GSE274657 | Patient_8,2274,6439,background
GSE274657,GSM8454235_Patient_8,GSE274657 | Patient_8,2141,6437,background
GSE274657,GSM8454235_Patient_8,GSE274657 | Patient_8,2008,6435,background
GSE274657,GSM8454235_Patient_8,GSE274657 | Patient_8,1875,6433,background
GSE274657,GSM8454235_Patient_8,GSE274657 | Patient_8,10188,6443,background
GSE274657,GSM8454235_Patient_8,GSE274657 | Patient_8,10055,6441,background
GSE274657,GSM8454235_Patient_8,GSE274657 | Patient_8,9922,6439,background
GSE274657,GSM8454235_Patient_8,GSE274657 | Patient_8,9789,6437,background
GSE274657,GSM8454235_Patient_8,GSE274657 | Patient_8,9656,6435,background
GSE274657,GSM8454235_Patient_8,GSE274657 | Patient_8,9523,6433,background
GSE274657,GSM8454235_Patient_8,GSE274657 | Patient_8,9390,6431,background
GSE274657,GSM8454235_Patient_8,GSE274657 | Patient_8,9257,6429,background
GSE274657,GSM8454235_Patient_8,GSE274657 | Patient_8,9124,6427,background
GSE274657,GSM8454235_Patient_8,GSE274657 | Patient_8,8991,6425,background
GSE274657,GSM8454235_Patient_8,GSE274657 | Patient_8,8858,6423,background
GSE274657,GSM8454235_Patient_8,GSE274657 | Patient_8,8725,6421,background
GSE274657,GSM8454235_Patient_8,GSE274657 | Patient_8,8592,6419,background
GSE274657,GSM8454235_Patient_8,GSE274657 | Patient_8,8459,6417,background
GSE274657,GSM8454235_Patient_8,GSE274657 | Patient_8,8326,6415,background
GSE274657,GSM8454235_Patient_8,GSE274657 | Patient_8,8193,6413,background
GSE274657,GSM8454235_Patient_8,GSE274657 | Patient_8,8060,6411,background
GSE274657,GSM8454235_Patient_8,GSE274657 | Patient_8,7927,6409,background
GSE274657,GSM8454235_Patient_8,GSE274657 | Patient_8,7794,6407,background
GSE274657,GSM8454235_Patient_8,GSE274657 | Patient_8,7661,6405,background
GSE274657,GSM8454235_Patient_8,GSE274657 | Patient_8,7528,6403,background
GSE274657,GSM8454235_Patient_8,GSE274657 | Patient_8,7395,6401,background
GSE274657,GSM8454235_Patient_8,GSE274657 | Patient_8,7262,6399,background
GSE274657,GSM8454235_Patient_8,GSE274657 | Patient_8,7129,6397,background
GSE274657,GSM8454235_Patient_8,GSE274657 | Patient_8,6997,6395,background
GSE274657,GSM8454235_Patient_8,GSE274657 | Patient_8,6864,6393,background
GSE274657,GSM8454235_Patient_8,GSE274657 | Patient_8,6731,6391,background
GSE274657,GSM8454235_Patient_8,GSE274657 | Patient_8,6598,6389,background
GSE274657,GSM8454235_Patient_8,GSE274657 | Patient_8,6465,6387,background
GSE274657,GSM8454235_Patient_8,GSE274657 | Patient_8,6332,6385,background
GSE274657,GSM8454235_Patient_8,GSE274657 | Patient_8,6199,6383,background
GSE274657,GSM8454235_Patient_8,GSE274657 | Patient_8,6066,6381,background
GSE274657,GSM8454235_Patient_8,GSE274657 | Patient_8,5933,6379,background
GSE274657,GSM8454235_Patient_8,GSE274657 | Patient_8,5800,6377,background
GSE274657,GSM8454235_Patient_8,GSE274657 | Patient_8,5667,6375,background
GSE274657,GSM8454235_Patient_8,GSE274657 | Patient_8,5534,6373,background
GSE274657,GSM8454235_Patient_8,GSE274657 | Patient_8,5401,6371,background
GSE274657,GSM8454235_Patient_8,GSE274657 | Patient_8,5268,6369,background
GSE274657,GSM8454235_Patient_8,GSE274657 | Patient_8,5135,6367,background
GSE274657,GSM8454235_Patient_8,GSE274657 | Patient_8,5002,6365,background
GSE274657,GSM8454235_Patient_8,GSE274657 | Patient_8,4869,6363,background
GSE274657,GSM8454235_Patient_8,GSE274657 | Patient_8,4736,6361,background
GSE274657,GSM8454235_Patient_8,GSE274657 | Patient_8,4603,6359,background
GSE274657,GSM8454235_Patient_8,GSE274657 | Patient_8,4470,6357,background
GSE274657,GSM8454235_Patient_8,GSE274657 | Patient_8,4337,6355,background
GSE274657,GSM8454235_Patient_8,GSE274657 | Patient_8,4204,6353,background
GSE274657,GSM8454235_Patient_8,GSE274657 | Patient_8,4071,6351,background
GSE274657,GSM8454235_Patient_8,GSE274657 | Patient_8,3938,6349,background
GSE274657,GSM8454235_Patient_8,GSE274657 | Patient_8,3805,6347,background
GSE274657,GSM8454235_Patient_8,GSE274657 | Patient_8,3672,6345,background
GSE274657,GSM8454235_Patient_8,GSE274657 | Patient_8,3539,6343,background
GSE274657,GSM8454235_Patient_8,GSE274657 | Patient_8,3406,6341,background
GSE274657,GSM8454235_Patient_8,GSE274657 | Patient_8,3273,6339,background
GSE274657,GSM8454235_Patient_8,GSE274657 | Patient_8,3140,6337,background
GSE274657,GSM8454235_Patient_8,GSE274657 | Patient_8,3007,6335,background
GSE274657,GSM8454235_Patient_8,GSE274657 | Patient_8,2874,6333,background
GSE274657,GSM8454235_Patient_8,GSE274657 | Patient_8,2741,6331,background
GSE274657,GSM8454235_Patient_8,GSE274657 | Patient_8,2608,6329,background
GSE274657,GSM8454235_Patient_8,GSE274657 | Patient_8,2476,6327,background
GSE274657,GSM8454235_Patient_8,GSE274657 | Patient_8,2343,6325,background
GSE274657,GSM8454235_Patient_8,GSE274657 | Patient_8,2210,6323,background
GSE274657,GSM8454235_Patient_8,GSE274657 | Patient_8,2077,6321,background
GSE274657,GSM8454235_Patient_8,GSE274657 | Patient_8,1944,6319,background
GSE274657,GSM8454235_Patient_8,GSE274657 | Patient_8,1811,6317,background
GSE274657,GSM8454235_Patient_8,GSE274657 | Patient_8,10256,6329,background
GSE274657,GSM8454235_Patient_8,GSE274657 | Patient_8,10123,6327,background
GSE274657,GSM8454235_Patient_8,GSE274657 | Patient_8,9990,6325,background
GSE274657,GSM8454235_Patient_8,GSE274657 | Patient_8,9857,6323,background
GSE274657,GSM8454235_Patient_8,GSE274657 | Patient_8,9724,6321,background
GSE274657,GSM8454235_Patient_8,GSE274657 | Patient_8,9591,6319,background
GSE274657,GSM8454235_Patient_8,GSE274657 | Patient_8,9458,6317,background
GSE274657,GSM8454235_Patient_8,GSE274657 | Patient_8,9325,6315,background
GSE274657,GSM8454235_Patient_8,GSE274657 | Patient_8,9192,6313,background
GSE274657,GSM8454235_Patient_8,GSE274657 | Patient_8,9059,6311,background
GSE274657,GSM8454235_Patient_8,GSE274657 | Patient_8,8926,6309,background
GSE274657,GSM8454235_Patient_8,GSE274657 | Patient_8,8793,6307,background
GSE274657,GSM8454235_Patient_8,GSE274657 | Patient_8,8660,6305,background
GSE274657,GSM8454235_Patient_8,GSE274657 | Patient_8,8527,6302,background
GSE274657,GSM8454235_Patient_8,GSE274657 | Patient_8,8394,6300,background
GSE274657,GSM8454235_Patient_8,GSE274657 | Patient_8,8261,6298,background
GSE274657,GSM8454235_Patient_8,GSE274657 | Patient_8,8129,6296,background
GSE274657,GSM8454235_Patient_8,GSE274657 | Patient_8,7996,6294,background
GSE274657,GSM8454235_Patient_8,GSE274657 | Patient_8,7863,6292,background
GSE274657,GSM8454235_Patient_8,GSE274657 | Patient_8,7730,6290,background
GSE274657,GSM8454235_Patient_8,GSE274657 | Patient_8,7597,6288,background
GSE274657,GSM8454235_Patient_8,GSE274657 | Patient_8,7464,6286,background
GSE274657,GSM8454235_Patient_8,GSE274657 | Patient_8,7331,6284,background
GSE274657,GSM8454235_Patient_8,GSE274657 | Patient_8,7198,6282,background
GSE274657,GSM8454235_Patient_8,GSE274657 | Patient_8,7065,6280,background
GSE274657,GSM8454235_Patient_8,GSE274657 | Patient_8,6932,6278,background
GSE274657,GSM8454235_Patient_8,GSE274657 | Patient_8,6799,6276,background
GSE274657,GSM8454235_Patient_8,GSE274657 | Patient_8,6666,6274,background
GSE274657,GSM8454235_Patient_8,GSE274657 | Patient_8,6533,6272,background
GSE274657,GSM8454235_Patient_8,GSE274657 | Patient_8,6400,6270,background
GSE274657,GSM8454235_Patient_8,GSE274657 | Patient_8,6267,6268,background
GSE274657,GSM8454235_Patient_8,GSE274657 | Patient_8,6134,6266,background
GSE274657,GSM8454235_Patient_8,GSE274657 | Patient_8,6001,6264,background
GSE274657,GSM8454235_Patient_8,GSE274657 | Patient_8,5868,6262,background
GSE274657,GSM8454235_Patient_8,GSE274657 | Patient_8,5735,6260,background
GSE274657,GSM8454235_Patient_8,GSE274657 | Patient_8,5602,6258,background
GSE274657,GSM8454235_Patient_8,GSE274657 | Patient_8,5469,6256,background
GSE274657,GSM8454235_Patient_8,GSE274657 | Patient_8,5336,6254,background
GSE274657,GSM8454235_Patient_8,GSE274657 | Patient_8,5203,6252,background
GSE274657,GSM8454235_Patient_8,GSE274657 | Patient_8,5070,6250,background
GSE274657,GSM8454235_Patient_8,GSE274657 | Patient_8,4937,6248,background
GSE274657,GSM8454235_Patient_8,GSE274657 | Patient_8,4804,6246,background
GSE274657,GSM8454235_Patient_8,GSE274657 | Patient_8,4671,6244,background
GSE274657,GSM8454235_Patient_8,GSE274657 | Patient_8,4538,6242,background
GSE274657,GSM8454235_Patient_8,GSE274657 | Patient_8,4405,6240,background
GSE274657,GSM8454235_Patient_8,GSE274657 | Patient_8,4272,6238,background
GSE274657,GSM8454235_Patient_8,GSE274657 | Patient_8,4139,6236,background
GSE274657,GSM8454235_Patient_8,GSE274657 | Patient_8,4006,6234,background
GSE274657,GSM8454235_Patient_8,GSE274657 | Patient_8,3873,6232,background
GSE274657,GSM8454235_Patient_8,GSE274657 | Patient_8,3740,6230,background
GSE274657,GSM8454235_Patient_8,GSE274657 | Patient_8,3608,6228,background
GSE274657,GSM8454235_Patient_8,GSE274657 | Patient_8,3475,6226,background
GSE274657,GSM8454235_Patient_8,GSE274657 | Patient_8,3342,6224,background
GSE274657,GSM8454235_Patient_8,GSE274657 | Patient_8,3209,6222,background
GSE274657,GSM8454235_Patient_8,GSE274657 | Patient_8,3076,6220,background
GSE274657,GSM8454235_Patient_8,GSE274657 | Patient_8,2943,6218,background
GSE274657,GSM8454235_Patient_8,GSE274657 | Patient_8,2810,6216,background
GSE274657,GSM8454235_Patient_8,GSE274657 | Patient_8,2677,6214,background
GSE274657,GSM8454235_Patient_8,GSE274657 | Patient_8,2544,6212,background
GSE274657,GSM8454235_Patient_8,GSE274657 | Patient_8,2411,6210,background
GSE274657,GSM8454235_Patient_8,GSE274657 | Patient_8,2278,6208,background
GSE274657,GSM8454235_Patient_8,GSE274657 | Patient_8,2145,6206,background
GSE274657,GSM8454235_Patient_8,GSE274657 | Patient_8,2012,6204,background
GSE274657,GSM8454235_Patient_8,GSE274657 | Patient_8,1879,6202,background
GSE274657,GSM8454235_Patient_8,GSE274657 | Patient_8,10191,6212,background
GSE274657,GSM8454235_Patient_8,GSE274657 | Patient_8,10058,6210,background
GSE274657,GSM8454235_Patient_8,GSE274657 | Patient_8,9925,6208,background
GSE274657,GSM8454235_Patient_8,GSE274657 | Patient_8,9792,6206,background
GSE274657,GSM8454235_Patient_8,GSE274657 | Patient_8,9659,6204,background
GSE274657,GSM8454235_Patient_8,GSE274657 | Patient_8,9526,6202,background
GSE274657,GSM8454235_Patient_8,GSE274657 | Patient_8,9394,6200,background
GSE274657,GSM8454235_Patient_8,GSE274657 | Patient_8,9261,6198,background
GSE274657,GSM8454235_Patient_8,GSE274657 | Patient_8,9128,6196,background
GSE274657,GSM8454235_Patient_8,GSE274657 | Patient_8,8995,6194,background
GSE274657,GSM8454235_Patient_8,GSE274657 | Patient_8,8862,6192,background
GSE274657,GSM8454235_Patient_8,GSE274657 | Patient_8,8729,6190,background
GSE274657,GSM8454235_Patient_8,GSE274657 | Patient_8,8596,6188,background
GSE274657,GSM8454235_Patient_8,GSE274657 | Patient_8,8463,6186,background
GSE274657,GSM8454235_Patient_8,GSE274657 | Patient_8,8330,6184,background
GSE274657,GSM8454235_Patient_8,GSE274657 | Patient_8,8197,6182,background
GSE274657,GSM8454235_Patient_8,GSE274657 | Patient_8,8064,6180,background
GSE274657,GSM8454235_Patient_8,GSE274657 | Patient_8,7931,6178,background
GSE274657,GSM8454235_Patient_8,GSE274657 | Patient_8,7798,6176,background
GSE274657,GSM8454235_Patient_8,GSE274657 | Patient_8,7665,6174,background
GSE274657,GSM8454235_Patient_8,GSE274657 | Patient_8,7532,6172,background
GSE274657,GSM8454235_Patient_8,GSE274657 | Patient_8,7399,6170,background
GSE274657,GSM8454235_Patient_8,GSE274657 | Patient_8,7266,6168,background
GSE274657,GSM8454235_Patient_8,GSE274657 | Patient_8,7133,6166,background
GSE274657,GSM8454235_Patient_8,GSE274657 | Patient_8,7000,6164,background
GSE274657,GSM8454235_Patient_8,GSE274657 | Patient_8,6867,6162,background
GSE274657,GSM8454235_Patient_8,GSE274657 | Patient_8,6734,6160,background
GSE274657,GSM8454235_Patient_8,GSE274657 | Patient_8,6601,6158,background
GSE274657,GSM8454235_Patient_8,GSE274657 | Patient_8,6468,6156,background
GSE274657,GSM8454235_Patient_8,GSE274657 | Patient_8,6335,6154,background
GSE274657,GSM8454235_Patient_8,GSE274657 | Patient_8,6202,6152,background
GSE274657,GSM8454235_Patient_8,GSE274657 | Patient_8,6069,6150,background
GSE274657,GSM8454235_Patient_8,GSE274657 | Patient_8,5936,6148,background
GSE274657,GSM8454235_Patient_8,GSE274657 | Patient_8,5803,6146,background
GSE274657,GSM8454235_Patient_8,GSE274657 | Patient_8,5670,6144,background
GSE274657,GSM8454235_Patient_8,GSE274657 | Patient_8,5537,6142,background
GSE274657,GSM8454235_Patient_8,GSE274657 | Patient_8,5404,6140,background
GSE274657,GSM8454235_Patient_8,GSE274657 | Patient_8,5271,6138,background
GSE274657,GSM8454235_Patient_8,GSE274657 | Patient_8,5138,6136,background
GSE274657,GSM8454235_Patient_8,GSE274657 | Patient_8,5005,6134,background
GSE274657,GSM8454235_Patient_8,GSE274657 | Patient_8,4872,6132,background
GSE274657,GSM8454235_Patient_8,GSE274657 | Patient_8,4740,6129,background
GSE274657,GSM8454235_Patient_8,GSE274657 | Patient_8,4607,6127,background
GSE274657,GSM8454235_Patient_8,GSE274657 | Patient_8,4474,6125,background
GSE274657,GSM8454235_Patient_8,GSE274657 | Patient_8,4341,6123,background
GSE274657,GSM8454235_Patient_8,GSE274657 | Patient_8,4208,6121,background
GSE274657,GSM8454235_Patient_8,GSE274657 | Patient_8,4075,6119,background
GSE274657,GSM8454235_Patient_8,GSE274657 | Patient_8,3942,6117,background
GSE274657,GSM8454235_Patient_8,GSE274657 | Patient_8,3809,6115,background
GSE274657,GSM8454235_Patient_8,GSE274657 | Patient_8,3676,6113,background
GSE274657,GSM8454235_Patient_8,GSE274657 | Patient_8,3543,6111,background
GSE274657,GSM8454235_Patient_8,GSE274657 | Patient_8,3410,6109,background
GSE274657,GSM8454235_Patient_8,GSE274657 | Patient_8,3277,6107,background
GSE274657,GSM8454235_Patient_8,GSE274657 | Patient_8,3144,6105,background
GSE274657,GSM8454235_Patient_8,GSE274657 | Patient_8,3011,6103,background
GSE274657,GSM8454235_Patient_8,GSE274657 | Patient_8,2878,6101,background
GSE274657,GSM8454235_Patient_8,GSE274657 | Patient_8,2745,6099,background
GSE274657,GSM8454235_Patient_8,GSE274657 | Patient_8,2612,6097,background
GSE274657,GSM8454235_Patient_8,GSE274657 | Patient_8,2479,6095,background
GSE274657,GSM8454235_Patient_8,GSE274657 | Patient_8,2346,6093,background
GSE274657,GSM8454235_Patient_8,GSE274657 | Patient_8,2213,6091,background
GSE274657,GSM8454235_Patient_8,GSE274657 | Patient_8,2080,6089,background
GSE274657,GSM8454235_Patient_8,GSE274657 | Patient_8,1947,6087,background
GSE274657,GSM8454235_Patient_8,GSE274657 | Patient_8,1814,6085,background
GSE274657,GSM8454235_Patient_8,GSE274657 | Patient_8,10260,6097,background
GSE274657,GSM8454235_Patient_8,GSE274657 | Patient_8,10127,6095,background
GSE274657,GSM8454235_Patient_8,GSE274657 | Patient_8,9994,6093,background
GSE274657,GSM8454235_Patient_8,GSE274657 | Patient_8,9861,6091,background
GSE274657,GSM8454235_Patient_8,GSE274657 | Patient_8,9728,6089,background
GSE274657,GSM8454235_Patient_8,GSE274657 | Patient_8,9595,6087,background
GSE274657,GSM8454235_Patient_8,GSE274657 | Patient_8,9462,6085,background
GSE274657,GSM8454235_Patient_8,GSE274657 | Patient_8,9329,6083,background
GSE274657,GSM8454235_Patient_8,GSE274657 | Patient_8,9196,6081,background
GSE274657,GSM8454235_Patient_8,GSE274657 | Patient_8,9063,6079,background
GSE274657,GSM8454235_Patient_8,GSE274657 | Patient_8,8930,6077,background
GSE274657,GSM8454235_Patient_8,GSE274657 | Patient_8,8797,6075,background
GSE274657,GSM8454235_Patient_8,GSE274657 | Patient_8,8664,6073,background
GSE274657,GSM8454235_Patient_8,GSE274657 | Patient_8,8531,6071,background
GSE274657,GSM8454235_Patient_8,GSE274657 | Patient_8,8398,6069,background
GSE274657,GSM8454235_Patient_8,GSE274657 | Patient_8,8265,6067,background
GSE274657,GSM8454235_Patient_8,GSE274657 | Patient_8,8132,6065,background
GSE274657,GSM8454235_Patient_8,GSE274657 | Patient_8,7999,6063,background
GSE274657,GSM8454235_Patient_8,GSE274657 | Patient_8,7866,6061,background
GSE274657,GSM8454235_Patient_8,GSE274657 | Patient_8,7733,6059,background
GSE274657,GSM8454235_Patient_8,GSE274657 | Patient_8,7600,6057,background
GSE274657,GSM8454235_Patient_8,GSE274657 | Patient_8,7467,6055,background
GSE274657,GSM8454235_Patient_8,GSE274657 | Patient_8,7334,6053,background
GSE274657,GSM8454235_Patient_8,GSE274657 | Patient_8,7201,6051,background
GSE274657,GSM8454235_Patient_8,GSE274657 | Patient_8,7068,6049,background
GSE274657,GSM8454235_Patient_8,GSE274657 | Patient_8,6935,6047,background
GSE274657,GSM8454235_Patient_8,GSE274657 | Patient_8,6802,6045,background
GSE274657,GSM8454235_Patient_8,GSE274657 | Patient_8,6669,6043,background
GSE274657,GSM8454235_Patient_8,GSE274657 | Patient_8,6536,6041,background
GSE274657,GSM8454235_Patient_8,GSE274657 | Patient_8,6403,6039,background
GSE274657,GSM8454235_Patient_8,GSE274657 | Patient_8,6270,6037,background
GSE274657,GSM8454235_Patient_8,GSE274657 | Patient_8,6137,6035,background
GSE274657,GSM8454235_Patient_8,GSE274657 | Patient_8,6004,6033,background
GSE274657,GSM8454235_Patient_8,GSE274657 | Patient_8,5872,6031,background
GSE274657,GSM8454235_Patient_8,GSE274657 | Patient_8,5739,6029,background
GSE274657,GSM8454235_Patient_8,GSE274657 | Patient_8,5606,6027,background
GSE274657,GSM8454235_Patient_8,GSE274657 | Patient_8,5473,6025,background
GSE274657,GSM8454235_Patient_8,GSE274657 | Patient_8,5340,6023,background
GSE274657,GSM8454235_Patient_8,GSE274657 | Patient_8,5207,6021,background
GSE274657,GSM8454235_Patient_8,GSE274657 | Patient_8,5074,6019,background
GSE274657,GSM8454235_Patient_8,GSE274657 | Patient_8,4941,6017,background
GSE274657,GSM8454235_Patient_8,GSE274657 | Patient_8,4808,6015,background
GSE274657,GSM8454235_Patient_8,GSE274657 | Patient_8,4675,6013,background
GSE274657,GSM8454235_Patient_8,GSE274657 | Patient_8,4542,6011,background
GSE274657,GSM8454235_Patient_8,GSE274657 | Patient_8,4409,6009,background
GSE274657,GSM8454235_Patient_8,GSE274657 | Patient_8,4276,6007,background
GSE274657,GSM8454235_Patient_8,GSE274657 | Patient_8,4143,6005,background
GSE274657,GSM8454235_Patient_8,GSE274657 | Patient_8,4010,6003,background
GSE274657,GSM8454235_Patient_8,GSE274657 | Patient_8,3877,6001,background
GSE274657,GSM8454235_Patient_8,GSE274657 | Patient_8,3744,5999,background
GSE274657,GSM8454235_Patient_8,GSE274657 | Patient_8,3611,5997,background
GSE274657,GSM8454235_Patient_8,GSE274657 | Patient_8,3478,5995,background
GSE274657,GSM8454235_Patient_8,GSE274657 | Patient_8,3345,5993,background
GSE274657,GSM8454235_Patient_8,GSE274657 | Patient_8,3212,5991,background
GSE274657,GSM8454235_Patient_8,GSE274657 | Patient_8,3079,5989,background
GSE274657,GSM8454235_Patient_8,GSE274657 | Patient_8,2946,5987,background
GSE274657,GSM8454235_Patient_8,GSE274657 | Patient_8,2813,5985,background
GSE274657,GSM8454235_Patient_8,GSE274657 | Patient_8,2680,5983,background
GSE274657,GSM8454235_Patient_8,GSE274657 | Patient_8,2547,5981,background
GSE274657,GSM8454235_Patient_8,GSE274657 | Patient_8,2414,5979,background
GSE274657,GSM8454235_Patient_8,GSE274657 | Patient_8,2281,5977,background
GSE274657,GSM8454235_Patient_8,GSE274657 | Patient_8,2148,5975,background
GSE274657,GSM8454235_Patient_8,GSE274657 | Patient_8,2015,5973,background
GSE274657,GSM8454235_Patient_8,GSE274657 | Patient_8,1882,5971,background
GSE274657,GSM8454235_Patient_8,GSE274657 | Patient_8,10195,5981,background
GSE274657,GSM8454235_Patient_8,GSE274657 | Patient_8,10062,5979,background
GSE274657,GSM8454235_Patient_8,GSE274657 | Patient_8,9929,5977,background
GSE274657,GSM8454235_Patient_8,GSE274657 | Patient_8,9796,5975,background
GSE274657,GSM8454235_Patient_8,GSE274657 | Patient_8,9663,5973,background
GSE274657,GSM8454235_Patient_8,GSE274657 | Patient_8,9530,5971,background
GSE274657,GSM8454235_Patient_8,GSE274657 | Patient_8,9397,5969,background
GSE274657,GSM8454235_Patient_8,GSE274657 | Patient_8,9264,5967,background
GSE274657,GSM8454235_Patient_8,GSE274657 | Patient_8,9131,5964,background
GSE274657,GSM8454235_Patient_8,GSE274657 | Patient_8,8998,5962,background
GSE274657,GSM8454235_Patient_8,GSE274657 | Patient_8,8865,5960,background
GSE274657,GSM8454235_Patient_8,GSE274657 | Patient_8,8732,5958,background
GSE274657,GSM8454235_Patient_8,GSE274657 | Patient_8,8599,5956,background
GSE274657,GSM8454235_Patient_8,GSE274657 | Patient_8,8466,5954,background
GSE274657,GSM8454235_Patient_8,GSE274657 | Patient_8,8333,5952,background
GSE274657,GSM8454235_Patient_8,GSE274657 | Patient_8,8200,5950,background
GSE274657,GSM8454235_Patient_8,GSE274657 | Patient_8,8067,5948,background
GSE274657,GSM8454235_Patient_8,GSE274657 | Patient_8,7934,5946,background
GSE274657,GSM8454235_Patient_8,GSE274657 | Patient_8,7801,5944,background
GSE274657,GSM8454235_Patient_8,GSE274657 | Patient_8,7668,5942,background
GSE274657,GSM8454235_Patient_8,GSE274657 | Patient_8,7535,5940,background
GSE274657,GSM8454235_Patient_8,GSE274657 | Patient_8,7402,5938,background
GSE274657,GSM8454235_Patient_8,GSE274657 | Patient_8,7269,5936,background
GSE274657,GSM8454235_Patient_8,GSE274657 | Patient_8,7136,5934,background
GSE274657,GSM8454235_Patient_8,GSE274657 | Patient_8,7004,5932,background
GSE274657,GSM8454235_Patient_8,GSE274657 | Patient_8,6871,5930,background
GSE274657,GSM8454235_Patient_8,GSE274657 | Patient_8,6738,5928,background
GSE274657,GSM8454235_Patient_8,GSE274657 | Patient_8,6605,5926,background
GSE274657,GSM8454235_Patient_8,GSE274657 | Patient_8,6472,5924,background
GSE274657,GSM8454235_Patient_8,GSE274657 | Patient_8,6339,5922,background
GSE274657,GSM8454235_Patient_8,GSE274657 | Patient_8,6206,5920,background
GSE274657,GSM8454235_Patient_8,GSE274657 | Patient_8,6073,5918,background
GSE274657,GSM8454235_Patient_8,GSE274657 | Patient_8,5940,5916,background
GSE274657,GSM8454235_Patient_8,GSE274657 | Patient_8,5807,5914,background
GSE274657,GSM8454235_Patient_8,GSE274657 | Patient_8,5674,5912,background
GSE274657,GSM8454235_Patient_8,GSE274657 | Patient_8,5541,5910,background
GSE274657,GSM8454235_Patient_8,GSE274657 | Patient_8,5408,5908,background
GSE274657,GSM8454235_Patient_8,GSE274657 | Patient_8,5275,5906,background
GSE274657,GSM8454235_Patient_8,GSE274657 | Patient_8,5142,5904,background
GSE274657,GSM8454235_Patient_8,GSE274657 | Patient_8,5009,5902,background
GSE274657,GSM8454235_Patient_8,GSE274657 | Patient_8,4876,5900,background
GSE274657,GSM8454235_Patient_8,GSE274657 | Patient_8,4743,5898,background
GSE274657,GSM8454235_Patient_8,GSE274657 | Patient_8,4610,5896,background
GSE274657,GSM8454235_Patient_8,GSE274657 | Patient_8,4477,5894,background
GSE274657,GSM8454235_Patient_8,GSE274657 | Patient_8,4344,5892,background
GSE274657,GSM8454235_Patient_8,GSE274657 | Patient_8,4211,5890,background
GSE274657,GSM8454235_Patient_8,GSE274657 | Patient_8,4078,5888,background
GSE274657,GSM8454235_Patient_8,GSE274657 | Patient_8,3945,5886,background
GSE274657,GSM8454235_Patient_8,GSE274657 | Patient_8,3812,5884,background
GSE274657,GSM8454235_Patient_8,GSE274657 | Patient_8,3679,5882,background
GSE274657,GSM8454235_Patient_8,GSE274657 | Patient_8,3546,5880,background
GSE274657,GSM8454235_Patient_8,GSE274657 | Patient_8,3413,5878,background
GSE274657,GSM8454235_Patient_8,GSE274657 | Patient_8,3280,5876,background
GSE274657,GSM8454235_Patient_8,GSE274657 | Patient_8,3147,5874,background
GSE274657,GSM8454235_Patient_8,GSE274657 | Patient_8,3014,5872,background
GSE274657,GSM8454235_Patient_8,GSE274657 | Patient_8,2881,5870,background
GSE274657,GSM8454235_Patient_8,GSE274657 | Patient_8,2748,5868,background
GSE274657,GSM8454235_Patient_8,GSE274657 | Patient_8,2615,5866,background
GSE274657,GSM8454235_Patient_8,GSE274657 | Patient_8,2483,5864,background
GSE274657,GSM8454235_Patient_8,GSE274657 | Patient_8,2350,5862,background
GSE274657,GSM8454235_Patient_8,GSE274657 | Patient_8,2217,5860,background
GSE274657,GSM8454235_Patient_8,GSE274657 | Patient_8,2084,5858,background
GSE274657,GSM8454235_Patient_8,GSE274657 | Patient_8,1951,5856,background
GSE274657,GSM8454235_Patient_8,GSE274657 | Patient_8,1818,5854,background
GSE274657,GSM8454235_Patient_8,GSE274657 | Patient_8,10263,5866,background
GSE274657,GSM8454235_Patient_8,GSE274657 | Patient_8,10130,5864,background
GSE274657,GSM8454235_Patient_8,GSE274657 | Patient_8,9997,5862,background
GSE274657,GSM8454235_Patient_8,GSE274657 | Patient_8,9864,5860,background
GSE274657,GSM8454235_Patient_8,GSE274657 | Patient_8,9731,5858,background
GSE274657,GSM8454235_Patient_8,GSE274657 | Patient_8,9598,5856,background
GSE274657,GSM8454235_Patient_8,GSE274657 | Patient_8,9465,5854,background
GSE274657,GSM8454235_Patient_8,GSE274657 | Patient_8,9332,5852,background
GSE274657,GSM8454235_Patient_8,GSE274657 | Patient_8,9199,5850,background
GSE274657,GSM8454235_Patient_8,GSE274657 | Patient_8,9066,5848,background
GSE274657,GSM8454235_Patient_8,GSE274657 | Patient_8,8933,5846,background
GSE274657,GSM8454235_Patient_8,GSE274657 | Patient_8,8800,5844,background
GSE274657,GSM8454235_Patient_8,GSE274657 | Patient_8,8667,5842,background
GSE274657,GSM8454235_Patient_8,GSE274657 | Patient_8,8534,5840,background
GSE274657,GSM8454235_Patient_8,GSE274657 | Patient_8,8401,5838,background
GSE274657,GSM8454235_Patient_8,GSE274657 | Patient_8,8268,5836,background
GSE274657,GSM8454235_Patient_8,GSE274657 | Patient_8,8136,5834,background
GSE274657,GSM8454235_Patient_8,GSE274657 | Patient_8,8003,5832,background
GSE274657,GSM8454235_Patient_8,GSE274657 | Patient_8,7870,5830,background
GSE274657,GSM8454235_Patient_8,GSE274657 | Patient_8,7737,5828,background
GSE274657,GSM8454235_Patient_8,GSE274657 | Patient_8,7604,5826,background
GSE274657,GSM8454235_Patient_8,GSE274657 | Patient_8,7471,5824,background
GSE274657,GSM8454235_Patient_8,GSE274657 | Patient_8,7338,5822,background
GSE274657,GSM8454235_Patient_8,GSE274657 | Patient_8,7205,5820,background
GSE274657,GSM8454235_Patient_8,GSE274657 | Patient_8,7072,5818,background
GSE274657,GSM8454235_Patient_8,GSE274657 | Patient_8,6939,5816,background
GSE274657,GSM8454235_Patient_8,GSE274657 | Patient_8,6806,5814,background
GSE274657,GSM8454235_Patient_8,GSE274657 | Patient_8,6673,5812,background
GSE274657,GSM8454235_Patient_8,GSE274657 | Patient_8,6540,5810,background
GSE274657,GSM8454235_Patient_8,GSE274657 | Patient_8,6407,5808,background
GSE274657,GSM8454235_Patient_8,GSE274657 | Patient_8,6274,5806,background
GSE274657,GSM8454235_Patient_8,GSE274657 | Patient_8,6141,5804,background
GSE274657,GSM8454235_Patient_8,GSE274657 | Patient_8,6008,5802,background
GSE274657,GSM8454235_Patient_8,GSE274657 | Patient_8,5875,5800,background
GSE274657,GSM8454235_Patient_8,GSE274657 | Patient_8,5742,5798,background
GSE274657,GSM8454235_Patient_8,GSE274657 | Patient_8,5609,5796,background
GSE274657,GSM8454235_Patient_8,GSE274657 | Patient_8,5476,5794,background
GSE274657,GSM8454235_Patient_8,GSE274657 | Patient_8,5343,5791,background
GSE274657,GSM8454235_Patient_8,GSE274657 | Patient_8,5210,5789,background
GSE274657,GSM8454235_Patient_8,GSE274657 | Patient_8,5077,5787,background
GSE274657,GSM8454235_Patient_8,GSE274657 | Patient_8,4944,5785,background
GSE274657,GSM8454235_Patient_8,GSE274657 | Patient_8,4811,5783,background
GSE274657,GSM8454235_Patient_8,GSE274657 | Patient_8,4678,5781,background
GSE274657,GSM8454235_Patient_8,GSE274657 | Patient_8,4545,5779,background
GSE274657,GSM8454235_Patient_8,GSE274657 | Patient_8,4412,5777,background
GSE274657,GSM8454235_Patient_8,GSE274657 | Patient_8,4279,5775,background
GSE274657,GSM8454235_Patient_8,GSE274657 | Patient_8,4146,5773,background
GSE274657,GSM8454235_Patient_8,GSE274657 | Patient_8,4013,5771,background
GSE274657,GSM8454235_Patient_8,GSE274657 | Patient_8,3880,5769,background
GSE274657,GSM8454235_Patient_8,GSE274657 | Patient_8,3747,5767,background
GSE274657,GSM8454235_Patient_8,GSE274657 | Patient_8,3615,5765,background
GSE274657,GSM8454235_Patient_8,GSE274657 | Patient_8,3482,5763,background
GSE274657,GSM8454235_Patient_8,GSE274657 | Patient_8,3349,5761,background
GSE274657,GSM8454235_Patient_8,GSE274657 | Patient_8,3216,5759,background
GSE274657,GSM8454235_Patient_8,GSE274657 | Patient_8,3083,5757,background
GSE274657,GSM8454235_Patient_8,GSE274657 | Patient_8,2950,5755,background
GSE274657,GSM8454235_Patient_8,GSE274657 | Patient_8,2817,5753,background
GSE274657,GSM8454235_Patient_8,GSE274657 | Patient_8,2684,5751,background
GSE274657,GSM8454235_Patient_8,GSE274657 | Patient_8,2551,5749,background
GSE274657,GSM8454235_Patient_8,GSE274657 | Patient_8,2418,5747,background
GSE274657,GSM8454235_Patient_8,GSE274657 | Patient_8,2285,5745,background
GSE274657,GSM8454235_Patient_8,GSE274657 | Patient_8,2152,5743,background
GSE274657,GSM8454235_Patient_8,GSE274657 | Patient_8,2019,5741,background
GSE274657,GSM8454235_Patient_8,GSE274657 | Patient_8,1886,5739,background
GSE274657,GSM8454235_Patient_8,GSE274657 | Patient_8,10198,5749,background
GSE274657,GSM8454235_Patient_8,GSE274657 | Patient_8,10065,5747,background
GSE274657,GSM8454235_Patient_8,GSE274657 | Patient_8,9932,5745,background
GSE274657,GSM8454235_Patient_8,GSE274657 | Patient_8,9799,5743,background
GSE274657,GSM8454235_Patient_8,GSE274657 | Patient_8,9666,5741,background
GSE274657,GSM8454235_Patient_8,GSE274657 | Patient_8,9533,5739,background
GSE274657,GSM8454235_Patient_8,GSE274657 | Patient_8,9401,5737,background
GSE274657,GSM8454235_Patient_8,GSE274657 | Patient_8,9268,5735,background
GSE274657,GSM8454235_Patient_8,GSE274657 | Patient_8,9135,5733,background
GSE274657,GSM8454235_Patient_8,GSE274657 | Patient_8,9002,5731,background
GSE274657,GSM8454235_Patient_8,GSE274657 | Patient_8,8869,5729,background
GSE274657,GSM8454235_Patient_8,GSE274657 | Patient_8,8736,5727,background
GSE274657,GSM8454235_Patient_8,GSE274657 | Patient_8,8603,5725,background
GSE274657,GSM8454235_Patient_8,GSE274657 | Patient_8,8470,5723,background
GSE274657,GSM8454235_Patient_8,GSE274657 | Patient_8,8337,5721,background
GSE274657,GSM8454235_Patient_8,GSE274657 | Patient_8,8204,5719,background
GSE274657,GSM8454235_Patient_8,GSE274657 | Patient_8,8071,5717,background
GSE274657,GSM8454235_Patient_8,GSE274657 | Patient_8,7938,5715,background
GSE274657,GSM8454235_Patient_8,GSE274657 | Patient_8,7805,5713,background
GSE274657,GSM8454235_Patient_8,GSE274657 | Patient_8,7672,5711,background
GSE274657,GSM8454235_Patient_8,GSE274657 | Patient_8,7539,5709,background
GSE274657,GSM8454235_Patient_8,GSE274657 | Patient_8,7406,5707,background
GSE274657,GSM8454235_Patient_8,GSE274657 | Patient_8,7273,5705,background
GSE274657,GSM8454235_Patient_8,GSE274657 | Patient_8,7140,5703,background
GSE274657,GSM8454235_Patient_8,GSE274657 | Patient_8,7007,5701,background
GSE274657,GSM8454235_Patient_8,GSE274657 | Patient_8,6874,5699,background
GSE274657,GSM8454235_Patient_8,GSE274657 | Patient_8,6741,5697,background
GSE274657,GSM8454235_Patient_8,GSE274657 | Patient_8,6608,5695,background
GSE274657,GSM8454235_Patient_8,GSE274657 | Patient_8,6475,5693,background
GSE274657,GSM8454235_Patient_8,GSE274657 | Patient_8,6342,5691,background
GSE274657,GSM8454235_Patient_8,GSE274657 | Patient_8,6209,5689,background
GSE274657,GSM8454235_Patient_8,GSE274657 | Patient_8,6076,5687,background
GSE274657,GSM8454235_Patient_8,GSE274657 | Patient_8,5943,5685,background
GSE274657,GSM8454235_Patient_8,GSE274657 | Patient_8,5810,5683,background
GSE274657,GSM8454235_Patient_8,GSE274657 | Patient_8,5677,5681,background
GSE274657,GSM8454235_Patient_8,GSE274657 | Patient_8,5544,5679,background
GSE274657,GSM8454235_Patient_8,GSE274657 | Patient_8,5411,5677,background
GSE274657,GSM8454235_Patient_8,GSE274657 | Patient_8,5278,5675,background
GSE274657,GSM8454235_Patient_8,GSE274657 | Patient_8,5145,5673,background
GSE274657,GSM8454235_Patient_8,GSE274657 | Patient_8,5012,5671,background
GSE274657,GSM8454235_Patient_8,GSE274657 | Patient_8,4879,5669,background
GSE274657,GSM8454235_Patient_8,GSE274657 | Patient_8,4747,5667,background
GSE274657,GSM8454235_Patient_8,GSE274657 | Patient_8,4614,5665,background
GSE274657,GSM8454235_Patient_8,GSE274657 | Patient_8,4481,5663,background
GSE274657,GSM8454235_Patient_8,GSE274657 | Patient_8,4348,5661,background
GSE274657,GSM8454235_Patient_8,GSE274657 | Patient_8,4215,5659,background
GSE274657,GSM8454235_Patient_8,GSE274657 | Patient_8,4082,5657,background
GSE274657,GSM8454235_Patient_8,GSE274657 | Patient_8,3949,5655,background
GSE274657,GSM8454235_Patient_8,GSE274657 | Patient_8,3816,5653,background
GSE274657,GSM8454235_Patient_8,GSE274657 | Patient_8,3683,5651,background
GSE274657,GSM8454235_Patient_8,GSE274657 | Patient_8,3550,5649,background
GSE274657,GSM8454235_Patient_8,GSE274657 | Patient_8,3417,5647,background
GSE274657,GSM8454235_Patient_8,GSE274657 | Patient_8,3284,5645,background
GSE274657,GSM8454235_Patient_8,GSE274657 | Patient_8,3151,5643,background
GSE274657,GSM8454235_Patient_8,GSE274657 | Patient_8,3018,5641,background
GSE274657,GSM8454235_Patient_8,GSE274657 | Patient_8,2885,5639,background
GSE274657,GSM8454235_Patient_8,GSE274657 | Patient_8,2752,5637,background
GSE274657,GSM8454235_Patient_8,GSE274657 | Patient_8,2619,5635,background
GSE274657,GSM8454235_Patient_8,GSE274657 | Patient_8,2486,5633,background
GSE274657,GSM8454235_Patient_8,GSE274657 | Patient_8,2353,5631,background
GSE274657,GSM8454235_Patient_8,GSE274657 | Patient_8,2220,5629,background
GSE274657,GSM8454235_Patient_8,GSE274657 | Patient_8,2087,5627,background
GSE274657,GSM8454235_Patient_8,GSE274657 | Patient_8,1954,5625,background
GSE274657,GSM8454235_Patient_8,GSE274657 | Patient_8,1821,5623,background
GSE274657,GSM8454235_Patient_8,GSE274657 | Patient_8,10267,5635,background
GSE274657,GSM8454235_Patient_8,GSE274657 | Patient_8,10134,5633,background
GSE274657,GSM8454235_Patient_8,GSE274657 | Patient_8,10001,5631,background
GSE274657,GSM8454235_Patient_8,GSE274657 | Patient_8,9868,5628,background
GSE274657,GSM8454235_Patient_8,GSE274657 | Patient_8,9735,5626,background
GSE274657,GSM8454235_Patient_8,GSE274657 | Patient_8,9602,5624,background
GSE274657,GSM8454235_Patient_8,GSE274657 | Patient_8,9469,5622,background
GSE274657,GSM8454235_Patient_8,GSE274657 | Patient_8,9336,5620,background
GSE274657,GSM8454235_Patient_8,GSE274657 | Patient_8,9203,5618,background
GSE274657,GSM8454235_Patient_8,GSE274657 | Patient_8,9070,5616,background
GSE274657,GSM8454235_Patient_8,GSE274657 | Patient_8,8937,5614,background
GSE274657,GSM8454235_Patient_8,GSE274657 | Patient_8,8804,5612,background
GSE274657,GSM8454235_Patient_8,GSE274657 | Patient_8,8671,5610,background
GSE274657,GSM8454235_Patient_8,GSE274657 | Patient_8,8538,5608,background
GSE274657,GSM8454235_Patient_8,GSE274657 | Patient_8,8405,5606,background
GSE274657,GSM8454235_Patient_8,GSE274657 | Patient_8,8272,5604,background
GSE274657,GSM8454235_Patient_8,GSE274657 | Patient_8,8139,5602,background
GSE274657,GSM8454235_Patient_8,GSE274657 | Patient_8,8006,5600,background
GSE274657,GSM8454235_Patient_8,GSE274657 | Patient_8,7873,5598,background
GSE274657,GSM8454235_Patient_8,GSE274657 | Patient_8,7740,5596,background
GSE274657,GSM8454235_Patient_8,GSE274657 | Patient_8,7607,5594,background
GSE274657,GSM8454235_Patient_8,GSE274657 | Patient_8,7474,5592,background
GSE274657,GSM8454235_Patient_8,GSE274657 | Patient_8,7341,5590,background
GSE274657,GSM8454235_Patient_8,GSE274657 | Patient_8,7208,5588,background
GSE274657,GSM8454235_Patient_8,GSE274657 | Patient_8,7075,5586,background
GSE274657,GSM8454235_Patient_8,GSE274657 | Patient_8,6942,5584,background
GSE274657,GSM8454235_Patient_8,GSE274657 | Patient_8,6809,5582,background
GSE274657,GSM8454235_Patient_8,GSE274657 | Patient_8,6676,5580,background
GSE274657,GSM8454235_Patient_8,GSE274657 | Patient_8,6543,5578,background
GSE274657,GSM8454235_Patient_8,GSE274657 | Patient_8,6410,5576,background
GSE274657,GSM8454235_Patient_8,GSE274657 | Patient_8,6277,5574,background
GSE274657,GSM8454235_Patient_8,GSE274657 | Patient_8,6144,5572,background
GSE274657,GSM8454235_Patient_8,GSE274657 | Patient_8,6011,5570,background
GSE274657,GSM8454235_Patient_8,GSE274657 | Patient_8,5879,5568,background
GSE274657,GSM8454235_Patient_8,GSE274657 | Patient_8,5746,5566,background
GSE274657,GSM8454235_Patient_8,GSE274657 | Patient_8,5613,5564,background
GSE274657,GSM8454235_Patient_8,GSE274657 | Patient_8,5480,5562,background
GSE274657,GSM8454235_Patient_8,GSE274657 | Patient_8,5347,5560,background
GSE274657,GSM8454235_Patient_8,GSE274657 | Patient_8,5214,5558,background
GSE274657,GSM8454235_Patient_8,GSE274657 | Patient_8,5081,5556,background
GSE274657,GSM8454235_Patient_8,GSE274657 | Patient_8,4948,5554,background
GSE274657,GSM8454235_Patient_8,GSE274657 | Patient_8,4815,5552,background
GSE274657,GSM8454235_Patient_8,GSE274657 | Patient_8,4682,5550,background
GSE274657,GSM8454235_Patient_8,GSE274657 | Patient_8,4549,5548,background
GSE274657,GSM8454235_Patient_8,GSE274657 | Patient_8,4416,5546,background
GSE274657,GSM8454235_Patient_8,GSE274657 | Patient_8,4283,5544,background
GSE274657,GSM8454235_Patient_8,GSE274657 | Patient_8,4150,5542,background
GSE274657,GSM8454235_Patient_8,GSE274657 | Patient_8,4017,5540,background
GSE274657,GSM8454235_Patient_8,GSE274657 | Patient_8,3884,5538,background
GSE274657,GSM8454235_Patient_8,GSE274657 | Patient_8,3751,5536,background
GSE274657,GSM8454235_Patient_8,GSE274657 | Patient_8,3618,5534,background
GSE274657,GSM8454235_Patient_8,GSE274657 | Patient_8,3485,5532,background
GSE274657,GSM8454235_Patient_8,GSE274657 | Patient_8,3352,5530,background
GSE274657,GSM8454235_Patient_8,GSE274657 | Patient_8,3219,5528,background
GSE274657,GSM8454235_Patient_8,GSE274657 | Patient_8,3086,5526,background
GSE274657,GSM8454235_Patient_8,GSE274657 | Patient_8,2953,5524,background
GSE274657,GSM8454235_Patient_8,GSE274657 | Patient_8,2820,5522,background
GSE274657,GSM8454235_Patient_8,GSE274657 | Patient_8,2687,5520,background
GSE274657,GSM8454235_Patient_8,GSE274657 | Patient_8,2554,5518,background
GSE274657,GSM8454235_Patient_8,GSE274657 | Patient_8,2421,5516,background
GSE274657,GSM8454235_Patient_8,GSE274657 | Patient_8,2288,5514,background
GSE274657,GSM8454235_Patient_8,GSE274657 | Patient_8,2155,5512,background
GSE274657,GSM8454235_Patient_8,GSE274657 | Patient_8,2022,5510,background
GSE274657,GSM8454235_Patient_8,GSE274657 | Patient_8,1889,5508,background
GSE274657,GSM8454235_Patient_8,GSE274657 | Patient_8,10202,5518,background
GSE274657,GSM8454235_Patient_8,GSE274657 | Patient_8,10069,5516,background
GSE274657,GSM8454235_Patient_8,GSE274657 | Patient_8,9936,5514,background
GSE274657,GSM8454235_Patient_8,GSE274657 | Patient_8,9803,5512,background
GSE274657,GSM8454235_Patient_8,GSE274657 | Patient_8,9670,5510,background
GSE274657,GSM8454235_Patient_8,GSE274657 | Patient_8,9537,5508,background
GSE274657,GSM8454235_Patient_8,GSE274657 | Patient_8,9404,5506,background
GSE274657,GSM8454235_Patient_8,GSE274657 | Patient_8,9271,5504,background
GSE274657,GSM8454235_Patient_8,GSE274657 | Patient_8,9138,5502,background
GSE274657,GSM8454235_Patient_8,GSE274657 | Patient_8,9005,5500,background
GSE274657,GSM8454235_Patient_8,GSE274657 | Patient_8,8872,5498,background
GSE274657,GSM8454235_Patient_8,GSE274657 | Patient_8,8739,5496,background
GSE274657,GSM8454235_Patient_8,GSE274657 | Patient_8,8606,5494,background
GSE274657,GSM8454235_Patient_8,GSE274657 | Patient_8,8473,5492,background
GSE274657,GSM8454235_Patient_8,GSE274657 | Patient_8,8340,5490,background
GSE274657,GSM8454235_Patient_8,GSE274657 | Patient_8,8207,5488,background
GSE274657,GSM8454235_Patient_8,GSE274657 | Patient_8,8074,5486,background
GSE274657,GSM8454235_Patient_8,GSE274657 | Patient_8,7941,5484,background
GSE274657,GSM8454235_Patient_8,GSE274657 | Patient_8,7808,5482,background
GSE274657,GSM8454235_Patient_8,GSE274657 | Patient_8,7675,5480,background
GSE274657,GSM8454235_Patient_8,GSE274657 | Patient_8,7542,5478,background
GSE274657,GSM8454235_Patient_8,GSE274657 | Patient_8,7409,5476,background
GSE274657,GSM8454235_Patient_8,GSE274657 | Patient_8,7276,5474,background
GSE274657,GSM8454235_Patient_8,GSE274657 | Patient_8,7143,5472,background
GSE274657,GSM8454235_Patient_8,GSE274657 | Patient_8,7011,5470,background
GSE274657,GSM8454235_Patient_8,GSE274657 | Patient_8,6878,5468,background
GSE274657,GSM8454235_Patient_8,GSE274657 | Patient_8,6745,5466,background
GSE274657,GSM8454235_Patient_8,GSE274657 | Patient_8,6612,5464,background
GSE274657,GSM8454235_Patient_8,GSE274657 | Patient_8,6479,5462,background
GSE274657,GSM8454235_Patient_8,GSE274657 | Patient_8,6346,5460,background
GSE274657,GSM8454235_Patient_8,GSE274657 | Patient_8,6213,5458,background
GSE274657,GSM8454235_Patient_8,GSE274657 | Patient_8,6080,5455,background
GSE274657,GSM8454235_Patient_8,GSE274657 | Patient_8,5947,5453,background
GSE274657,GSM8454235_Patient_8,GSE274657 | Patient_8,5814,5451,background
GSE274657,GSM8454235_Patient_8,GSE274657 | Patient_8,5681,5449,background
GSE274657,GSM8454235_Patient_8,GSE274657 | Patient_8,5548,5447,background
GSE274657,GSM8454235_Patient_8,GSE274657 | Patient_8,5415,5445,background
GSE274657,GSM8454235_Patient_8,GSE274657 | Patient_8,5282,5443,background
GSE274657,GSM8454235_Patient_8,GSE274657 | Patient_8,5149,5441,background
GSE274657,GSM8454235_Patient_8,GSE274657 | Patient_8,5016,5439,background
GSE274657,GSM8454235_Patient_8,GSE274657 | Patient_8,4883,5437,background
GSE274657,GSM8454235_Patient_8,GSE274657 | Patient_8,4750,5435,background
GSE274657,GSM8454235_Patient_8,GSE274657 | Patient_8,4617,5433,background
GSE274657,GSM8454235_Patient_8,GSE274657 | Patient_8,4484,5431,background
GSE274657,GSM8454235_Patient_8,GSE274657 | Patient_8,4351,5429,background
GSE274657,GSM8454235_Patient_8,GSE274657 | Patient_8,4218,5427,background
GSE274657,GSM8454235_Patient_8,GSE274657 | Patient_8,4085,5425,background
GSE274657,GSM8454235_Patient_8,GSE274657 | Patient_8,3952,5423,background
GSE274657,GSM8454235_Patient_8,GSE274657 | Patient_8,3819,5421,background
GSE274657,GSM8454235_Patient_8,GSE274657 | Patient_8,3686,5419,background
GSE274657,GSM8454235_Patient_8,GSE274657 | Patient_8,3553,5417,background
GSE274657,GSM8454235_Patient_8,GSE274657 | Patient_8,3420,5415,background
GSE274657,GSM8454235_Patient_8,GSE274657 | Patient_8,3287,5413,background
GSE274657,GSM8454235_Patient_8,GSE274657 | Patient_8,3154,5411,background
GSE274657,GSM8454235_Patient_8,GSE274657 | Patient_8,3021,5409,background
GSE274657,GSM8454235_Patient_8,GSE274657 | Patient_8,2888,5407,background
GSE274657,GSM8454235_Patient_8,GSE274657 | Patient_8,2755,5405,background
GSE274657,GSM8454235_Patient_8,GSE274657 | Patient_8,2622,5403,background
GSE274657,GSM8454235_Patient_8,GSE274657 | Patient_8,2490,5401,background
GSE274657,GSM8454235_Patient_8,GSE274657 | Patient_8,2357,5399,background
GSE274657,GSM8454235_Patient_8,GSE274657 | Patient_8,2224,5397,background
GSE274657,GSM8454235_Patient_8,GSE274657 | Patient_8,2091,5395,background
GSE274657,GSM8454235_Patient_8,GSE274657 | Patient_8,1958,5393,background
GSE274657,GSM8454235_Patient_8,GSE274657 | Patient_8,1825,5391,background
GSE274657,GSM8454235_Patient_8,GSE274657 | Patient_8,10270,5403,background
GSE274657,GSM8454235_Patient_8,GSE274657 | Patient_8,10137,5401,background
GSE274657,GSM8454235_Patient_8,GSE274657 | Patient_8,10004,5399,background
GSE274657,GSM8454235_Patient_8,GSE274657 | Patient_8,9871,5397,background
GSE274657,GSM8454235_Patient_8,GSE274657 | Patient_8,9738,5395,background
GSE274657,GSM8454235_Patient_8,GSE274657 | Patient_8,9605,5393,background
GSE274657,GSM8454235_Patient_8,GSE274657 | Patient_8,9472,5391,background
GSE274657,GSM8454235_Patient_8,GSE274657 | Patient_8,9339,5389,background
GSE274657,GSM8454235_Patient_8,GSE274657 | Patient_8,9206,5387,background
GSE274657,GSM8454235_Patient_8,GSE274657 | Patient_8,9073,5385,background
GSE274657,GSM8454235_Patient_8,GSE274657 | Patient_8,8940,5383,background
GSE274657,GSM8454235_Patient_8,GSE274657 | Patient_8,8807,5381,background
GSE274657,GSM8454235_Patient_8,GSE274657 | Patient_8,8674,5379,background
GSE274657,GSM8454235_Patient_8,GSE274657 | Patient_8,8541,5377,background
GSE274657,GSM8454235_Patient_8,GSE274657 | Patient_8,8408,5375,background
GSE274657,GSM8454235_Patient_8,GSE274657 | Patient_8,8275,5373,background
GSE274657,GSM8454235_Patient_8,GSE274657 | Patient_8,8143,5371,background
GSE274657,GSM8454235_Patient_8,GSE274657 | Patient_8,8010,5369,background
GSE274657,GSM8454235_Patient_8,GSE274657 | Patient_8,7877,5367,background
GSE274657,GSM8454235_Patient_8,GSE274657 | Patient_8,7744,5365,background
GSE274657,GSM8454235_Patient_8,GSE274657 | Patient_8,7611,5363,background
GSE274657,GSM8454235_Patient_8,GSE274657 | Patient_8,7478,5361,background
GSE274657,GSM8454235_Patient_8,GSE274657 | Patient_8,7345,5359,background
GSE274657,GSM8454235_Patient_8,GSE274657 | Patient_8,7212,5357,background
GSE274657,GSM8454235_Patient_8,GSE274657 | Patient_8,7079,5355,background
GSE274657,GSM8454235_Patient_8,GSE274657 | Patient_8,6946,5353,background
GSE274657,GSM8454235_Patient_8,GSE274657 | Patient_8,6813,5351,background
GSE274657,GSM8454235_Patient_8,GSE274657 | Patient_8,6680,5349,background
GSE274657,GSM8454235_Patient_8,GSE274657 | Patient_8,6547,5347,background
GSE274657,GSM8454235_Patient_8,GSE274657 | Patient_8,6414,5345,background
GSE274657,GSM8454235_Patient_8,GSE274657 | Patient_8,6281,5343,background
GSE274657,GSM8454235_Patient_8,GSE274657 | Patient_8,6148,5341,background
GSE274657,GSM8454235_Patient_8,GSE274657 | Patient_8,6015,5339,background
GSE274657,GSM8454235_Patient_8,GSE274657 | Patient_8,5882,5337,background
GSE274657,GSM8454235_Patient_8,GSE274657 | Patient_8,5749,5335,background
GSE274657,GSM8454235_Patient_8,GSE274657 | Patient_8,5616,5333,background
GSE274657,GSM8454235_Patient_8,GSE274657 | Patient_8,5483,5331,background
GSE274657,GSM8454235_Patient_8,GSE274657 | Patient_8,5350,5329,background
GSE274657,GSM8454235_Patient_8,GSE274657 | Patient_8,5217,5327,background
GSE274657,GSM8454235_Patient_8,GSE274657 | Patient_8,5084,5325,background
GSE274657,GSM8454235_Patient_8,GSE274657 | Patient_8,4951,5323,background
GSE274657,GSM8454235_Patient_8,GSE274657 | Patient_8,4818,5321,background
GSE274657,GSM8454235_Patient_8,GSE274657 | Patient_8,4685,5319,background
GSE274657,GSM8454235_Patient_8,GSE274657 | Patient_8,4552,5317,background
GSE274657,GSM8454235_Patient_8,GSE274657 | Patient_8,4419,5315,background
GSE274657,GSM8454235_Patient_8,GSE274657 | Patient_8,4286,5313,background
GSE274657,GSM8454235_Patient_8,GSE274657 | Patient_8,4153,5311,background
GSE274657,GSM8454235_Patient_8,GSE274657 | Patient_8,4020,5309,background
GSE274657,GSM8454235_Patient_8,GSE274657 | Patient_8,3887,5307,background
GSE274657,GSM8454235_Patient_8,GSE274657 | Patient_8,3754,5305,background
GSE274657,GSM8454235_Patient_8,GSE274657 | Patient_8,3622,5303,background
GSE274657,GSM8454235_Patient_8,GSE274657 | Patient_8,3489,5301,background
GSE274657,GSM8454235_Patient_8,GSE274657 | Patient_8,3356,5299,background
GSE274657,GSM8454235_Patient_8,GSE274657 | Patient_8,3223,5297,background
GSE274657,GSM8454235_Patient_8,GSE274657 | Patient_8,3090,5295,background
GSE274657,GSM8454235_Patient_8,GSE274657 | Patient_8,2957,5293,background
GSE274657,GSM8454235_Patient_8,GSE274657 | Patient_8,2824,5291,background
GSE274657,GSM8454235_Patient_8,GSE274657 | Patient_8,2691,5289,background
GSE274657,GSM8454235_Patient_8,GSE274657 | Patient_8,2558,5287,background
GSE274657,GSM8454235_Patient_8,GSE274657 | Patient_8,2425,5285,background
GSE274657,GSM8454235_Patient_8,GSE274657 | Patient_8,2292,5282,background
GSE274657,GSM8454235_Patient_8,GSE274657 | Patient_8,2159,5280,background
GSE274657,GSM8454235_Patient_8,GSE274657 | Patient_8,2026,5278,background
GSE274657,GSM8454235_Patient_8,GSE274657 | Patient_8,1893,5276,background
GSE274657,GSM8454235_Patient_8,GSE274657 | Patient_8,10205,5286,background
GSE274657,GSM8454235_Patient_8,GSE274657 | Patient_8,10072,5284,background
GSE274657,GSM8454235_Patient_8,GSE274657 | Patient_8,9939,5282,background
GSE274657,GSM8454235_Patient_8,GSE274657 | Patient_8,9806,5280,background
GSE274657,GSM8454235_Patient_8,GSE274657 | Patient_8,9673,5278,background
GSE274657,GSM8454235_Patient_8,GSE274657 | Patient_8,9540,5276,background
GSE274657,GSM8454235_Patient_8,GSE274657 | Patient_8,9408,5274,background
GSE274657,GSM8454235_Patient_8,GSE274657 | Patient_8,9275,5272,background
GSE274657,GSM8454235_Patient_8,GSE274657 | Patient_8,9142,5270,background
GSE274657,GSM8454235_Patient_8,GSE274657 | Patient_8,9009,5268,background
GSE274657,GSM8454235_Patient_8,GSE274657 | Patient_8,8876,5266,background
GSE274657,GSM8454235_Patient_8,GSE274657 | Patient_8,8743,5264,background
GSE274657,GSM8454235_Patient_8,GSE274657 | Patient_8,8610,5262,background
GSE274657,GSM8454235_Patient_8,GSE274657 | Patient_8,8477,5260,background
GSE274657,GSM8454235_Patient_8,GSE274657 | Patient_8,8344,5258,background
GSE274657,GSM8454235_Patient_8,GSE274657 | Patient_8,8211,5256,background
GSE274657,GSM8454235_Patient_8,GSE274657 | Patient_8,8078,5254,background
GSE274657,GSM8454235_Patient_8,GSE274657 | Patient_8,7945,5252,background
GSE274657,GSM8454235_Patient_8,GSE274657 | Patient_8,7812,5250,background
GSE274657,GSM8454235_Patient_8,GSE274657 | Patient_8,7679,5248,background
GSE274657,GSM8454235_Patient_8,GSE274657 | Patient_8,7546,5246,background
GSE274657,GSM8454235_Patient_8,GSE274657 | Patient_8,7413,5244,background
GSE274657,GSM8454235_Patient_8,GSE274657 | Patient_8,7280,5242,background
GSE274657,GSM8454235_Patient_8,GSE274657 | Patient_8,7147,5240,background
GSE274657,GSM8454235_Patient_8,GSE274657 | Patient_8,7014,5238,background
GSE274657,GSM8454235_Patient_8,GSE274657 | Patient_8,6881,5236,background
GSE274657,GSM8454235_Patient_8,GSE274657 | Patient_8,6748,5234,background
GSE274657,GSM8454235_Patient_8,GSE274657 | Patient_8,6615,5232,background
GSE274657,GSM8454235_Patient_8,GSE274657 | Patient_8,6482,5230,background
GSE274657,GSM8454235_Patient_8,GSE274657 | Patient_8,6349,5228,background
GSE274657,GSM8454235_Patient_8,GSE274657 | Patient_8,6216,5226,background
GSE274657,GSM8454235_Patient_8,GSE274657 | Patient_8,6083,5224,background
GSE274657,GSM8454235_Patient_8,GSE274657 | Patient_8,5950,5222,background
GSE274657,GSM8454235_Patient_8,GSE274657 | Patient_8,5817,5220,background
GSE274657,GSM8454235_Patient_8,GSE274657 | Patient_8,5684,5218,background
GSE274657,GSM8454235_Patient_8,GSE274657 | Patient_8,5551,5216,background
GSE274657,GSM8454235_Patient_8,GSE274657 | Patient_8,5418,5214,background
GSE274657,GSM8454235_Patient_8,GSE274657 | Patient_8,5285,5212,background
GSE274657,GSM8454235_Patient_8,GSE274657 | Patient_8,5152,5210,background
GSE274657,GSM8454235_Patient_8,GSE274657 | Patient_8,5019,5208,background
GSE274657,GSM8454235_Patient_8,GSE274657 | Patient_8,4886,5206,background
GSE274657,GSM8454235_Patient_8,GSE274657 | Patient_8,4754,5204,background
GSE274657,GSM8454235_Patient_8,GSE274657 | Patient_8,4621,5202,background
GSE274657,GSM8454235_Patient_8,GSE274657 | Patient_8,4488,5200,background
GSE274657,GSM8454235_Patient_8,GSE274657 | Patient_8,4355,5198,background
GSE274657,GSM8454235_Patient_8,GSE274657 | Patient_8,4222,5196,background
GSE274657,GSM8454235_Patient_8,GSE274657 | Patient_8,4089,5194,background
GSE274657,GSM8454235_Patient_8,GSE274657 | Patient_8,3956,5192,background
GSE274657,GSM8454235_Patient_8,GSE274657 | Patient_8,3823,5190,background
GSE274657,GSM8454235_Patient_8,GSE274657 | Patient_8,3690,5188,background
GSE274657,GSM8454235_Patient_8,GSE274657 | Patient_8,3557,5186,background
GSE274657,GSM8454235_Patient_8,GSE274657 | Patient_8,3424,5184,background
GSE274657,GSM8454235_Patient_8,GSE274657 | Patient_8,3291,5182,background
GSE274657,GSM8454235_Patient_8,GSE274657 | Patient_8,3158,5180,background
GSE274657,GSM8454235_Patient_8,GSE274657 | Patient_8,3025,5178,background
GSE274657,GSM8454235_Patient_8,GSE274657 | Patient_8,2892,5176,background
GSE274657,GSM8454235_Patient_8,GSE274657 | Patient_8,2759,5174,background
GSE274657,GSM8454235_Patient_8,GSE274657 | Patient_8,2626,5172,background
GSE274657,GSM8454235_Patient_8,GSE274657 | Patient_8,2493,5170,background
GSE274657,GSM8454235_Patient_8,GSE274657 | Patient_8,2360,5168,background
GSE274657,GSM8454235_Patient_8,GSE274657 | Patient_8,2227,5166,background
GSE274657,GSM8454235_Patient_8,GSE274657 | Patient_8,2094,5164,background
GSE274657,GSM8454235_Patient_8,GSE274657 | Patient_8,1961,5162,background
GSE274657,GSM8454235_Patient_8,GSE274657 | Patient_8,1828,5160,background
GSE274657,GSM8454235_Patient_8,GSE274657 | Patient_8,10274,5172,background
GSE274657,GSM8454235_Patient_8,GSE274657 | Patient_8,10141,5170,background
GSE274657,GSM8454235_Patient_8,GSE274657 | Patient_8,10008,5168,background
GSE274657,GSM8454235_Patient_8,GSE274657 | Patient_8,9875,5166,background
GSE274657,GSM8454235_Patient_8,GSE274657 | Patient_8,9742,5164,background
GSE274657,GSM8454235_Patient_8,GSE274657 | Patient_8,9609,5162,background
GSE274657,GSM8454235_Patient_8,GSE274657 | Patient_8,9476,5160,background
GSE274657,GSM8454235_Patient_8,GSE274657 | Patient_8,9343,5158,background
GSE274657,GSM8454235_Patient_8,GSE274657 | Patient_8,9210,5156,background
GSE274657,GSM8454235_Patient_8,GSE274657 | Patient_8,9077,5154,background
GSE274657,GSM8454235_Patient_8,GSE274657 | Patient_8,8944,5152,background
GSE274657,GSM8454235_Patient_8,GSE274657 | Patient_8,8811,5150,background
GSE274657,GSM8454235_Patient_8,GSE274657 | Patient_8,8678,5148,background
GSE274657,GSM8454235_Patient_8,GSE274657 | Patient_8,8545,5146,background
GSE274657,GSM8454235_Patient_8,GSE274657 | Patient_8,8412,5144,background
GSE274657,GSM8454235_Patient_8,GSE274657 | Patient_8,8279,5142,background
GSE274657,GSM8454235_Patient_8,GSE274657 | Patient_8,8146,5140,background
GSE274657,GSM8454235_Patient_8,GSE274657 | Patient_8,8013,5138,background
GSE274657,GSM8454235_Patient_8,GSE274657 | Patient_8,7880,5136,background
GSE274657,GSM8454235_Patient_8,GSE274657 | Patient_8,7747,5134,background
GSE274657,GSM8454235_Patient_8,GSE274657 | Patient_8,7614,5132,background
GSE274657,GSM8454235_Patient_8,GSE274657 | Patient_8,7481,5130,background
GSE274657,GSM8454235_Patient_8,GSE274657 | Patient_8,7348,5128,background
GSE274657,GSM8454235_Patient_8,GSE274657 | Patient_8,7215,5126,background
GSE274657,GSM8454235_Patient_8,GSE274657 | Patient_8,7082,5124,background
GSE274657,GSM8454235_Patient_8,GSE274657 | Patient_8,6949,5122,background
GSE274657,GSM8454235_Patient_8,GSE274657 | Patient_8,6816,5120,background
GSE274657,GSM8454235_Patient_8,GSE274657 | Patient_8,6683,5117,background
GSE274657,GSM8454235_Patient_8,GSE274657 | Patient_8,6550,5115,background
GSE274657,GSM8454235_Patient_8,GSE274657 | Patient_8,6417,5113,background
GSE274657,GSM8454235_Patient_8,GSE274657 | Patient_8,6284,5111,background
GSE274657,GSM8454235_Patient_8,GSE274657 | Patient_8,6151,5109,background
GSE274657,GSM8454235_Patient_8,GSE274657 | Patient_8,6018,5107,background
GSE274657,GSM8454235_Patient_8,GSE274657 | Patient_8,5886,5105,background
GSE274657,GSM8454235_Patient_8,GSE274657 | Patient_8,5753,5103,background
GSE274657,GSM8454235_Patient_8,GSE274657 | Patient_8,5620,5101,background
GSE274657,GSM8454235_Patient_8,GSE274657 | Patient_8,5487,5099,background
GSE274657,GSM8454235_Patient_8,GSE274657 | Patient_8,5354,5097,background
GSE274657,GSM8454235_Patient_8,GSE274657 | Patient_8,5221,5095,background
GSE274657,GSM8454235_Patient_8,GSE274657 | Patient_8,5088,5093,background
GSE274657,GSM8454235_Patient_8,GSE274657 | Patient_8,4955,5091,background
GSE274657,GSM8454235_Patient_8,GSE274657 | Patient_8,4822,5089,background
GSE274657,GSM8454235_Patient_8,GSE274657 | Patient_8,4689,5087,background
GSE274657,GSM8454235_Patient_8,GSE274657 | Patient_8,4556,5085,background
GSE274657,GSM8454235_Patient_8,GSE274657 | Patient_8,4423,5083,background
GSE274657,GSM8454235_Patient_8,GSE274657 | Patient_8,4290,5081,background
GSE274657,GSM8454235_Patient_8,GSE274657 | Patient_8,4157,5079,background
GSE274657,GSM8454235_Patient_8,GSE274657 | Patient_8,4024,5077,background
GSE274657,GSM8454235_Patient_8,GSE274657 | Patient_8,3891,5075,background
GSE274657,GSM8454235_Patient_8,GSE274657 | Patient_8,3758,5073,background
GSE274657,GSM8454235_Patient_8,GSE274657 | Patient_8,3625,5071,background
GSE274657,GSM8454235_Patient_8,GSE274657 | Patient_8,3492,5069,background
GSE274657,GSM8454235_Patient_8,GSE274657 | Patient_8,3359,5067,background
GSE274657,GSM8454235_Patient_8,GSE274657 | Patient_8,3226,5065,background
GSE274657,GSM8454235_Patient_8,GSE274657 | Patient_8,3093,5063,background
GSE274657,GSM8454235_Patient_8,GSE274657 | Patient_8,2960,5061,background
GSE274657,GSM8454235_Patient_8,GSE274657 | Patient_8,2827,5059,background
GSE274657,GSM8454235_Patient_8,GSE274657 | Patient_8,2694,5057,background
GSE274657,GSM8454235_Patient_8,GSE274657 | Patient_8,2561,5055,background
GSE274657,GSM8454235_Patient_8,GSE274657 | Patient_8,2428,5053,background
GSE274657,GSM8454235_Patient_8,GSE274657 | Patient_8,2295,5051,background
GSE274657,GSM8454235_Patient_8,GSE274657 | Patient_8,2162,5049,background
GSE274657,GSM8454235_Patient_8,GSE274657 | Patient_8,2029,5047,background
GSE274657,GSM8454235_Patient_8,GSE274657 | Patient_8,1896,5045,background
GSE274657,GSM8454235_Patient_8,GSE274657 | Patient_8,10209,5055,background
GSE274657,GSM8454235_Patient_8,GSE274657 | Patient_8,10076,5053,background
GSE274657,GSM8454235_Patient_8,GSE274657 | Patient_8,9943,5051,background
GSE274657,GSM8454235_Patient_8,GSE274657 | Patient_8,9810,5049,background
GSE274657,GSM8454235_Patient_8,GSE274657 | Patient_8,9677,5047,background
GSE274657,GSM8454235_Patient_8,GSE274657 | Patient_8,9544,5045,background
GSE274657,GSM8454235_Patient_8,GSE274657 | Patient_8,9411,5043,background
GSE274657,GSM8454235_Patient_8,GSE274657 | Patient_8,9278,5041,background
GSE274657,GSM8454235_Patient_8,GSE274657 | Patient_8,9145,5039,background
GSE274657,GSM8454235_Patient_8,GSE274657 | Patient_8,9012,5037,background
GSE274657,GSM8454235_Patient_8,GSE274657 | Patient_8,8879,5035,background
GSE274657,GSM8454235_Patient_8,GSE274657 | Patient_8,8746,5033,background
GSE274657,GSM8454235_Patient_8,GSE274657 | Patient_8,8613,5031,background
GSE274657,GSM8454235_Patient_8,GSE274657 | Patient_8,8480,5029,background
GSE274657,GSM8454235_Patient_8,GSE274657 | Patient_8,8347,5027,background
GSE274657,GSM8454235_Patient_8,GSE274657 | Patient_8,8214,5025,background
GSE274657,GSM8454235_Patient_8,GSE274657 | Patient_8,8081,5023,background
GSE274657,GSM8454235_Patient_8,GSE274657 | Patient_8,7948,5021,background
GSE274657,GSM8454235_Patient_8,GSE274657 | Patient_8,7815,5019,background
GSE274657,GSM8454235_Patient_8,GSE274657 | Patient_8,7682,5017,background
GSE274657,GSM8454235_Patient_8,GSE274657 | Patient_8,7549,5015,background
GSE274657,GSM8454235_Patient_8,GSE274657 | Patient_8,7416,5013,background
GSE274657,GSM8454235_Patient_8,GSE274657 | Patient_8,7283,5011,background
GSE274657,GSM8454235_Patient_8,GSE274657 | Patient_8,7150,5009,background
GSE274657,GSM8454235_Patient_8,GSE274657 | Patient_8,7018,5007,background
GSE274657,GSM8454235_Patient_8,GSE274657 | Patient_8,6885,5005,background
GSE274657,GSM8454235_Patient_8,GSE274657 | Patient_8,6752,5003,background
GSE274657,GSM8454235_Patient_8,GSE274657 | Patient_8,6619,5001,background
GSE274657,GSM8454235_Patient_8,GSE274657 | Patient_8,6486,4999,background
GSE274657,GSM8454235_Patient_8,GSE274657 | Patient_8,6353,4997,background
GSE274657,GSM8454235_Patient_8,GSE274657 | Patient_8,6220,4995,background
GSE274657,GSM8454235_Patient_8,GSE274657 | Patient_8,6087,4993,background
GSE274657,GSM8454235_Patient_8,GSE274657 | Patient_8,5954,4991,background
GSE274657,GSM8454235_Patient_8,GSE274657 | Patient_8,5821,4989,background
GSE274657,GSM8454235_Patient_8,GSE274657 | Patient_8,5688,4987,background
GSE274657,GSM8454235_Patient_8,GSE274657 | Patient_8,5555,4985,background
GSE274657,GSM8454235_Patient_8,GSE274657 | Patient_8,5422,4983,background
GSE274657,GSM8454235_Patient_8,GSE274657 | Patient_8,5289,4981,background
GSE274657,GSM8454235_Patient_8,GSE274657 | Patient_8,5156,4979,background
GSE274657,GSM8454235_Patient_8,GSE274657 | Patient_8,5023,4977,background
GSE274657,GSM8454235_Patient_8,GSE274657 | Patient_8,4890,4975,background
GSE274657,GSM8454235_Patient_8,GSE274657 | Patient_8,4757,4973,background
GSE274657,GSM8454235_Patient_8,GSE274657 | Patient_8,4624,4971,background
GSE274657,GSM8454235_Patient_8,GSE274657 | Patient_8,4491,4969,background
GSE274657,GSM8454235_Patient_8,GSE274657 | Patient_8,4358,4967,background
GSE274657,GSM8454235_Patient_8,GSE274657 | Patient_8,4225,4965,background
GSE274657,GSM8454235_Patient_8,GSE274657 | Patient_8,4092,4963,background
GSE274657,GSM8454235_Patient_8,GSE274657 | Patient_8,3959,4961,background
GSE274657,GSM8454235_Patient_8,GSE274657 | Patient_8,3826,4959,background
GSE274657,GSM8454235_Patient_8,GSE274657 | Patient_8,3693,4957,background
GSE274657,GSM8454235_Patient_8,GSE274657 | Patient_8,3560,4955,background
GSE274657,GSM8454235_Patient_8,GSE274657 | Patient_8,3427,4953,background
GSE274657,GSM8454235_Patient_8,GSE274657 | Patient_8,3294,4951,background
GSE274657,GSM8454235_Patient_8,GSE274657 | Patient_8,3161,4949,background
GSE274657,GSM8454235_Patient_8,GSE274657 | Patient_8,3028,4947,background
GSE274657,GSM8454235_Patient_8,GSE274657 | Patient_8,2895,4944,background
GSE274657,GSM8454235_Patient_8,GSE274657 | Patient_8,2762,4942,background
GSE274657,GSM8454235_Patient_8,GSE274657 | Patient_8,2629,4940,background
GSE274657,GSM8454235_Patient_8,GSE274657 | Patient_8,2496,4938,background
GSE274657,GSM8454235_Patient_8,GSE274657 | Patient_8,2364,4936,background
GSE274657,GSM8454235_Patient_8,GSE274657 | Patient_8,2231,4934,background
GSE274657,GSM8454235_Patient_8,GSE274657 | Patient_8,2098,4932,background
GSE274657,GSM8454235_Patient_8,GSE274657 | Patient_8,1965,4930,background
GSE274657,GSM8454235_Patient_8,GSE274657 | Patient_8,1832,4928,background
GSE274657,GSM8454235_Patient_8,GSE274657 | Patient_8,10277,4940,background
GSE274657,GSM8454235_Patient_8,GSE274657 | Patient_8,10144,4938,background
GSE274657,GSM8454235_Patient_8,GSE274657 | Patient_8,10011,4936,background
GSE274657,GSM8454235_Patient_8,GSE274657 | Patient_8,9878,4934,background
GSE274657,GSM8454235_Patient_8,GSE274657 | Patient_8,9745,4932,background
GSE274657,GSM8454235_Patient_8,GSE274657 | Patient_8,9612,4930,background
GSE274657,GSM8454235_Patient_8,GSE274657 | Patient_8,9479,4928,background
GSE274657,GSM8454235_Patient_8,GSE274657 | Patient_8,9346,4926,background
GSE274657,GSM8454235_Patient_8,GSE274657 | Patient_8,9213,4924,background
GSE274657,GSM8454235_Patient_8,GSE274657 | Patient_8,9080,4922,background
GSE274657,GSM8454235_Patient_8,GSE274657 | Patient_8,8947,4920,background
GSE274657,GSM8454235_Patient_8,GSE274657 | Patient_8,8814,4918,background
GSE274657,GSM8454235_Patient_8,GSE274657 | Patient_8,8681,4916,background
GSE274657,GSM8454235_Patient_8,GSE274657 | Patient_8,8548,4914,background
GSE274657,GSM8454235_Patient_8,GSE274657 | Patient_8,8415,4912,background
GSE274657,GSM8454235_Patient_8,GSE274657 | Patient_8,8282,4910,background
GSE274657,GSM8454235_Patient_8,GSE274657 | Patient_8,8150,4908,background
GSE274657,GSM8454235_Patient_8,GSE274657 | Patient_8,8017,4906,background
GSE274657,GSM8454235_Patient_8,GSE274657 | Patient_8,7884,4904,background
GSE274657,GSM8454235_Patient_8,GSE274657 | Patient_8,7751,4902,background
GSE274657,GSM8454235_Patient_8,GSE274657 | Patient_8,7618,4900,background
GSE274657,GSM8454235_Patient_8,GSE274657 | Patient_8,7485,4898,background
GSE274657,GSM8454235_Patient_8,GSE274657 | Patient_8,7352,4896,background
GSE274657,GSM8454235_Patient_8,GSE274657 | Patient_8,7219,4894,background
GSE274657,GSM8454235_Patient_8,GSE274657 | Patient_8,7086,4892,background
GSE274657,GSM8454235_Patient_8,GSE274657 | Patient_8,6953,4890,background
GSE274657,GSM8454235_Patient_8,GSE274657 | Patient_8,6820,4888,background
GSE274657,GSM8454235_Patient_8,GSE274657 | Patient_8,6687,4886,background
GSE274657,GSM8454235_Patient_8,GSE274657 | Patient_8,6554,4884,background
GSE274657,GSM8454235_Patient_8,GSE274657 | Patient_8,6421,4882,background
GSE274657,GSM8454235_Patient_8,GSE274657 | Patient_8,6288,4880,background
GSE274657,GSM8454235_Patient_8,GSE274657 | Patient_8,6155,4878,background
GSE274657,GSM8454235_Patient_8,GSE274657 | Patient_8,6022,4876,background
GSE274657,GSM8454235_Patient_8,GSE274657 | Patient_8,5889,4874,background
GSE274657,GSM8454235_Patient_8,GSE274657 | Patient_8,5756,4872,background
GSE274657,GSM8454235_Patient_8,GSE274657 | Patient_8,5623,4870,background
GSE274657,GSM8454235_Patient_8,GSE274657 | Patient_8,5490,4868,background
GSE274657,GSM8454235_Patient_8,GSE274657 | Patient_8,5357,4866,background
GSE274657,GSM8454235_Patient_8,GSE274657 | Patient_8,5224,4864,background
GSE274657,GSM8454235_Patient_8,GSE274657 | Patient_8,5091,4862,background
GSE274657,GSM8454235_Patient_8,GSE274657 | Patient_8,4958,4860,background
GSE274657,GSM8454235_Patient_8,GSE274657 | Patient_8,4825,4858,background
GSE274657,GSM8454235_Patient_8,GSE274657 | Patient_8,4692,4856,background
GSE274657,GSM8454235_Patient_8,GSE274657 | Patient_8,4559,4854,background
GSE274657,GSM8454235_Patient_8,GSE274657 | Patient_8,4426,4852,background
GSE274657,GSM8454235_Patient_8,GSE274657 | Patient_8,4293,4850,background
GSE274657,GSM8454235_Patient_8,GSE274657 | Patient_8,4160,4848,background
GSE274657,GSM8454235_Patient_8,GSE274657 | Patient_8,4027,4846,background
GSE274657,GSM8454235_Patient_8,GSE274657 | Patient_8,3894,4844,background
GSE274657,GSM8454235_Patient_8,GSE274657 | Patient_8,3761,4842,background
GSE274657,GSM8454235_Patient_8,GSE274657 | Patient_8,3629,4840,background
GSE274657,GSM8454235_Patient_8,GSE274657 | Patient_8,3496,4838,background
GSE274657,GSM8454235_Patient_8,GSE274657 | Patient_8,3363,4836,background
GSE274657,GSM8454235_Patient_8,GSE274657 | Patient_8,3230,4834,background
GSE274657,GSM8454235_Patient_8,GSE274657 | Patient_8,3097,4832,background
GSE274657,GSM8454235_Patient_8,GSE274657 | Patient_8,2964,4830,background
GSE274657,GSM8454235_Patient_8,GSE274657 | Patient_8,2831,4828,background
GSE274657,GSM8454235_Patient_8,GSE274657 | Patient_8,2698,4826,background
GSE274657,GSM8454235_Patient_8,GSE274657 | Patient_8,2565,4824,background
GSE274657,GSM8454235_Patient_8,GSE274657 | Patient_8,2432,4822,background
GSE274657,GSM8454235_Patient_8,GSE274657 | Patient_8,2299,4820,background
GSE274657,GSM8454235_Patient_8,GSE274657 | Patient_8,2166,4818,background
GSE274657,GSM8454235_Patient_8,GSE274657 | Patient_8,2033,4816,background
GSE274657,GSM8454235_Patient_8,GSE274657 | Patient_8,1900,4814,background
GSE274657,GSM8454235_Patient_8,GSE274657 | Patient_8,10212,4824,background
GSE274657,GSM8454235_Patient_8,GSE274657 | Patient_8,10079,4822,background
GSE274657,GSM8454235_Patient_8,GSE274657 | Patient_8,9946,4820,background
GSE274657,GSM8454235_Patient_8,GSE274657 | Patient_8,9813,4818,background
GSE274657,GSM8454235_Patient_8,GSE274657 | Patient_8,9680,4816,background
GSE274657,GSM8454235_Patient_8,GSE274657 | Patient_8,9547,4814,background
GSE274657,GSM8454235_Patient_8,GSE274657 | Patient_8,9414,4812,background
GSE274657,GSM8454235_Patient_8,GSE274657 | Patient_8,9282,4810,background
GSE274657,GSM8454235_Patient_8,GSE274657 | Patient_8,9149,4808,background
GSE274657,GSM8454235_Patient_8,GSE274657 | Patient_8,9016,4806,background
GSE274657,GSM8454235_Patient_8,GSE274657 | Patient_8,8883,4804,background
GSE274657,GSM8454235_Patient_8,GSE274657 | Patient_8,8750,4802,background
GSE274657,GSM8454235_Patient_8,GSE274657 | Patient_8,8617,4800,background
GSE274657,GSM8454235_Patient_8,GSE274657 | Patient_8,8484,4798,background
GSE274657,GSM8454235_Patient_8,GSE274657 | Patient_8,8351,4796,background
GSE274657,GSM8454235_Patient_8,GSE274657 | Patient_8,8218,4794,background
GSE274657,GSM8454235_Patient_8,GSE274657 | Patient_8,8085,4792,background
GSE274657,GSM8454235_Patient_8,GSE274657 | Patient_8,7952,4790,background
GSE274657,GSM8454235_Patient_8,GSE274657 | Patient_8,7819,4788,background
GSE274657,GSM8454235_Patient_8,GSE274657 | Patient_8,7686,4786,background
GSE274657,GSM8454235_Patient_8,GSE274657 | Patient_8,7553,4784,background
GSE274657,GSM8454235_Patient_8,GSE274657 | Patient_8,7420,4781,background
GSE274657,GSM8454235_Patient_8,GSE274657 | Patient_8,7287,4779,background
GSE274657,GSM8454235_Patient_8,GSE274657 | Patient_8,7154,4777,background
GSE274657,GSM8454235_Patient_8,GSE274657 | Patient_8,7021,4775,background
GSE274657,GSM8454235_Patient_8,GSE274657 | Patient_8,6888,4773,background
GSE274657,GSM8454235_Patient_8,GSE274657 | Patient_8,6755,4771,background
GSE274657,GSM8454235_Patient_8,GSE274657 | Patient_8,6622,4769,background
GSE274657,GSM8454235_Patient_8,GSE274657 | Patient_8,6489,4767,background
GSE274657,GSM8454235_Patient_8,GSE274657 | Patient_8,6356,4765,background
GSE274657,GSM8454235_Patient_8,GSE274657 | Patient_8,6223,4763,background
GSE274657,GSM8454235_Patient_8,GSE274657 | Patient_8,6090,4761,background
GSE274657,GSM8454235_Patient_8,GSE274657 | Patient_8,5957,4759,background
GSE274657,GSM8454235_Patient_8,GSE274657 | Patient_8,5824,4757,background
GSE274657,GSM8454235_Patient_8,GSE274657 | Patient_8,5691,4755,background
GSE274657,GSM8454235_Patient_8,GSE274657 | Patient_8,5558,4753,background
GSE274657,GSM8454235_Patient_8,GSE274657 | Patient_8,5425,4751,background
GSE274657,GSM8454235_Patient_8,GSE274657 | Patient_8,5292,4749,background
GSE274657,GSM8454235_Patient_8,GSE274657 | Patient_8,5159,4747,background
GSE274657,GSM8454235_Patient_8,GSE274657 | Patient_8,5026,4745,background
GSE274657,GSM8454235_Patient_8,GSE274657 | Patient_8,4893,4743,background
GSE274657,GSM8454235_Patient_8,GSE274657 | Patient_8,4761,4741,background
GSE274657,GSM8454235_Patient_8,GSE274657 | Patient_8,4628,4739,background
GSE274657,GSM8454235_Patient_8,GSE274657 | Patient_8,4495,4737,background
GSE274657,GSM8454235_Patient_8,GSE274657 | Patient_8,4362,4735,background
GSE274657,GSM8454235_Patient_8,GSE274657 | Patient_8,4229,4733,background
GSE274657,GSM8454235_Patient_8,GSE274657 | Patient_8,4096,4731,background
GSE274657,GSM8454235_Patient_8,GSE274657 | Patient_8,3963,4729,background
GSE274657,GSM8454235_Patient_8,GSE274657 | Patient_8,3830,4727,background
GSE274657,GSM8454235_Patient_8,GSE274657 | Patient_8,3697,4725,background
GSE274657,GSM8454235_Patient_8,GSE274657 | Patient_8,3564,4723,background
GSE274657,GSM8454235_Patient_8,GSE274657 | Patient_8,3431,4721,background
GSE274657,GSM8454235_Patient_8,GSE274657 | Patient_8,3298,4719,background
GSE274657,GSM8454235_Patient_8,GSE274657 | Patient_8,3165,4717,background
GSE274657,GSM8454235_Patient_8,GSE274657 | Patient_8,3032,4715,background
GSE274657,GSM8454235_Patient_8,GSE274657 | Patient_8,2899,4713,background
GSE274657,GSM8454235_Patient_8,GSE274657 | Patient_8,2766,4711,background
GSE274657,GSM8454235_Patient_8,GSE274657 | Patient_8,2633,4709,background
GSE274657,GSM8454235_Patient_8,GSE274657 | Patient_8,2500,4707,background
GSE274657,GSM8454235_Patient_8,GSE274657 | Patient_8,2367,4705,background
GSE274657,GSM8454235_Patient_8,GSE274657 | Patient_8,2234,4703,background
GSE274657,GSM8454235_Patient_8,GSE274657 | Patient_8,2101,4701,background
GSE274657,GSM8454235_Patient_8,GSE274657 | Patient_8,1968,4699,background
GSE274657,GSM8454235_Patient_8,GSE274657 | Patient_8,1835,4697,background
GSE274657,GSM8454235_Patient_8,GSE274657 | Patient_8,10281,4709,background
GSE274657,GSM8454235_Patient_8,GSE274657 | Patient_8,10148,4707,background
GSE274657,GSM8454235_Patient_8,GSE274657 | Patient_8,10015,4705,background
GSE274657,GSM8454235_Patient_8,GSE274657 | Patient_8,9882,4703,background
GSE274657,GSM8454235_Patient_8,GSE274657 | Patient_8,9749,4701,background
GSE274657,GSM8454235_Patient_8,GSE274657 | Patient_8,9616,4699,background
GSE274657,GSM8454235_Patient_8,GSE274657 | Patient_8,9483,4697,background
GSE274657,GSM8454235_Patient_8,GSE274657 | Patient_8,9350,4695,background
GSE274657,GSM8454235_Patient_8,GSE274657 | Patient_8,9217,4693,background
GSE274657,GSM8454235_Patient_8,GSE274657 | Patient_8,9084,4691,background
GSE274657,GSM8454235_Patient_8,GSE274657 | Patient_8,8951,4689,background
GSE274657,GSM8454235_Patient_8,GSE274657 | Patient_8,8818,4687,background
GSE274657,GSM8454235_Patient_8,GSE274657 | Patient_8,8685,4685,background
GSE274657,GSM8454235_Patient_8,GSE274657 | Patient_8,8552,4683,background
GSE274657,GSM8454235_Patient_8,GSE274657 | Patient_8,8419,4681,background
GSE274657,GSM8454235_Patient_8,GSE274657 | Patient_8,8286,4679,background
GSE274657,GSM8454235_Patient_8,GSE274657 | Patient_8,8153,4677,background
GSE274657,GSM8454235_Patient_8,GSE274657 | Patient_8,8020,4675,background
GSE274657,GSM8454235_Patient_8,GSE274657 | Patient_8,7887,4673,background
GSE274657,GSM8454235_Patient_8,GSE274657 | Patient_8,7754,4671,background
GSE274657,GSM8454235_Patient_8,GSE274657 | Patient_8,7621,4669,background
GSE274657,GSM8454235_Patient_8,GSE274657 | Patient_8,7488,4667,background
GSE274657,GSM8454235_Patient_8,GSE274657 | Patient_8,7355,4665,background
GSE274657,GSM8454235_Patient_8,GSE274657 | Patient_8,7222,4663,background
GSE274657,GSM8454235_Patient_8,GSE274657 | Patient_8,7089,4661,background
GSE274657,GSM8454235_Patient_8,GSE274657 | Patient_8,6956,4659,background
GSE274657,GSM8454235_Patient_8,GSE274657 | Patient_8,6823,4657,background
GSE274657,GSM8454235_Patient_8,GSE274657 | Patient_8,6690,4655,background
GSE274657,GSM8454235_Patient_8,GSE274657 | Patient_8,6557,4653,background
GSE274657,GSM8454235_Patient_8,GSE274657 | Patient_8,6424,4651,background
GSE274657,GSM8454235_Patient_8,GSE274657 | Patient_8,6291,4649,background
GSE274657,GSM8454235_Patient_8,GSE274657 | Patient_8,6158,4647,background
GSE274657,GSM8454235_Patient_8,GSE274657 | Patient_8,6025,4645,background
GSE274657,GSM8454235_Patient_8,GSE274657 | Patient_8,5893,4643,background
GSE274657,GSM8454235_Patient_8,GSE274657 | Patient_8,5760,4641,background
GSE274657,GSM8454235_Patient_8,GSE274657 | Patient_8,5627,4639,background
GSE274657,GSM8454235_Patient_8,GSE274657 | Patient_8,5494,4637,background
GSE274657,GSM8454235_Patient_8,GSE274657 | Patient_8,5361,4635,background
GSE274657,GSM8454235_Patient_8,GSE274657 | Patient_8,5228,4633,background
GSE274657,GSM8454235_Patient_8,GSE274657 | Patient_8,5095,4631,background
GSE274657,GSM8454235_Patient_8,GSE274657 | Patient_8,4962,4629,background
GSE274657,GSM8454235_Patient_8,GSE274657 | Patient_8,4829,4627,background
GSE274657,GSM8454235_Patient_8,GSE274657 | Patient_8,4696,4625,background
GSE274657,GSM8454235_Patient_8,GSE274657 | Patient_8,4563,4623,background
GSE274657,GSM8454235_Patient_8,GSE274657 | Patient_8,4430,4621,background
GSE274657,GSM8454235_Patient_8,GSE274657 | Patient_8,4297,4619,background
GSE274657,GSM8454235_Patient_8,GSE274657 | Patient_8,4164,4617,background
GSE274657,GSM8454235_Patient_8,GSE274657 | Patient_8,4031,4615,background
GSE274657,GSM8454235_Patient_8,GSE274657 | Patient_8,3898,4613,background
GSE274657,GSM8454235_Patient_8,GSE274657 | Patient_8,3765,4611,background
GSE274657,GSM8454235_Patient_8,GSE274657 | Patient_8,3632,4608,background
GSE274657,GSM8454235_Patient_8,GSE274657 | Patient_8,3499,4606,background
GSE274657,GSM8454235_Patient_8,GSE274657 | Patient_8,3366,4604,background
GSE274657,GSM8454235_Patient_8,GSE274657 | Patient_8,3233,4602,background
GSE274657,GSM8454235_Patient_8,GSE274657 | Patient_8,3100,4600,background
GSE274657,GSM8454235_Patient_8,GSE274657 | Patient_8,2967,4598,background
GSE274657,GSM8454235_Patient_8,GSE274657 | Patient_8,2834,4596,background
GSE274657,GSM8454235_Patient_8,GSE274657 | Patient_8,2701,4594,background
GSE274657,GSM8454235_Patient_8,GSE274657 | Patient_8,2568,4592,background
GSE274657,GSM8454235_Patient_8,GSE274657 | Patient_8,2435,4590,background
GSE274657,GSM8454235_Patient_8,GSE274657 | Patient_8,2302,4588,background
GSE274657,GSM8454235_Patient_8,GSE274657 | Patient_8,2169,4586,background
GSE274657,GSM8454235_Patient_8,GSE274657 | Patient_8,2036,4584,background
GSE274657,GSM8454235_Patient_8,GSE274657 | Patient_8,1903,4582,background
GSE274657,GSM8454235_Patient_8,GSE274657 | Patient_8,10216,4592,background
GSE274657,GSM8454235_Patient_8,GSE274657 | Patient_8,10083,4590,background
GSE274657,GSM8454235_Patient_8,GSE274657 | Patient_8,9950,4588,background
GSE274657,GSM8454235_Patient_8,GSE274657 | Patient_8,9817,4586,background
GSE274657,GSM8454235_Patient_8,GSE274657 | Patient_8,9684,4584,background
GSE274657,GSM8454235_Patient_8,GSE274657 | Patient_8,9551,4582,background
GSE274657,GSM8454235_Patient_8,GSE274657 | Patient_8,9418,4580,background
GSE274657,GSM8454235_Patient_8,GSE274657 | Patient_8,9285,4578,background
GSE274657,GSM8454235_Patient_8,GSE274657 | Patient_8,9152,4576,background
GSE274657,GSM8454235_Patient_8,GSE274657 | Patient_8,9019,4574,background
GSE274657,GSM8454235_Patient_8,GSE274657 | Patient_8,8886,4572,background
GSE274657,GSM8454235_Patient_8,GSE274657 | Patient_8,8753,4570,background
GSE274657,GSM8454235_Patient_8,GSE274657 | Patient_8,8620,4568,background
GSE274657,GSM8454235_Patient_8,GSE274657 | Patient_8,8487,4566,background
GSE274657,GSM8454235_Patient_8,GSE274657 | Patient_8,8354,4564,background
GSE274657,GSM8454235_Patient_8,GSE274657 | Patient_8,8221,4562,background
GSE274657,GSM8454235_Patient_8,GSE274657 | Patient_8,8088,4560,background
GSE274657,GSM8454235_Patient_8,GSE274657 | Patient_8,7955,4558,background
GSE274657,GSM8454235_Patient_8,GSE274657 | Patient_8,7822,4556,background
GSE274657,GSM8454235_Patient_8,GSE274657 | Patient_8,7689,4554,background
GSE274657,GSM8454235_Patient_8,GSE274657 | Patient_8,7556,4552,background
GSE274657,GSM8454235_Patient_8,GSE274657 | Patient_8,7423,4550,background
GSE274657,GSM8454235_Patient_8,GSE274657 | Patient_8,7290,4548,background
GSE274657,GSM8454235_Patient_8,GSE274657 | Patient_8,7157,4546,background
GSE274657,GSM8454235_Patient_8,GSE274657 | Patient_8,7025,4544,background
GSE274657,GSM8454235_Patient_8,GSE274657 | Patient_8,6892,4542,background
GSE274657,GSM8454235_Patient_8,GSE274657 | Patient_8,6759,4540,background
GSE274657,GSM8454235_Patient_8,GSE274657 | Patient_8,6626,4538,background
GSE274657,GSM8454235_Patient_8,GSE274657 | Patient_8,6493,4536,background
GSE274657,GSM8454235_Patient_8,GSE274657 | Patient_8,6360,4534,background
GSE274657,GSM8454235_Patient_8,GSE274657 | Patient_8,6227,4532,background
GSE274657,GSM8454235_Patient_8,GSE274657 | Patient_8,6094,4530,background
GSE274657,GSM8454235_Patient_8,GSE274657 | Patient_8,5961,4528,background
GSE274657,GSM8454235_Patient_8,GSE274657 | Patient_8,5828,4526,background
GSE274657,GSM8454235_Patient_8,GSE274657 | Patient_8,5695,4524,background
GSE274657,GSM8454235_Patient_8,GSE274657 | Patient_8,5562,4522,background
GSE274657,GSM8454235_Patient_8,GSE274657 | Patient_8,5429,4520,background
GSE274657,GSM8454235_Patient_8,GSE274657 | Patient_8,5296,4518,background
GSE274657,GSM8454235_Patient_8,GSE274657 | Patient_8,5163,4516,background
GSE274657,GSM8454235_Patient_8,GSE274657 | Patient_8,5030,4514,background
GSE274657,GSM8454235_Patient_8,GSE274657 | Patient_8,4897,4512,background
GSE274657,GSM8454235_Patient_8,GSE274657 | Patient_8,4764,4510,background
GSE274657,GSM8454235_Patient_8,GSE274657 | Patient_8,4631,4508,background
GSE274657,GSM8454235_Patient_8,GSE274657 | Patient_8,4498,4506,background
GSE274657,GSM8454235_Patient_8,GSE274657 | Patient_8,4365,4504,background
GSE274657,GSM8454235_Patient_8,GSE274657 | Patient_8,4232,4502,background
GSE274657,GSM8454235_Patient_8,GSE274657 | Patient_8,4099,4500,background
GSE274657,GSM8454235_Patient_8,GSE274657 | Patient_8,3966,4498,background
GSE274657,GSM8454235_Patient_8,GSE274657 | Patient_8,3833,4496,background
GSE274657,GSM8454235_Patient_8,GSE274657 | Patient_8,3700,4494,background
GSE274657,GSM8454235_Patient_8,GSE274657 | Patient_8,3567,4492,background
GSE274657,GSM8454235_Patient_8,GSE274657 | Patient_8,3434,4490,background
GSE274657,GSM8454235_Patient_8,GSE274657 | Patient_8,3301,4488,background
GSE274657,GSM8454235_Patient_8,GSE274657 | Patient_8,3168,4486,background
GSE274657,GSM8454235_Patient_8,GSE274657 | Patient_8,3035,4484,background
GSE274657,GSM8454235_Patient_8,GSE274657 | Patient_8,2902,4482,background
GSE274657,GSM8454235_Patient_8,GSE274657 | Patient_8,2769,4480,background
GSE274657,GSM8454235_Patient_8,GSE274657 | Patient_8,2636,4478,background
GSE274657,GSM8454235_Patient_8,GSE274657 | Patient_8,2503,4476,background
GSE274657,GSM8454235_Patient_8,GSE274657 | Patient_8,2371,4474,background
GSE274657,GSM8454235_Patient_8,GSE274657 | Patient_8,2238,4472,background
GSE274657,GSM8454235_Patient_8,GSE274657 | Patient_8,2105,4470,background
GSE274657,GSM8454235_Patient_8,GSE274657 | Patient_8,1972,4468,background
GSE274657,GSM8454235_Patient_8,GSE274657 | Patient_8,1839,4466,background
GSE274657,GSM8454235_Patient_8,GSE274657 | Patient_8,10284,4478,background
GSE274657,GSM8454235_Patient_8,GSE274657 | Patient_8,10151,4476,background
GSE274657,GSM8454235_Patient_8,GSE274657 | Patient_8,10018,4474,background
GSE274657,GSM8454235_Patient_8,GSE274657 | Patient_8,9885,4472,background
GSE274657,GSM8454235_Patient_8,GSE274657 | Patient_8,9752,4470,background
GSE274657,GSM8454235_Patient_8,GSE274657 | Patient_8,9619,4468,background
GSE274657,GSM8454235_Patient_8,GSE274657 | Patient_8,9486,4466,background
GSE274657,GSM8454235_Patient_8,GSE274657 | Patient_8,9353,4464,background
GSE274657,GSM8454235_Patient_8,GSE274657 | Patient_8,9220,4462,background
GSE274657,GSM8454235_Patient_8,GSE274657 | Patient_8,9087,4460,background
GSE274657,GSM8454235_Patient_8,GSE274657 | Patient_8,8954,4458,background
GSE274657,GSM8454235_Patient_8,GSE274657 | Patient_8,8821,4456,background
GSE274657,GSM8454235_Patient_8,GSE274657 | Patient_8,8688,4454,background
GSE274657,GSM8454235_Patient_8,GSE274657 | Patient_8,8555,4452,background
GSE274657,GSM8454235_Patient_8,GSE274657 | Patient_8,8422,4450,background
GSE274657,GSM8454235_Patient_8,GSE274657 | Patient_8,8289,4448,background
GSE274657,GSM8454235_Patient_8,GSE274657 | Patient_8,8157,4446,background
GSE274657,GSM8454235_Patient_8,GSE274657 | Patient_8,8024,4443,background
GSE274657,GSM8454235_Patient_8,GSE274657 | Patient_8,7891,4441,background
GSE274657,GSM8454235_Patient_8,GSE274657 | Patient_8,7758,4439,background
GSE274657,GSM8454235_Patient_8,GSE274657 | Patient_8,7625,4437,background
GSE274657,GSM8454235_Patient_8,GSE274657 | Patient_8,7492,4435,background
GSE274657,GSM8454235_Patient_8,GSE274657 | Patient_8,7359,4433,background
GSE274657,GSM8454235_Patient_8,GSE274657 | Patient_8,7226,4431,background
GSE274657,GSM8454235_Patient_8,GSE274657 | Patient_8,7093,4429,background
GSE274657,GSM8454235_Patient_8,GSE274657 | Patient_8,6960,4427,background
GSE274657,GSM8454235_Patient_8,GSE274657 | Patient_8,6827,4425,background
GSE274657,GSM8454235_Patient_8,GSE274657 | Patient_8,6694,4423,background
GSE274657,GSM8454235_Patient_8,GSE274657 | Patient_8,6561,4421,background
GSE274657,GSM8454235_Patient_8,GSE274657 | Patient_8,6428,4419,background
GSE274657,GSM8454235_Patient_8,GSE274657 | Patient_8,6295,4417,background
GSE274657,GSM8454235_Patient_8,GSE274657 | Patient_8,6162,4415,background
GSE274657,GSM8454235_Patient_8,GSE274657 | Patient_8,6029,4413,background
GSE274657,GSM8454235_Patient_8,GSE274657 | Patient_8,5896,4411,background
GSE274657,GSM8454235_Patient_8,GSE274657 | Patient_8,5763,4409,background
GSE274657,GSM8454235_Patient_8,GSE274657 | Patient_8,5630,4407,background
GSE274657,GSM8454235_Patient_8,GSE274657 | Patient_8,5497,4405,background
GSE274657,GSM8454235_Patient_8,GSE274657 | Patient_8,5364,4403,background
GSE274657,GSM8454235_Patient_8,GSE274657 | Patient_8,5231,4401,background
GSE274657,GSM8454235_Patient_8,GSE274657 | Patient_8,5098,4399,background
GSE274657,GSM8454235_Patient_8,GSE274657 | Patient_8,4965,4397,background
GSE274657,GSM8454235_Patient_8,GSE274657 | Patient_8,4832,4395,background
GSE274657,GSM8454235_Patient_8,GSE274657 | Patient_8,4699,4393,background
GSE274657,GSM8454235_Patient_8,GSE274657 | Patient_8,4566,4391,background
GSE274657,GSM8454235_Patient_8,GSE274657 | Patient_8,4433,4389,background
GSE274657,GSM8454235_Patient_8,GSE274657 | Patient_8,4300,4387,background
GSE274657,GSM8454235_Patient_8,GSE274657 | Patient_8,4167,4385,background
GSE274657,GSM8454235_Patient_8,GSE274657 | Patient_8,4034,4383,background
GSE274657,GSM8454235_Patient_8,GSE274657 | Patient_8,3901,4381,background
GSE274657,GSM8454235_Patient_8,GSE274657 | Patient_8,3768,4379,background
GSE274657,GSM8454235_Patient_8,GSE274657 | Patient_8,3636,4377,background
GSE274657,GSM8454235_Patient_8,GSE274657 | Patient_8,3503,4375,background
GSE274657,GSM8454235_Patient_8,GSE274657 | Patient_8,3370,4373,background
GSE274657,GSM8454235_Patient_8,GSE274657 | Patient_8,3237,4371,background
GSE274657,GSM8454235_Patient_8,GSE274657 | Patient_8,3104,4369,background
GSE274657,GSM8454235_Patient_8,GSE274657 | Patient_8,2971,4367,background
GSE274657,GSM8454235_Patient_8,GSE274657 | Patient_8,2838,4365,background
GSE274657,GSM8454235_Patient_8,GSE274657 | Patient_8,2705,4363,background
GSE274657,GSM8454235_Patient_8,GSE274657 | Patient_8,2572,4361,background
GSE274657,GSM8454235_Patient_8,GSE274657 | Patient_8,2439,4359,background
GSE274657,GSM8454235_Patient_8,GSE274657 | Patient_8,2306,4357,background
GSE274657,GSM8454235_Patient_8,GSE274657 | Patient_8,2173,4355,background
GSE274657,GSM8454235_Patient_8,GSE274657 | Patient_8,2040,4353,background
GSE274657,GSM8454235_Patient_8,GSE274657 | Patient_8,1907,4351,background
GSE274657,GSM8454235_Patient_8,GSE274657 | Patient_8,10219,4361,background
GSE274657,GSM8454235_Patient_8,GSE274657 | Patient_8,10086,4359,background
GSE274657,GSM8454235_Patient_8,GSE274657 | Patient_8,9953,4357,background
GSE274657,GSM8454235_Patient_8,GSE274657 | Patient_8,9820,4355,background
GSE274657,GSM8454235_Patient_8,GSE274657 | Patient_8,9687,4353,background
GSE274657,GSM8454235_Patient_8,GSE274657 | Patient_8,9554,4351,background
GSE274657,GSM8454235_Patient_8,GSE274657 | Patient_8,9421,4349,background
GSE274657,GSM8454235_Patient_8,GSE274657 | Patient_8,9289,4347,background
GSE274657,GSM8454235_Patient_8,GSE274657 | Patient_8,9156,4345,background
GSE274657,GSM8454235_Patient_8,GSE274657 | Patient_8,9023,4343,background
GSE274657,GSM8454235_Patient_8,GSE274657 | Patient_8,8890,4341,background
GSE274657,GSM8454235_Patient_8,GSE274657 | Patient_8,8757,4339,background
GSE274657,GSM8454235_Patient_8,GSE274657 | Patient_8,8624,4337,background
GSE274657,GSM8454235_Patient_8,GSE274657 | Patient_8,8491,4335,background
GSE274657,GSM8454235_Patient_8,GSE274657 | Patient_8,8358,4333,background
GSE274657,GSM8454235_Patient_8,GSE274657 | Patient_8,8225,4331,background
GSE274657,GSM8454235_Patient_8,GSE274657 | Patient_8,8092,4329,background
GSE274657,GSM8454235_Patient_8,GSE274657 | Patient_8,7959,4327,background
GSE274657,GSM8454235_Patient_8,GSE274657 | Patient_8,7826,4325,background
GSE274657,GSM8454235_Patient_8,GSE274657 | Patient_8,7693,4323,background
GSE274657,GSM8454235_Patient_8,GSE274657 | Patient_8,7560,4321,background
GSE274657,GSM8454235_Patient_8,GSE274657 | Patient_8,7427,4319,background
GSE274657,GSM8454235_Patient_8,GSE274657 | Patient_8,7294,4317,background
GSE274657,GSM8454235_Patient_8,GSE274657 | Patient_8,7161,4315,background
GSE274657,GSM8454235_Patient_8,GSE274657 | Patient_8,7028,4313,background
GSE274657,GSM8454235_Patient_8,GSE274657 | Patient_8,6895,4311,background
GSE274657,GSM8454235_Patient_8,GSE274657 | Patient_8,6762,4309,background
GSE274657,GSM8454235_Patient_8,GSE274657 | Patient_8,6629,4307,background
GSE274657,GSM8454235_Patient_8,GSE274657 | Patient_8,6496,4305,background
GSE274657,GSM8454235_Patient_8,GSE274657 | Patient_8,6363,4303,background
GSE274657,GSM8454235_Patient_8,GSE274657 | Patient_8,6230,4301,background
GSE274657,GSM8454235_Patient_8,GSE274657 | Patient_8,6097,4299,background
GSE274657,GSM8454235_Patient_8,GSE274657 | Patient_8,5964,4297,background
GSE274657,GSM8454235_Patient_8,GSE274657 | Patient_8,5831,4295,background
GSE274657,GSM8454235_Patient_8,GSE274657 | Patient_8,5698,4293,background
GSE274657,GSM8454235_Patient_8,GSE274657 | Patient_8,5565,4291,background
GSE274657,GSM8454235_Patient_8,GSE274657 | Patient_8,5432,4289,background
GSE274657,GSM8454235_Patient_8,GSE274657 | Patient_8,5299,4287,background
GSE274657,GSM8454235_Patient_8,GSE274657 | Patient_8,5166,4285,background
GSE274657,GSM8454235_Patient_8,GSE274657 | Patient_8,5033,4283,background
GSE274657,GSM8454235_Patient_8,GSE274657 | Patient_8,4900,4281,background
GSE274657,GSM8454235_Patient_8,GSE274657 | Patient_8,4768,4279,background
GSE274657,GSM8454235_Patient_8,GSE274657 | Patient_8,4635,4277,background
GSE274657,GSM8454235_Patient_8,GSE274657 | Patient_8,4502,4275,background
GSE274657,GSM8454235_Patient_8,GSE274657 | Patient_8,4369,4273,background
GSE274657,GSM8454235_Patient_8,GSE274657 | Patient_8,4236,4270,background
GSE274657,GSM8454235_Patient_8,GSE274657 | Patient_8,4103,4268,background
GSE274657,GSM8454235_Patient_8,GSE274657 | Patient_8,3970,4266,background
GSE274657,GSM8454235_Patient_8,GSE274657 | Patient_8,3837,4264,background
GSE274657,GSM8454235_Patient_8,GSE274657 | Patient_8,3704,4262,background
GSE274657,GSM8454235_Patient_8,GSE274657 | Patient_8,3571,4260,background
GSE274657,GSM8454235_Patient_8,GSE274657 | Patient_8,3438,4258,background
GSE274657,GSM8454235_Patient_8,GSE274657 | Patient_8,3305,4256,background
GSE274657,GSM8454235_Patient_8,GSE274657 | Patient_8,3172,4254,background
GSE274657,GSM8454235_Patient_8,GSE274657 | Patient_8,3039,4252,background
GSE274657,GSM8454235_Patient_8,GSE274657 | Patient_8,2906,4250,background
GSE274657,GSM8454235_Patient_8,GSE274657 | Patient_8,2773,4248,background
GSE274657,GSM8454235_Patient_8,GSE274657 | Patient_8,2640,4246,background
GSE274657,GSM8454235_Patient_8,GSE274657 | Patient_8,2507,4244,background
GSE274657,GSM8454235_Patient_8,GSE274657 | Patient_8,2374,4242,background
GSE274657,GSM8454235_Patient_8,GSE274657 | Patient_8,2241,4240,background
GSE274657,GSM8454235_Patient_8,GSE274657 | Patient_8,2108,4238,background
GSE274657,GSM8454235_Patient_8,GSE274657 | Patient_8,1975,4236,background
GSE274657,GSM8454235_Patient_8,GSE274657 | Patient_8,1842,4234,background
GSE274657,GSM8454235_Patient_8,GSE274657 | Patient_8,10288,4246,background
GSE274657,GSM8454235_Patient_8,GSE274657 | Patient_8,10155,4244,background
GSE274657,GSM8454235_Patient_8,GSE274657 | Patient_8,10022,4242,background
GSE274657,GSM8454235_Patient_8,GSE274657 | Patient_8,9889,4240,background
GSE274657,GSM8454235_Patient_8,GSE274657 | Patient_8,9756,4238,background
GSE274657,GSM8454235_Patient_8,GSE274657 | Patient_8,9623,4236,background
GSE274657,GSM8454235_Patient_8,GSE274657 | Patient_8,9490,4234,background
GSE274657,GSM8454235_Patient_8,GSE274657 | Patient_8,9357,4232,background
GSE274657,GSM8454235_Patient_8,GSE274657 | Patient_8,9224,4230,background
GSE274657,GSM8454235_Patient_8,GSE274657 | Patient_8,9091,4228,background
GSE274657,GSM8454235_Patient_8,GSE274657 | Patient_8,8958,4226,background
GSE274657,GSM8454235_Patient_8,GSE274657 | Patient_8,8825,4224,background
GSE274657,GSM8454235_Patient_8,GSE274657 | Patient_8,8692,4222,background
GSE274657,GSM8454235_Patient_8,GSE274657 | Patient_8,8559,4220,background
GSE274657,GSM8454235_Patient_8,GSE274657 | Patient_8,8426,4218,background
GSE274657,GSM8454235_Patient_8,GSE274657 | Patient_8,8293,4216,background
GSE274657,GSM8454235_Patient_8,GSE274657 | Patient_8,8160,4214,background
GSE274657,GSM8454235_Patient_8,GSE274657 | Patient_8,8027,4212,background
GSE274657,GSM8454235_Patient_8,GSE274657 | Patient_8,7894,4210,background
GSE274657,GSM8454235_Patient_8,GSE274657 | Patient_8,7761,4208,background
GSE274657,GSM8454235_Patient_8,GSE274657 | Patient_8,7628,4206,background
GSE274657,GSM8454235_Patient_8,GSE274657 | Patient_8,7495,4204,background
GSE274657,GSM8454235_Patient_8,GSE274657 | Patient_8,7362,4202,background
GSE274657,GSM8454235_Patient_8,GSE274657 | Patient_8,7229,4200,background
GSE274657,GSM8454235_Patient_8,GSE274657 | Patient_8,7096,4198,background
GSE274657,GSM8454235_Patient_8,GSE274657 | Patient_8,6963,4196,background
GSE274657,GSM8454235_Patient_8,GSE274657 | Patient_8,6830,4194,background
GSE274657,GSM8454235_Patient_8,GSE274657 | Patient_8,6697,4192,background
GSE274657,GSM8454235_Patient_8,GSE274657 | Patient_8,6564,4190,background
GSE274657,GSM8454235_Patient_8,GSE274657 | Patient_8,6431,4188,background
GSE274657,GSM8454235_Patient_8,GSE274657 | Patient_8,6298,4186,background
GSE274657,GSM8454235_Patient_8,GSE274657 | Patient_8,6165,4184,background
GSE274657,GSM8454235_Patient_8,GSE274657 | Patient_8,6032,4182,background
GSE274657,GSM8454235_Patient_8,GSE274657 | Patient_8,5900,4180,background
GSE274657,GSM8454235_Patient_8,GSE274657 | Patient_8,5767,4178,background
GSE274657,GSM8454235_Patient_8,GSE274657 | Patient_8,5634,4176,background
GSE274657,GSM8454235_Patient_8,GSE274657 | Patient_8,5501,4174,background
GSE274657,GSM8454235_Patient_8,GSE274657 | Patient_8,5368,4172,background
GSE274657,GSM8454235_Patient_8,GSE274657 | Patient_8,5235,4170,background
GSE274657,GSM8454235_Patient_8,GSE274657 | Patient_8,5102,4168,background
GSE274657,GSM8454235_Patient_8,GSE274657 | Patient_8,4969,4166,background
GSE274657,GSM8454235_Patient_8,GSE274657 | Patient_8,4836,4164,background
GSE274657,GSM8454235_Patient_8,GSE274657 | Patient_8,4703,4162,background
GSE274657,GSM8454235_Patient_8,GSE274657 | Patient_8,4570,4160,background
GSE274657,GSM8454235_Patient_8,GSE274657 | Patient_8,4437,4158,background
GSE274657,GSM8454235_Patient_8,GSE274657 | Patient_8,4304,4156,background
GSE274657,GSM8454235_Patient_8,GSE274657 | Patient_8,4171,4154,background
GSE274657,GSM8454235_Patient_8,GSE274657 | Patient_8,4038,4152,background
GSE274657,GSM8454235_Patient_8,GSE274657 | Patient_8,3905,4150,background
GSE274657,GSM8454235_Patient_8,GSE274657 | Patient_8,3772,4148,background
GSE274657,GSM8454235_Patient_8,GSE274657 | Patient_8,3639,4146,background
GSE274657,GSM8454235_Patient_8,GSE274657 | Patient_8,3506,4144,background
GSE274657,GSM8454235_Patient_8,GSE274657 | Patient_8,3373,4142,background
GSE274657,GSM8454235_Patient_8,GSE274657 | Patient_8,3240,4140,background
GSE274657,GSM8454235_Patient_8,GSE274657 | Patient_8,3107,4138,background
GSE274657,GSM8454235_Patient_8,GSE274657 | Patient_8,2974,4136,background
GSE274657,GSM8454235_Patient_8,GSE274657 | Patient_8,2841,4134,background
GSE274657,GSM8454235_Patient_8,GSE274657 | Patient_8,2708,4132,background
GSE274657,GSM8454235_Patient_8,GSE274657 | Patient_8,2575,4130,background
GSE274657,GSM8454235_Patient_8,GSE274657 | Patient_8,2442,4128,background
GSE274657,GSM8454235_Patient_8,GSE274657 | Patient_8,2309,4126,background
GSE274657,GSM8454235_Patient_8,GSE274657 | Patient_8,2176,4124,background
GSE274657,GSM8454235_Patient_8,GSE274657 | Patient_8,2043,4122,background
GSE274657,GSM8454235_Patient_8,GSE274657 | Patient_8,1910,4120,background
GSE274657,GSM8454235_Patient_8,GSE274657 | Patient_8,10223,4130,background
GSE274657,GSM8454235_Patient_8,GSE274657 | Patient_8,10090,4128,background
GSE274657,GSM8454235_Patient_8,GSE274657 | Patient_8,9957,4126,background
GSE274657,GSM8454235_Patient_8,GSE274657 | Patient_8,9824,4124,background
GSE274657,GSM8454235_Patient_8,GSE274657 | Patient_8,9691,4122,background
GSE274657,GSM8454235_Patient_8,GSE274657 | Patient_8,9558,4120,background
GSE274657,GSM8454235_Patient_8,GSE274657 | Patient_8,9425,4118,background
GSE274657,GSM8454235_Patient_8,GSE274657 | Patient_8,9292,4116,background
GSE274657,GSM8454235_Patient_8,GSE274657 | Patient_8,9159,4114,background
GSE274657,GSM8454235_Patient_8,GSE274657 | Patient_8,9026,4112,background
GSE274657,GSM8454235_Patient_8,GSE274657 | Patient_8,8893,4110,background
GSE274657,GSM8454235_Patient_8,GSE274657 | Patient_8,8760,4107,background
GSE274657,GSM8454235_Patient_8,GSE274657 | Patient_8,8627,4105,background
GSE274657,GSM8454235_Patient_8,GSE274657 | Patient_8,8494,4103,background
GSE274657,GSM8454235_Patient_8,GSE274657 | Patient_8,8361,4101,background
GSE274657,GSM8454235_Patient_8,GSE274657 | Patient_8,8228,4099,background
GSE274657,GSM8454235_Patient_8,GSE274657 | Patient_8,8095,4097,background
GSE274657,GSM8454235_Patient_8,GSE274657 | Patient_8,7962,4095,background
GSE274657,GSM8454235_Patient_8,GSE274657 | Patient_8,7829,4093,background
GSE274657,GSM8454235_Patient_8,GSE274657 | Patient_8,7696,4091,background
GSE274657,GSM8454235_Patient_8,GSE274657 | Patient_8,7563,4089,background
GSE274657,GSM8454235_Patient_8,GSE274657 | Patient_8,7430,4087,background
GSE274657,GSM8454235_Patient_8,GSE274657 | Patient_8,7297,4085,background
GSE274657,GSM8454235_Patient_8,GSE274657 | Patient_8,7164,4083,background
GSE274657,GSM8454235_Patient_8,GSE274657 | Patient_8,7032,4081,background
GSE274657,GSM8454235_Patient_8,GSE274657 | Patient_8,6899,4079,background
GSE274657,GSM8454235_Patient_8,GSE274657 | Patient_8,6766,4077,background
GSE274657,GSM8454235_Patient_8,GSE274657 | Patient_8,6633,4075,background
GSE274657,GSM8454235_Patient_8,GSE274657 | Patient_8,6500,4073,background
GSE274657,GSM8454235_Patient_8,GSE274657 | Patient_8,6367,4071,background
GSE274657,GSM8454235_Patient_8,GSE274657 | Patient_8,6234,4069,background
GSE274657,GSM8454235_Patient_8,GSE274657 | Patient_8,6101,4067,background
GSE274657,GSM8454235_Patient_8,GSE274657 | Patient_8,5968,4065,background
GSE274657,GSM8454235_Patient_8,GSE274657 | Patient_8,5835,4063,background
GSE274657,GSM8454235_Patient_8,GSE274657 | Patient_8,5702,4061,background
GSE274657,GSM8454235_Patient_8,GSE274657 | Patient_8,5569,4059,background
GSE274657,GSM8454235_Patient_8,GSE274657 | Patient_8,5436,4057,background
GSE274657,GSM8454235_Patient_8,GSE274657 | Patient_8,5303,4055,background
GSE274657,GSM8454235_Patient_8,GSE274657 | Patient_8,5170,4053,background
GSE274657,GSM8454235_Patient_8,GSE274657 | Patient_8,5037,4051,background
GSE274657,GSM8454235_Patient_8,GSE274657 | Patient_8,4904,4049,background
GSE274657,GSM8454235_Patient_8,GSE274657 | Patient_8,4771,4047,background
GSE274657,GSM8454235_Patient_8,GSE274657 | Patient_8,4638,4045,background
GSE274657,GSM8454235_Patient_8,GSE274657 | Patient_8,4505,4043,background
GSE274657,GSM8454235_Patient_8,GSE274657 | Patient_8,4372,4041,background
GSE274657,GSM8454235_Patient_8,GSE274657 | Patient_8,4239,4039,background
GSE274657,GSM8454235_Patient_8,GSE274657 | Patient_8,4106,4037,background
GSE274657,GSM8454235_Patient_8,GSE274657 | Patient_8,3973,4035,background
GSE274657,GSM8454235_Patient_8,GSE274657 | Patient_8,3840,4033,background
GSE274657,GSM8454235_Patient_8,GSE274657 | Patient_8,3707,4031,background
GSE274657,GSM8454235_Patient_8,GSE274657 | Patient_8,3574,4029,background
GSE274657,GSM8454235_Patient_8,GSE274657 | Patient_8,3441,4027,background
GSE274657,GSM8454235_Patient_8,GSE274657 | Patient_8,3308,4025,background
GSE274657,GSM8454235_Patient_8,GSE274657 | Patient_8,3175,4023,background
GSE274657,GSM8454235_Patient_8,GSE274657 | Patient_8,3042,4021,background
GSE274657,GSM8454235_Patient_8,GSE274657 | Patient_8,2909,4019,background
GSE274657,GSM8454235_Patient_8,GSE274657 | Patient_8,2776,4017,background
GSE274657,GSM8454235_Patient_8,GSE274657 | Patient_8,2643,4015,background
GSE274657,GSM8454235_Patient_8,GSE274657 | Patient_8,2510,4013,background
GSE274657,GSM8454235_Patient_8,GSE274657 | Patient_8,2378,4011,background
GSE274657,GSM8454235_Patient_8,GSE274657 | Patient_8,2245,4009,background
GSE274657,GSM8454235_Patient_8,GSE274657 | Patient_8,2112,4007,background
GSE274657,GSM8454235_Patient_8,GSE274657 | Patient_8,1979,4005,background
GSE274657,GSM8454235_Patient_8,GSE274657 | Patient_8,1846,4003,background
GSE274657,GSM8454235_Patient_8,GSE274657 | Patient_8,10291,4015,background
GSE274657,GSM8454235_Patient_8,GSE274657 | Patient_8,10158,4013,background
GSE274657,GSM8454235_Patient_8,GSE274657 | Patient_8,10025,4011,background
GSE274657,GSM8454235_Patient_8,GSE274657 | Patient_8,9892,4009,background
GSE274657,GSM8454235_Patient_8,GSE274657 | Patient_8,9759,4007,background
GSE274657,GSM8454235_Patient_8,GSE274657 | Patient_8,9626,4005,background
GSE274657,GSM8454235_Patient_8,GSE274657 | Patient_8,9493,4003,background
GSE274657,GSM8454235_Patient_8,GSE274657 | Patient_8,9360,4001,background
GSE274657,GSM8454235_Patient_8,GSE274657 | Patient_8,9227,3999,background
GSE274657,GSM8454235_Patient_8,GSE274657 | Patient_8,9094,3997,background
GSE274657,GSM8454235_Patient_8,GSE274657 | Patient_8,8961,3995,background
GSE274657,GSM8454235_Patient_8,GSE274657 | Patient_8,8828,3993,background
GSE274657,GSM8454235_Patient_8,GSE274657 | Patient_8,8695,3991,background
GSE274657,GSM8454235_Patient_8,GSE274657 | Patient_8,8562,3989,background
GSE274657,GSM8454235_Patient_8,GSE274657 | Patient_8,8429,3987,background
GSE274657,GSM8454235_Patient_8,GSE274657 | Patient_8,8296,3985,background
GSE274657,GSM8454235_Patient_8,GSE274657 | Patient_8,8164,3983,background
GSE274657,GSM8454235_Patient_8,GSE274657 | Patient_8,8031,3981,background
GSE274657,GSM8454235_Patient_8,GSE274657 | Patient_8,7898,3979,background
GSE274657,GSM8454235_Patient_8,GSE274657 | Patient_8,7765,3977,background
GSE274657,GSM8454235_Patient_8,GSE274657 | Patient_8,7632,3975,background
GSE274657,GSM8454235_Patient_8,GSE274657 | Patient_8,7499,3973,background
GSE274657,GSM8454235_Patient_8,GSE274657 | Patient_8,7366,3971,background
GSE274657,GSM8454235_Patient_8,GSE274657 | Patient_8,7233,3969,background
GSE274657,GSM8454235_Patient_8,GSE274657 | Patient_8,7100,3967,background
GSE274657,GSM8454235_Patient_8,GSE274657 | Patient_8,6967,3965,background
GSE274657,GSM8454235_Patient_8,GSE274657 | Patient_8,6834,3963,background
GSE274657,GSM8454235_Patient_8,GSE274657 | Patient_8,6701,3961,background
GSE274657,GSM8454235_Patient_8,GSE274657 | Patient_8,6568,3959,background
GSE274657,GSM8454235_Patient_8,GSE274657 | Patient_8,6435,3957,background
GSE274657,GSM8454235_Patient_8,GSE274657 | Patient_8,6302,3955,background
GSE274657,GSM8454235_Patient_8,GSE274657 | Patient_8,6169,3953,background
GSE274657,GSM8454235_Patient_8,GSE274657 | Patient_8,6036,3951,background
GSE274657,GSM8454235_Patient_8,GSE274657 | Patient_8,5903,3949,background
GSE274657,GSM8454235_Patient_8,GSE274657 | Patient_8,5770,3947,background
GSE274657,GSM8454235_Patient_8,GSE274657 | Patient_8,5637,3945,background
GSE274657,GSM8454235_Patient_8,GSE274657 | Patient_8,5504,3943,background
GSE274657,GSM8454235_Patient_8,GSE274657 | Patient_8,5371,3941,background
GSE274657,GSM8454235_Patient_8,GSE274657 | Patient_8,5238,3939,background
GSE274657,GSM8454235_Patient_8,GSE274657 | Patient_8,5105,3937,background
GSE274657,GSM8454235_Patient_8,GSE274657 | Patient_8,4972,3934,background
GSE274657,GSM8454235_Patient_8,GSE274657 | Patient_8,4839,3932,background
GSE274657,GSM8454235_Patient_8,GSE274657 | Patient_8,4706,3930,background
GSE274657,GSM8454235_Patient_8,GSE274657 | Patient_8,4573,3928,background
GSE274657,GSM8454235_Patient_8,GSE274657 | Patient_8,4440,3926,background
GSE274657,GSM8454235_Patient_8,GSE274657 | Patient_8,4307,3924,background
GSE274657,GSM8454235_Patient_8,GSE274657 | Patient_8,4174,3922,background
GSE274657,GSM8454235_Patient_8,GSE274657 | Patient_8,4041,3920,background
GSE274657,GSM8454235_Patient_8,GSE274657 | Patient_8,3908,3918,background
GSE274657,GSM8454235_Patient_8,GSE274657 | Patient_8,3775,3916,background
GSE274657,GSM8454235_Patient_8,GSE274657 | Patient_8,3643,3914,background
GSE274657,GSM8454235_Patient_8,GSE274657 | Patient_8,3510,3912,background
GSE274657,GSM8454235_Patient_8,GSE274657 | Patient_8,3377,3910,background
GSE274657,GSM8454235_Patient_8,GSE274657 | Patient_8,3244,3908,background
GSE274657,GSM8454235_Patient_8,GSE274657 | Patient_8,3111,3906,background
GSE274657,GSM8454235_Patient_8,GSE274657 | Patient_8,2978,3904,background
GSE274657,GSM8454235_Patient_8,GSE274657 | Patient_8,2845,3902,background
GSE274657,GSM8454235_Patient_8,GSE274657 | Patient_8,2712,3900,background
GSE274657,GSM8454235_Patient_8,GSE274657 | Patient_8,2579,3898,background
GSE274657,GSM8454235_Patient_8,GSE274657 | Patient_8,2446,3896,background
GSE274657,GSM8454235_Patient_8,GSE274657 | Patient_8,2313,3894,background
GSE274657,GSM8454235_Patient_8,GSE274657 | Patient_8,2180,3892,background
GSE274657,GSM8454235_Patient_8,GSE274657 | Patient_8,2047,3890,background
GSE274657,GSM8454235_Patient_8,GSE274657 | Patient_8,1914,3888,background
GSE274657,GSM8454235_Patient_8,GSE274657 | Patient_8,10226,3898,background
GSE274657,GSM8454235_Patient_8,GSE274657 | Patient_8,10093,3896,background
GSE274657,GSM8454235_Patient_8,GSE274657 | Patient_8,9960,3894,background
GSE274657,GSM8454235_Patient_8,GSE274657 | Patient_8,9827,3892,background
GSE274657,GSM8454235_Patient_8,GSE274657 | Patient_8,9694,3890,background
GSE274657,GSM8454235_Patient_8,GSE274657 | Patient_8,9561,3888,background
GSE274657,GSM8454235_Patient_8,GSE274657 | Patient_8,9428,3886,background
GSE274657,GSM8454235_Patient_8,GSE274657 | Patient_8,9296,3884,background
GSE274657,GSM8454235_Patient_8,GSE274657 | Patient_8,9163,3882,background
GSE274657,GSM8454235_Patient_8,GSE274657 | Patient_8,9030,3880,background
GSE274657,GSM8454235_Patient_8,GSE274657 | Patient_8,8897,3878,background
GSE274657,GSM8454235_Patient_8,GSE274657 | Patient_8,8764,3876,background
GSE274657,GSM8454235_Patient_8,GSE274657 | Patient_8,8631,3874,background
GSE274657,GSM8454235_Patient_8,GSE274657 | Patient_8,8498,3872,background
GSE274657,GSM8454235_Patient_8,GSE274657 | Patient_8,8365,3870,background
GSE274657,GSM8454235_Patient_8,GSE274657 | Patient_8,8232,3868,background
GSE274657,GSM8454235_Patient_8,GSE274657 | Patient_8,8099,3866,background
GSE274657,GSM8454235_Patient_8,GSE274657 | Patient_8,7966,3864,background
GSE274657,GSM8454235_Patient_8,GSE274657 | Patient_8,7833,3862,background
GSE274657,GSM8454235_Patient_8,GSE274657 | Patient_8,7700,3860,background
GSE274657,GSM8454235_Patient_8,GSE274657 | Patient_8,7567,3858,background
GSE274657,GSM8454235_Patient_8,GSE274657 | Patient_8,7434,3856,background
GSE274657,GSM8454235_Patient_8,GSE274657 | Patient_8,7301,3854,background
GSE274657,GSM8454235_Patient_8,GSE274657 | Patient_8,7168,3852,background
GSE274657,GSM8454235_Patient_8,GSE274657 | Patient_8,7035,3850,background
GSE274657,GSM8454235_Patient_8,GSE274657 | Patient_8,6902,3848,background
GSE274657,GSM8454235_Patient_8,GSE274657 | Patient_8,6769,3846,background
GSE274657,GSM8454235_Patient_8,GSE274657 | Patient_8,6636,3844,background
GSE274657,GSM8454235_Patient_8,GSE274657 | Patient_8,6503,3842,background
GSE274657,GSM8454235_Patient_8,GSE274657 | Patient_8,6370,3840,background
GSE274657,GSM8454235_Patient_8,GSE274657 | Patient_8,6237,3838,background
GSE274657,GSM8454235_Patient_8,GSE274657 | Patient_8,6104,3836,background
GSE274657,GSM8454235_Patient_8,GSE274657 | Patient_8,5971,3834,background
GSE274657,GSM8454235_Patient_8,GSE274657 | Patient_8,5838,3832,background
GSE274657,GSM8454235_Patient_8,GSE274657 | Patient_8,5705,3830,background
GSE274657,GSM8454235_Patient_8,GSE274657 | Patient_8,5572,3828,background
GSE274657,GSM8454235_Patient_8,GSE274657 | Patient_8,5439,3826,background
GSE274657,GSM8454235_Patient_8,GSE274657 | Patient_8,5306,3824,background
GSE274657,GSM8454235_Patient_8,GSE274657 | Patient_8,5173,3822,background
GSE274657,GSM8454235_Patient_8,GSE274657 | Patient_8,5040,3820,background
GSE274657,GSM8454235_Patient_8,GSE274657 | Patient_8,4907,3818,background
GSE274657,GSM8454235_Patient_8,GSE274657 | Patient_8,4775,3816,background
GSE274657,GSM8454235_Patient_8,GSE274657 | Patient_8,4642,3814,background
GSE274657,GSM8454235_Patient_8,GSE274657 | Patient_8,4509,3812,background
GSE274657,GSM8454235_Patient_8,GSE274657 | Patient_8,4376,3810,background
GSE274657,GSM8454235_Patient_8,GSE274657 | Patient_8,4243,3808,background
GSE274657,GSM8454235_Patient_8,GSE274657 | Patient_8,4110,3806,background
GSE274657,GSM8454235_Patient_8,GSE274657 | Patient_8,3977,3804,background
GSE274657,GSM8454235_Patient_8,GSE274657 | Patient_8,3844,3802,background
GSE274657,GSM8454235_Patient_8,GSE274657 | Patient_8,3711,3800,background
GSE274657,GSM8454235_Patient_8,GSE274657 | Patient_8,3578,3798,background
GSE274657,GSM8454235_Patient_8,GSE274657 | Patient_8,3445,3796,background
GSE274657,GSM8454235_Patient_8,GSE274657 | Patient_8,3312,3794,background
GSE274657,GSM8454235_Patient_8,GSE274657 | Patient_8,3179,3792,background
GSE274657,GSM8454235_Patient_8,GSE274657 | Patient_8,3046,3790,background
GSE274657,GSM8454235_Patient_8,GSE274657 | Patient_8,2913,3788,background
GSE274657,GSM8454235_Patient_8,GSE274657 | Patient_8,2780,3786,background
GSE274657,GSM8454235_Patient_8,GSE274657 | Patient_8,2647,3784,background
GSE274657,GSM8454235_Patient_8,GSE274657 | Patient_8,2514,3782,background
GSE274657,GSM8454235_Patient_8,GSE274657 | Patient_8,2381,3780,background
GSE274657,GSM8454235_Patient_8,GSE274657 | Patient_8,2248,3778,background
GSE274657,GSM8454235_Patient_8,GSE274657 | Patient_8,2115,3776,background
GSE274657,GSM8454235_Patient_8,GSE274657 | Patient_8,1982,3774,background
GSE274657,GSM8454235_Patient_8,GSE274657 | Patient_8,1849,3772,background
GSE274657,GSM8454235_Patient_8,GSE274657 | Patient_8,10295,3784,background
GSE274657,GSM8454235_Patient_8,GSE274657 | Patient_8,10162,3782,background
GSE274657,GSM8454235_Patient_8,GSE274657 | Patient_8,10029,3780,background
GSE274657,GSM8454235_Patient_8,GSE274657 | Patient_8,9896,3778,background
GSE274657,GSM8454235_Patient_8,GSE274657 | Patient_8,9763,3776,background
GSE274657,GSM8454235_Patient_8,GSE274657 | Patient_8,9630,3774,background
GSE274657,GSM8454235_Patient_8,GSE274657 | Patient_8,9497,3772,background
GSE274657,GSM8454235_Patient_8,GSE274657 | Patient_8,9364,3769,background
GSE274657,GSM8454235_Patient_8,GSE274657 | Patient_8,9231,3767,background
GSE274657,GSM8454235_Patient_8,GSE274657 | Patient_8,9098,3765,background
GSE274657,GSM8454235_Patient_8,GSE274657 | Patient_8,8965,3763,background
GSE274657,GSM8454235_Patient_8,GSE274657 | Patient_8,8832,3761,background
GSE274657,GSM8454235_Patient_8,GSE274657 | Patient_8,8699,3759,background
GSE274657,GSM8454235_Patient_8,GSE274657 | Patient_8,8566,3757,background
GSE274657,GSM8454235_Patient_8,GSE274657 | Patient_8,8433,3755,background
GSE274657,GSM8454235_Patient_8,GSE274657 | Patient_8,8300,3753,background
GSE274657,GSM8454235_Patient_8,GSE274657 | Patient_8,8167,3751,background
GSE274657,GSM8454235_Patient_8,GSE274657 | Patient_8,8034,3749,background
GSE274657,GSM8454235_Patient_8,GSE274657 | Patient_8,7901,3747,background
GSE274657,GSM8454235_Patient_8,GSE274657 | Patient_8,7768,3745,background
GSE274657,GSM8454235_Patient_8,GSE274657 | Patient_8,7635,3743,background
GSE274657,GSM8454235_Patient_8,GSE274657 | Patient_8,7502,3741,background
GSE274657,GSM8454235_Patient_8,GSE274657 | Patient_8,7369,3739,background
GSE274657,GSM8454235_Patient_8,GSE274657 | Patient_8,7236,3737,background
GSE274657,GSM8454235_Patient_8,GSE274657 | Patient_8,7103,3735,background
GSE274657,GSM8454235_Patient_8,GSE274657 | Patient_8,6970,3733,background
GSE274657,GSM8454235_Patient_8,GSE274657 | Patient_8,6837,3731,background
GSE274657,GSM8454235_Patient_8,GSE274657 | Patient_8,6704,3729,background
GSE274657,GSM8454235_Patient_8,GSE274657 | Patient_8,6571,3727,background
GSE274657,GSM8454235_Patient_8,GSE274657 | Patient_8,6438,3725,background
GSE274657,GSM8454235_Patient_8,GSE274657 | Patient_8,6305,3723,background
GSE274657,GSM8454235_Patient_8,GSE274657 | Patient_8,6172,3721,background
GSE274657,GSM8454235_Patient_8,GSE274657 | Patient_8,6039,3719,background
GSE274657,GSM8454235_Patient_8,GSE274657 | Patient_8,5907,3717,background
GSE274657,GSM8454235_Patient_8,GSE274657 | Patient_8,5774,3715,background
GSE274657,GSM8454235_Patient_8,GSE274657 | Patient_8,5641,3713,background
GSE274657,GSM8454235_Patient_8,GSE274657 | Patient_8,5508,3711,background
GSE274657,GSM8454235_Patient_8,GSE274657 | Patient_8,5375,3709,background
GSE274657,GSM8454235_Patient_8,GSE274657 | Patient_8,5242,3707,background
GSE274657,GSM8454235_Patient_8,GSE274657 | Patient_8,5109,3705,background
GSE274657,GSM8454235_Patient_8,GSE274657 | Patient_8,4976,3703,background
GSE274657,GSM8454235_Patient_8,GSE274657 | Patient_8,4843,3701,background
GSE274657,GSM8454235_Patient_8,GSE274657 | Patient_8,4710,3699,background
GSE274657,GSM8454235_Patient_8,GSE274657 | Patient_8,4577,3697,background
GSE274657,GSM8454235_Patient_8,GSE274657 | Patient_8,4444,3695,background
GSE274657,GSM8454235_Patient_8,GSE274657 | Patient_8,4311,3693,background
GSE274657,GSM8454235_Patient_8,GSE274657 | Patient_8,4178,3691,background
GSE274657,GSM8454235_Patient_8,GSE274657 | Patient_8,4045,3689,background
GSE274657,GSM8454235_Patient_8,GSE274657 | Patient_8,3912,3687,background
GSE274657,GSM8454235_Patient_8,GSE274657 | Patient_8,3779,3685,background
GSE274657,GSM8454235_Patient_8,GSE274657 | Patient_8,3646,3683,background
GSE274657,GSM8454235_Patient_8,GSE274657 | Patient_8,3513,3681,background
GSE274657,GSM8454235_Patient_8,GSE274657 | Patient_8,3380,3679,background
GSE274657,GSM8454235_Patient_8,GSE274657 | Patient_8,3247,3677,background
GSE274657,GSM8454235_Patient_8,GSE274657 | Patient_8,3114,3675,background
GSE274657,GSM8454235_Patient_8,GSE274657 | Patient_8,2981,3673,background
GSE274657,GSM8454235_Patient_8,GSE274657 | Patient_8,2848,3671,background
GSE274657,GSM8454235_Patient_8,GSE274657 | Patient_8,2715,3669,background
GSE274657,GSM8454235_Patient_8,GSE274657 | Patient_8,2582,3667,background
GSE274657,GSM8454235_Patient_8,GSE274657 | Patient_8,2449,3665,background
GSE274657,GSM8454235_Patient_8,GSE274657 | Patient_8,2316,3663,background
GSE274657,GSM8454235_Patient_8,GSE274657 | Patient_8,2183,3661,background
GSE274657,GSM8454235_Patient_8,GSE274657 | Patient_8,2050,3659,background
GSE274657,GSM8454235_Patient_8,GSE274657 | Patient_8,1917,3657,background
GSE274657,GSM8454235_Patient_8,GSE274657 | Patient_8,10230,3667,background
GSE274657,GSM8454235_Patient_8,GSE274657 | Patient_8,10097,3665,background
GSE274657,GSM8454235_Patient_8,GSE274657 | Patient_8,9964,3663,background
GSE274657,GSM8454235_Patient_8,GSE274657 | Patient_8,9831,3661,background
GSE274657,GSM8454235_Patient_8,GSE274657 | Patient_8,9698,3659,background
GSE274657,GSM8454235_Patient_8,GSE274657 | Patient_8,9565,3657,background
GSE274657,GSM8454235_Patient_8,GSE274657 | Patient_8,9432,3655,background
GSE274657,GSM8454235_Patient_8,GSE274657 | Patient_8,9299,3653,background
GSE274657,GSM8454235_Patient_8,GSE274657 | Patient_8,9166,3651,background
GSE274657,GSM8454235_Patient_8,GSE274657 | Patient_8,9033,3649,background
GSE274657,GSM8454235_Patient_8,GSE274657 | Patient_8,8900,3647,background
GSE274657,GSM8454235_Patient_8,GSE274657 | Patient_8,8767,3645,background
GSE274657,GSM8454235_Patient_8,GSE274657 | Patient_8,8634,3643,background
GSE274657,GSM8454235_Patient_8,GSE274657 | Patient_8,8501,3641,background
GSE274657,GSM8454235_Patient_8,GSE274657 | Patient_8,8368,3639,background
GSE274657,GSM8454235_Patient_8,GSE274657 | Patient_8,8235,3637,background
GSE274657,GSM8454235_Patient_8,GSE274657 | Patient_8,8102,3635,background
GSE274657,GSM8454235_Patient_8,GSE274657 | Patient_8,7969,3633,background
GSE274657,GSM8454235_Patient_8,GSE274657 | Patient_8,7836,3631,background
GSE274657,GSM8454235_Patient_8,GSE274657 | Patient_8,7703,3629,background
GSE274657,GSM8454235_Patient_8,GSE274657 | Patient_8,7570,3627,background
GSE274657,GSM8454235_Patient_8,GSE274657 | Patient_8,7437,3625,background
GSE274657,GSM8454235_Patient_8,GSE274657 | Patient_8,7304,3623,background
GSE274657,GSM8454235_Patient_8,GSE274657 | Patient_8,7171,3621,background
GSE274657,GSM8454235_Patient_8,GSE274657 | Patient_8,7039,3619,background
GSE274657,GSM8454235_Patient_8,GSE274657 | Patient_8,6906,3617,background
GSE274657,GSM8454235_Patient_8,GSE274657 | Patient_8,6773,3615,background
GSE274657,GSM8454235_Patient_8,GSE274657 | Patient_8,6640,3613,background
GSE274657,GSM8454235_Patient_8,GSE274657 | Patient_8,6507,3611,background
GSE274657,GSM8454235_Patient_8,GSE274657 | Patient_8,6374,3609,background
GSE274657,GSM8454235_Patient_8,GSE274657 | Patient_8,6241,3607,background
GSE274657,GSM8454235_Patient_8,GSE274657 | Patient_8,6108,3605,background
GSE274657,GSM8454235_Patient_8,GSE274657 | Patient_8,5975,3603,background
GSE274657,GSM8454235_Patient_8,GSE274657 | Patient_8,5842,3601,background
GSE274657,GSM8454235_Patient_8,GSE274657 | Patient_8,5709,3599,background
GSE274657,GSM8454235_Patient_8,GSE274657 | Patient_8,5576,3596,background
GSE274657,GSM8454235_Patient_8,GSE274657 | Patient_8,5443,3594,background
GSE274657,GSM8454235_Patient_8,GSE274657 | Patient_8,5310,3592,background
GSE274657,GSM8454235_Patient_8,GSE274657 | Patient_8,5177,3590,background
GSE274657,GSM8454235_Patient_8,GSE274657 | Patient_8,5044,3588,background
GSE274657,GSM8454235_Patient_8,GSE274657 | Patient_8,4911,3586,background
GSE274657,GSM8454235_Patient_8,GSE274657 | Patient_8,4778,3584,background
GSE274657,GSM8454235_Patient_8,GSE274657 | Patient_8,4645,3582,background
GSE274657,GSM8454235_Patient_8,GSE274657 | Patient_8,4512,3580,background
GSE274657,GSM8454235_Patient_8,GSE274657 | Patient_8,4379,3578,background
GSE274657,GSM8454235_Patient_8,GSE274657 | Patient_8,4246,3576,background
GSE274657,GSM8454235_Patient_8,GSE274657 | Patient_8,4113,3574,background
GSE274657,GSM8454235_Patient_8,GSE274657 | Patient_8,3980,3572,background
GSE274657,GSM8454235_Patient_8,GSE274657 | Patient_8,3847,3570,background
GSE274657,GSM8454235_Patient_8,GSE274657 | Patient_8,3714,3568,background
GSE274657,GSM8454235_Patient_8,GSE274657 | Patient_8,3581,3566,background
GSE274657,GSM8454235_Patient_8,GSE274657 | Patient_8,3448,3564,background
GSE274657,GSM8454235_Patient_8,GSE274657 | Patient_8,3315,3562,background
GSE274657,GSM8454235_Patient_8,GSE274657 | Patient_8,3182,3560,background
GSE274657,GSM8454235_Patient_8,GSE274657 | Patient_8,3049,3558,background
GSE274657,GSM8454235_Patient_8,GSE274657 | Patient_8,2916,3556,background
GSE274657,GSM8454235_Patient_8,GSE274657 | Patient_8,2783,3554,background
GSE274657,GSM8454235_Patient_8,GSE274657 | Patient_8,2650,3552,background
GSE274657,GSM8454235_Patient_8,GSE274657 | Patient_8,2517,3550,background
GSE274657,GSM8454235_Patient_8,GSE274657 | Patient_8,2385,3548,background
GSE274657,GSM8454235_Patient_8,GSE274657 | Patient_8,2252,3546,background
GSE274657,GSM8454235_Patient_8,GSE274657 | Patient_8,2119,3544,background
GSE274657,GSM8454235_Patient_8,GSE274657 | Patient_8,1986,3542,background
GSE274657,GSM8454235_Patient_8,GSE274657 | Patient_8,1853,3540,background
GSE274657,GSM8454235_Patient_8,GSE274657 | Patient_8,10298,3552,background
GSE274657,GSM8454235_Patient_8,GSE274657 | Patient_8,10165,3550,background
GSE274657,GSM8454235_Patient_8,GSE274657 | Patient_8,10032,3548,background
GSE274657,GSM8454235_Patient_8,GSE274657 | Patient_8,9899,3546,background
GSE274657,GSM8454235_Patient_8,GSE274657 | Patient_8,9766,3544,background
GSE274657,GSM8454235_Patient_8,GSE274657 | Patient_8,9633,3542,background
GSE274657,GSM8454235_Patient_8,GSE274657 | Patient_8,9500,3540,background
GSE274657,GSM8454235_Patient_8,GSE274657 | Patient_8,9367,3538,background
GSE274657,GSM8454235_Patient_8,GSE274657 | Patient_8,9234,3536,background
GSE274657,GSM8454235_Patient_8,GSE274657 | Patient_8,9101,3534,background
GSE274657,GSM8454235_Patient_8,GSE274657 | Patient_8,8968,3532,background
GSE274657,GSM8454235_Patient_8,GSE274657 | Patient_8,8835,3530,background
GSE274657,GSM8454235_Patient_8,GSE274657 | Patient_8,8702,3528,background
GSE274657,GSM8454235_Patient_8,GSE274657 | Patient_8,8569,3526,background
GSE274657,GSM8454235_Patient_8,GSE274657 | Patient_8,8436,3524,background
GSE274657,GSM8454235_Patient_8,GSE274657 | Patient_8,8303,3522,background
GSE274657,GSM8454235_Patient_8,GSE274657 | Patient_8,8171,3520,background
GSE274657,GSM8454235_Patient_8,GSE274657 | Patient_8,8038,3518,background
GSE274657,GSM8454235_Patient_8,GSE274657 | Patient_8,7905,3516,background
GSE274657,GSM8454235_Patient_8,GSE274657 | Patient_8,7772,3514,background
GSE274657,GSM8454235_Patient_8,GSE274657 | Patient_8,7639,3512,background
GSE274657,GSM8454235_Patient_8,GSE274657 | Patient_8,7506,3510,background
GSE274657,GSM8454235_Patient_8,GSE274657 | Patient_8,7373,3508,background
GSE274657,GSM8454235_Patient_8,GSE274657 | Patient_8,7240,3506,background
GSE274657,GSM8454235_Patient_8,GSE274657 | Patient_8,7107,3504,background
GSE274657,GSM8454235_Patient_8,GSE274657 | Patient_8,6974,3502,background
GSE274657,GSM8454235_Patient_8,GSE274657 | Patient_8,6841,3500,background
GSE274657,GSM8454235_Patient_8,GSE274657 | Patient_8,6708,3498,background
GSE274657,GSM8454235_Patient_8,GSE274657 | Patient_8,6575,3496,background
GSE274657,GSM8454235_Patient_8,GSE274657 | Patient_8,6442,3494,background
GSE274657,GSM8454235_Patient_8,GSE274657 | Patient_8,6309,3492,background
GSE274657,GSM8454235_Patient_8,GSE274657 | Patient_8,6176,3490,background
GSE274657,GSM8454235_Patient_8,GSE274657 | Patient_8,6043,3488,background
GSE274657,GSM8454235_Patient_8,GSE274657 | Patient_8,5910,3486,background
GSE274657,GSM8454235_Patient_8,GSE274657 | Patient_8,5777,3484,background
GSE274657,GSM8454235_Patient_8,GSE274657 | Patient_8,5644,3482,background
GSE274657,GSM8454235_Patient_8,GSE274657 | Patient_8,5511,3480,background
GSE274657,GSM8454235_Patient_8,GSE274657 | Patient_8,5378,3478,background
GSE274657,GSM8454235_Patient_8,GSE274657 | Patient_8,5245,3476,background
GSE274657,GSM8454235_Patient_8,GSE274657 | Patient_8,5112,3474,background
GSE274657,GSM8454235_Patient_8,GSE274657 | Patient_8,4979,3472,background
GSE274657,GSM8454235_Patient_8,GSE274657 | Patient_8,4846,3470,background
GSE274657,GSM8454235_Patient_8,GSE274657 | Patient_8,4713,3468,background
GSE274657,GSM8454235_Patient_8,GSE274657 | Patient_8,4580,3466,background
GSE274657,GSM8454235_Patient_8,GSE274657 | Patient_8,4447,3464,background
GSE274657,GSM8454235_Patient_8,GSE274657 | Patient_8,4314,3462,background
GSE274657,GSM8454235_Patient_8,GSE274657 | Patient_8,4181,3460,background
GSE274657,GSM8454235_Patient_8,GSE274657 | Patient_8,4048,3458,background
GSE274657,GSM8454235_Patient_8,GSE274657 | Patient_8,3915,3456,background
GSE274657,GSM8454235_Patient_8,GSE274657 | Patient_8,3782,3454,background
GSE274657,GSM8454235_Patient_8,GSE274657 | Patient_8,3649,3452,background
GSE274657,GSM8454235_Patient_8,GSE274657 | Patient_8,3517,3450,background
GSE274657,GSM8454235_Patient_8,GSE274657 | Patient_8,3384,3448,background
GSE274657,GSM8454235_Patient_8,GSE274657 | Patient_8,3251,3446,background
GSE274657,GSM8454235_Patient_8,GSE274657 | Patient_8,3118,3444,background
GSE274657,GSM8454235_Patient_8,GSE274657 | Patient_8,2985,3442,background
GSE274657,GSM8454235_Patient_8,GSE274657 | Patient_8,2852,3440,background
GSE274657,GSM8454235_Patient_8,GSE274657 | Patient_8,2719,3438,background
GSE274657,GSM8454235_Patient_8,GSE274657 | Patient_8,2586,3436,background
GSE274657,GSM8454235_Patient_8,GSE274657 | Patient_8,2453,3434,background
GSE274657,GSM8454235_Patient_8,GSE274657 | Patient_8,2320,3432,background
GSE274657,GSM8454235_Patient_8,GSE274657 | Patient_8,2187,3430,background
GSE274657,GSM8454235_Patient_8,GSE274657 | Patient_8,2054,3428,background
GSE274657,GSM8454235_Patient_8,GSE274657 | Patient_8,1921,3426,background
GSE274657,GSM8454235_Patient_8,GSE274657 | Patient_8,10233,3436,background
GSE274657,GSM8454235_Patient_8,GSE274657 | Patient_8,10100,3433,background
GSE274657,GSM8454235_Patient_8,GSE274657 | Patient_8,9967,3431,background
GSE274657,GSM8454235_Patient_8,GSE274657 | Patient_8,9834,3429,background
GSE274657,GSM8454235_Patient_8,GSE274657 | Patient_8,9701,3427,background
GSE274657,GSM8454235_Patient_8,GSE274657 | Patient_8,9568,3425,background
GSE274657,GSM8454235_Patient_8,GSE274657 | Patient_8,9435,3423,background
GSE274657,GSM8454235_Patient_8,GSE274657 | Patient_8,9303,3421,background
GSE274657,GSM8454235_Patient_8,GSE274657 | Patient_8,9170,3419,background
GSE274657,GSM8454235_Patient_8,GSE274657 | Patient_8,9037,3417,background
GSE274657,GSM8454235_Patient_8,GSE274657 | Patient_8,8904,3415,background
GSE274657,GSM8454235_Patient_8,GSE274657 | Patient_8,8771,3413,background
GSE274657,GSM8454235_Patient_8,GSE274657 | Patient_8,8638,3411,background
GSE274657,GSM8454235_Patient_8,GSE274657 | Patient_8,8505,3409,background
GSE274657,GSM8454235_Patient_8,GSE274657 | Patient_8,8372,3407,background
GSE274657,GSM8454235_Patient_8,GSE274657 | Patient_8,8239,3405,background
GSE274657,GSM8454235_Patient_8,GSE274657 | Patient_8,8106,3403,background
GSE274657,GSM8454235_Patient_8,GSE274657 | Patient_8,7973,3401,background
GSE274657,GSM8454235_Patient_8,GSE274657 | Patient_8,7840,3399,background
GSE274657,GSM8454235_Patient_8,GSE274657 | Patient_8,7707,3397,background
GSE274657,GSM8454235_Patient_8,GSE274657 | Patient_8,7574,3395,background
GSE274657,GSM8454235_Patient_8,GSE274657 | Patient_8,7441,3393,background
GSE274657,GSM8454235_Patient_8,GSE274657 | Patient_8,7308,3391,background
GSE274657,GSM8454235_Patient_8,GSE274657 | Patient_8,7175,3389,background
GSE274657,GSM8454235_Patient_8,GSE274657 | Patient_8,7042,3387,background
GSE274657,GSM8454235_Patient_8,GSE274657 | Patient_8,6909,3385,background
GSE274657,GSM8454235_Patient_8,GSE274657 | Patient_8,6776,3383,background
GSE274657,GSM8454235_Patient_8,GSE274657 | Patient_8,6643,3381,background
GSE274657,GSM8454235_Patient_8,GSE274657 | Patient_8,6510,3379,background
GSE274657,GSM8454235_Patient_8,GSE274657 | Patient_8,6377,3377,background
GSE274657,GSM8454235_Patient_8,GSE274657 | Patient_8,6244,3375,background
GSE274657,GSM8454235_Patient_8,GSE274657 | Patient_8,6111,3373,background
GSE274657,GSM8454235_Patient_8,GSE274657 | Patient_8,5978,3371,background
GSE274657,GSM8454235_Patient_8,GSE274657 | Patient_8,5845,3369,background
GSE274657,GSM8454235_Patient_8,GSE274657 | Patient_8,5712,3367,background
GSE274657,GSM8454235_Patient_8,GSE274657 | Patient_8,5579,3365,background
GSE274657,GSM8454235_Patient_8,GSE274657 | Patient_8,5446,3363,background
GSE274657,GSM8454235_Patient_8,GSE274657 | Patient_8,5313,3361,background
GSE274657,GSM8454235_Patient_8,GSE274657 | Patient_8,5180,3359,background
GSE274657,GSM8454235_Patient_8,GSE274657 | Patient_8,5047,3357,background
GSE274657,GSM8454235_Patient_8,GSE274657 | Patient_8,4914,3355,background
GSE274657,GSM8454235_Patient_8,GSE274657 | Patient_8,4782,3353,background
GSE274657,GSM8454235_Patient_8,GSE274657 | Patient_8,4649,3351,background
GSE274657,GSM8454235_Patient_8,GSE274657 | Patient_8,4516,3349,background
GSE274657,GSM8454235_Patient_8,GSE274657 | Patient_8,4383,3347,background
GSE274657,GSM8454235_Patient_8,GSE274657 | Patient_8,4250,3345,background
GSE274657,GSM8454235_Patient_8,GSE274657 | Patient_8,4117,3343,background
GSE274657,GSM8454235_Patient_8,GSE274657 | Patient_8,3984,3341,background
GSE274657,GSM8454235_Patient_8,GSE274657 | Patient_8,3851,3339,background
GSE274657,GSM8454235_Patient_8,GSE274657 | Patient_8,3718,3337,background
GSE274657,GSM8454235_Patient_8,GSE274657 | Patient_8,3585,3335,background
GSE274657,GSM8454235_Patient_8,GSE274657 | Patient_8,3452,3333,background
GSE274657,GSM8454235_Patient_8,GSE274657 | Patient_8,3319,3331,background
GSE274657,GSM8454235_Patient_8,GSE274657 | Patient_8,3186,3329,background
GSE274657,GSM8454235_Patient_8,GSE274657 | Patient_8,3053,3327,background
GSE274657,GSM8454235_Patient_8,GSE274657 | Patient_8,2920,3325,background
GSE274657,GSM8454235_Patient_8,GSE274657 | Patient_8,2787,3323,background
GSE274657,GSM8454235_Patient_8,GSE274657 | Patient_8,2654,3321,background
GSE274657,GSM8454235_Patient_8,GSE274657 | Patient_8,2521,3319,background
GSE274657,GSM8454235_Patient_8,GSE274657 | Patient_8,2388,3317,background
GSE274657,GSM8454235_Patient_8,GSE274657 | Patient_8,2255,3315,background
GSE274657,GSM8454235_Patient_8,GSE274657 | Patient_8,2122,3313,background
GSE274657,GSM8454235_Patient_8,GSE274657 | Patient_8,1989,3311,background
GSE274657,GSM8454235_Patient_8,GSE274657 | Patient_8,1856,3309,background
GSE274657,GSM8454235_Patient_8,GSE274657 | Patient_8,10302,3321,background
GSE274657,GSM8454235_Patient_8,GSE274657 | Patient_8,10169,3319,background
GSE274657,GSM8454235_Patient_8,GSE274657 | Patient_8,10036,3317,background
GSE274657,GSM8454235_Patient_8,GSE274657 | Patient_8,9903,3315,background
GSE274657,GSM8454235_Patient_8,GSE274657 | Patient_8,9770,3313,background
GSE274657,GSM8454235_Patient_8,GSE274657 | Patient_8,9637,3311,background
GSE274657,GSM8454235_Patient_8,GSE274657 | Patient_8,9504,3309,background
GSE274657,GSM8454235_Patient_8,GSE274657 | Patient_8,9371,3307,background
GSE274657,GSM8454235_Patient_8,GSE274657 | Patient_8,9238,3305,background
GSE274657,GSM8454235_Patient_8,GSE274657 | Patient_8,9105,3303,background
GSE274657,GSM8454235_Patient_8,GSE274657 | Patient_8,8972,3301,background
GSE274657,GSM8454235_Patient_8,GSE274657 | Patient_8,8839,3299,background
GSE274657,GSM8454235_Patient_8,GSE274657 | Patient_8,8706,3297,background
GSE274657,GSM8454235_Patient_8,GSE274657 | Patient_8,8573,3295,background
GSE274657,GSM8454235_Patient_8,GSE274657 | Patient_8,8440,3293,background
GSE274657,GSM8454235_Patient_8,GSE274657 | Patient_8,8307,3291,background
GSE274657,GSM8454235_Patient_8,GSE274657 | Patient_8,8174,3289,background
GSE274657,GSM8454235_Patient_8,GSE274657 | Patient_8,8041,3287,background
GSE274657,GSM8454235_Patient_8,GSE274657 | Patient_8,7908,3285,background
GSE274657,GSM8454235_Patient_8,GSE274657 | Patient_8,7775,3283,background
GSE274657,GSM8454235_Patient_8,GSE274657 | Patient_8,7642,3281,background
GSE274657,GSM8454235_Patient_8,GSE274657 | Patient_8,7509,3279,background
GSE274657,GSM8454235_Patient_8,GSE274657 | Patient_8,7376,3277,background
GSE274657,GSM8454235_Patient_8,GSE274657 | Patient_8,7243,3275,background
GSE274657,GSM8454235_Patient_8,GSE274657 | Patient_8,7110,3273,background
GSE274657,GSM8454235_Patient_8,GSE274657 | Patient_8,6977,3271,background
GSE274657,GSM8454235_Patient_8,GSE274657 | Patient_8,6844,3269,background
GSE274657,GSM8454235_Patient_8,GSE274657 | Patient_8,6711,3267,background
GSE274657,GSM8454235_Patient_8,GSE274657 | Patient_8,6578,3265,background
GSE274657,GSM8454235_Patient_8,GSE274657 | Patient_8,6445,3263,background
GSE274657,GSM8454235_Patient_8,GSE274657 | Patient_8,6312,3260,background
GSE274657,GSM8454235_Patient_8,GSE274657 | Patient_8,6179,3258,background
GSE274657,GSM8454235_Patient_8,GSE274657 | Patient_8,6046,3256,background
GSE274657,GSM8454235_Patient_8,GSE274657 | Patient_8,5914,3254,background
GSE274657,GSM8454235_Patient_8,GSE274657 | Patient_8,5781,3252,background
GSE274657,GSM8454235_Patient_8,GSE274657 | Patient_8,5648,3250,background
GSE274657,GSM8454235_Patient_8,GSE274657 | Patient_8,5515,3248,background
GSE274657,GSM8454235_Patient_8,GSE274657 | Patient_8,5382,3246,background
GSE274657,GSM8454235_Patient_8,GSE274657 | Patient_8,5249,3244,background
GSE274657,GSM8454235_Patient_8,GSE274657 | Patient_8,5116,3242,background
GSE274657,GSM8454235_Patient_8,GSE274657 | Patient_8,4983,3240,background
GSE274657,GSM8454235_Patient_8,GSE274657 | Patient_8,4850,3238,background
GSE274657,GSM8454235_Patient_8,GSE274657 | Patient_8,4717,3236,background
GSE274657,GSM8454235_Patient_8,GSE274657 | Patient_8,4584,3234,background
GSE274657,GSM8454235_Patient_8,GSE274657 | Patient_8,4451,3232,background
GSE274657,GSM8454235_Patient_8,GSE274657 | Patient_8,4318,3230,background
GSE274657,GSM8454235_Patient_8,GSE274657 | Patient_8,4185,3228,background
GSE274657,GSM8454235_Patient_8,GSE274657 | Patient_8,4052,3226,background
GSE274657,GSM8454235_Patient_8,GSE274657 | Patient_8,3919,3224,background
GSE274657,GSM8454235_Patient_8,GSE274657 | Patient_8,3786,3222,background
GSE274657,GSM8454235_Patient_8,GSE274657 | Patient_8,3653,3220,background
GSE274657,GSM8454235_Patient_8,GSE274657 | Patient_8,3520,3218,background
GSE274657,GSM8454235_Patient_8,GSE274657 | Patient_8,3387,3216,background
GSE274657,GSM8454235_Patient_8,GSE274657 | Patient_8,3254,3214,background
GSE274657,GSM8454235_Patient_8,GSE274657 | Patient_8,3121,3212,background
GSE274657,GSM8454235_Patient_8,GSE274657 | Patient_8,2988,3210,background
GSE274657,GSM8454235_Patient_8,GSE274657 | Patient_8,2855,3208,background
GSE274657,GSM8454235_Patient_8,GSE274657 | Patient_8,2722,3206,background
GSE274657,GSM8454235_Patient_8,GSE274657 | Patient_8,2589,3204,background
GSE274657,GSM8454235_Patient_8,GSE274657 | Patient_8,2456,3202,background
GSE274657,GSM8454235_Patient_8,GSE274657 | Patient_8,2323,3200,background
GSE274657,GSM8454235_Patient_8,GSE274657 | Patient_8,2190,3198,background
GSE274657,GSM8454235_Patient_8,GSE274657 | Patient_8,2057,3196,background
GSE274657,GSM8454235_Patient_8,GSE274657 | Patient_8,1924,3194,background
GSE274657,GSM8454235_Patient_8,GSE274657 | Patient_8,10237,3204,background
GSE274657,GSM8454235_Patient_8,GSE274657 | Patient_8,10104,3202,background
GSE274657,GSM8454235_Patient_8,GSE274657 | Patient_8,9971,3200,background
GSE274657,GSM8454235_Patient_8,GSE274657 | Patient_8,9838,3198,background
GSE274657,GSM8454235_Patient_8,GSE274657 | Patient_8,9705,3196,background
GSE274657,GSM8454235_Patient_8,GSE274657 | Patient_8,9572,3194,background
GSE274657,GSM8454235_Patient_8,GSE274657 | Patient_8,9439,3192,background
GSE274657,GSM8454235_Patient_8,GSE274657 | Patient_8,9306,3190,background
GSE274657,GSM8454235_Patient_8,GSE274657 | Patient_8,9173,3188,background
GSE274657,GSM8454235_Patient_8,GSE274657 | Patient_8,9040,3186,background
GSE274657,GSM8454235_Patient_8,GSE274657 | Patient_8,8907,3184,background
GSE274657,GSM8454235_Patient_8,GSE274657 | Patient_8,8774,3182,background
GSE274657,GSM8454235_Patient_8,GSE274657 | Patient_8,8641,3180,background
GSE274657,GSM8454235_Patient_8,GSE274657 | Patient_8,8508,3178,background
GSE274657,GSM8454235_Patient_8,GSE274657 | Patient_8,8375,3176,background
GSE274657,GSM8454235_Patient_8,GSE274657 | Patient_8,8242,3174,background
GSE274657,GSM8454235_Patient_8,GSE274657 | Patient_8,8109,3172,background
GSE274657,GSM8454235_Patient_8,GSE274657 | Patient_8,7976,3170,background
GSE274657,GSM8454235_Patient_8,GSE274657 | Patient_8,7843,3168,background
GSE274657,GSM8454235_Patient_8,GSE274657 | Patient_8,7710,3166,background
GSE274657,GSM8454235_Patient_8,GSE274657 | Patient_8,7577,3164,background
GSE274657,GSM8454235_Patient_8,GSE274657 | Patient_8,7444,3162,background
GSE274657,GSM8454235_Patient_8,GSE274657 | Patient_8,7311,3160,background
GSE274657,GSM8454235_Patient_8,GSE274657 | Patient_8,7178,3158,background
GSE274657,GSM8454235_Patient_8,GSE274657 | Patient_8,7046,3156,background
GSE274657,GSM8454235_Patient_8,GSE274657 | Patient_8,6913,3154,background
GSE274657,GSM8454235_Patient_8,GSE274657 | Patient_8,6780,3152,background
GSE274657,GSM8454235_Patient_8,GSE274657 | Patient_8,6647,3150,background
GSE274657,GSM8454235_Patient_8,GSE274657 | Patient_8,6514,3148,background
GSE274657,GSM8454235_Patient_8,GSE274657 | Patient_8,6381,3146,background
GSE274657,GSM8454235_Patient_8,GSE274657 | Patient_8,6248,3144,background
GSE274657,GSM8454235_Patient_8,GSE274657 | Patient_8,6115,3142,background
GSE274657,GSM8454235_Patient_8,GSE274657 | Patient_8,5982,3140,background
GSE274657,GSM8454235_Patient_8,GSE274657 | Patient_8,5849,3138,background
GSE274657,GSM8454235_Patient_8,GSE274657 | Patient_8,5716,3136,background
GSE274657,GSM8454235_Patient_8,GSE274657 | Patient_8,5583,3134,background
GSE274657,GSM8454235_Patient_8,GSE274657 | Patient_8,5450,3132,background
GSE274657,GSM8454235_Patient_8,GSE274657 | Patient_8,5317,3130,background
GSE274657,GSM8454235_Patient_8,GSE274657 | Patient_8,5184,3128,background
GSE274657,GSM8454235_Patient_8,GSE274657 | Patient_8,5051,3126,background
GSE274657,GSM8454235_Patient_8,GSE274657 | Patient_8,4918,3124,background
GSE274657,GSM8454235_Patient_8,GSE274657 | Patient_8,4785,3122,background
GSE274657,GSM8454235_Patient_8,GSE274657 | Patient_8,4652,3120,background
GSE274657,GSM8454235_Patient_8,GSE274657 | Patient_8,4519,3118,background
GSE274657,GSM8454235_Patient_8,GSE274657 | Patient_8,4386,3116,background
GSE274657,GSM8454235_Patient_8,GSE274657 | Patient_8,4253,3114,background
GSE274657,GSM8454235_Patient_8,GSE274657 | Patient_8,4120,3112,background
GSE274657,GSM8454235_Patient_8,GSE274657 | Patient_8,3987,3110,background
GSE274657,GSM8454235_Patient_8,GSE274657 | Patient_8,3854,3108,background
GSE274657,GSM8454235_Patient_8,GSE274657 | Patient_8,3721,3106,background
GSE274657,GSM8454235_Patient_8,GSE274657 | Patient_8,3588,3104,background
GSE274657,GSM8454235_Patient_8,GSE274657 | Patient_8,3455,3102,background
GSE274657,GSM8454235_Patient_8,GSE274657 | Patient_8,3322,3100,background
GSE274657,GSM8454235_Patient_8,GSE274657 | Patient_8,3189,3098,background
GSE274657,GSM8454235_Patient_8,GSE274657 | Patient_8,3056,3096,background
GSE274657,GSM8454235_Patient_8,GSE274657 | Patient_8,2923,3094,background
GSE274657,GSM8454235_Patient_8,GSE274657 | Patient_8,2790,3092,background
GSE274657,GSM8454235_Patient_8,GSE274657 | Patient_8,2657,3090,background
GSE274657,GSM8454235_Patient_8,GSE274657 | Patient_8,2524,3088,background
GSE274657,GSM8454235_Patient_8,GSE274657 | Patient_8,2392,3085,background
GSE274657,GSM8454235_Patient_8,GSE274657 | Patient_8,2259,3083,background
GSE274657,GSM8454235_Patient_8,GSE274657 | Patient_8,2126,3081,background
GSE274657,GSM8454235_Patient_8,GSE274657 | Patient_8,1993,3079,background
GSE274657,GSM8454235_Patient_8,GSE274657 | Patient_8,1860,3077,background
GSE274657,GSM8454235_Patient_8,GSE274657 | Patient_8,10305,3089,background
GSE274657,GSM8454235_Patient_8,GSE274657 | Patient_8,10172,3087,background
GSE274657,GSM8454235_Patient_8,GSE274657 | Patient_8,10039,3085,background
GSE274657,GSM8454235_Patient_8,GSE274657 | Patient_8,9906,3083,background
GSE274657,GSM8454235_Patient_8,GSE274657 | Patient_8,9773,3081,background
GSE274657,GSM8454235_Patient_8,GSE274657 | Patient_8,9640,3079,background
GSE274657,GSM8454235_Patient_8,GSE274657 | Patient_8,9507,3077,background
GSE274657,GSM8454235_Patient_8,GSE274657 | Patient_8,9374,3075,background
GSE274657,GSM8454235_Patient_8,GSE274657 | Patient_8,9241,3073,background
GSE274657,GSM8454235_Patient_8,GSE274657 | Patient_8,9108,3071,background
GSE274657,GSM8454235_Patient_8,GSE274657 | Patient_8,8975,3069,background
GSE274657,GSM8454235_Patient_8,GSE274657 | Patient_8,8842,3067,background
GSE274657,GSM8454235_Patient_8,GSE274657 | Patient_8,8709,3065,background
GSE274657,GSM8454235_Patient_8,GSE274657 | Patient_8,8576,3063,background
GSE274657,GSM8454235_Patient_8,GSE274657 | Patient_8,8443,3061,background
GSE274657,GSM8454235_Patient_8,GSE274657 | Patient_8,8310,3059,background
GSE274657,GSM8454235_Patient_8,GSE274657 | Patient_8,8178,3057,background
GSE274657,GSM8454235_Patient_8,GSE274657 | Patient_8,8045,3055,background
GSE274657,GSM8454235_Patient_8,GSE274657 | Patient_8,7912,3053,background
GSE274657,GSM8454235_Patient_8,GSE274657 | Patient_8,7779,3051,background
GSE274657,GSM8454235_Patient_8,GSE274657 | Patient_8,7646,3049,background
GSE274657,GSM8454235_Patient_8,GSE274657 | Patient_8,7513,3047,background
GSE274657,GSM8454235_Patient_8,GSE274657 | Patient_8,7380,3045,background
GSE274657,GSM8454235_Patient_8,GSE274657 | Patient_8,7247,3043,background
GSE274657,GSM8454235_Patient_8,GSE274657 | Patient_8,7114,3041,background
GSE274657,GSM8454235_Patient_8,GSE274657 | Patient_8,6981,3039,background
GSE274657,GSM8454235_Patient_8,GSE274657 | Patient_8,6848,3037,background
GSE274657,GSM8454235_Patient_8,GSE274657 | Patient_8,6715,3035,background
GSE274657,GSM8454235_Patient_8,GSE274657 | Patient_8,6582,3033,background
GSE274657,GSM8454235_Patient_8,GSE274657 | Patient_8,6449,3031,background
GSE274657,GSM8454235_Patient_8,GSE274657 | Patient_8,6316,3029,background
GSE274657,GSM8454235_Patient_8,GSE274657 | Patient_8,6183,3027,background
GSE274657,GSM8454235_Patient_8,GSE274657 | Patient_8,6050,3025,background
GSE274657,GSM8454235_Patient_8,GSE274657 | Patient_8,5917,3023,background
GSE274657,GSM8454235_Patient_8,GSE274657 | Patient_8,5784,3021,background
GSE274657,GSM8454235_Patient_8,GSE274657 | Patient_8,5651,3019,background
GSE274657,GSM8454235_Patient_8,GSE274657 | Patient_8,5518,3017,background
GSE274657,GSM8454235_Patient_8,GSE274657 | Patient_8,5385,3015,background
GSE274657,GSM8454235_Patient_8,GSE274657 | Patient_8,5252,3013,background
GSE274657,GSM8454235_Patient_8,GSE274657 | Patient_8,5119,3011,background
GSE274657,GSM8454235_Patient_8,GSE274657 | Patient_8,4986,3009,background
GSE274657,GSM8454235_Patient_8,GSE274657 | Patient_8,4853,3007,background
GSE274657,GSM8454235_Patient_8,GSE274657 | Patient_8,4720,3005,background
GSE274657,GSM8454235_Patient_8,GSE274657 | Patient_8,4587,3003,background
GSE274657,GSM8454235_Patient_8,GSE274657 | Patient_8,4454,3001,background
GSE274657,GSM8454235_Patient_8,GSE274657 | Patient_8,4321,2999,background
GSE274657,GSM8454235_Patient_8,GSE274657 | Patient_8,4188,2997,background
GSE274657,GSM8454235_Patient_8,GSE274657 | Patient_8,4055,2995,background
GSE274657,GSM8454235_Patient_8,GSE274657 | Patient_8,3922,2993,background
GSE274657,GSM8454235_Patient_8,GSE274657 | Patient_8,3789,2991,background
GSE274657,GSM8454235_Patient_8,GSE274657 | Patient_8,3656,2989,background
GSE274657,GSM8454235_Patient_8,GSE274657 | Patient_8,3524,2987,background
GSE274657,GSM8454235_Patient_8,GSE274657 | Patient_8,3391,2985,background
GSE274657,GSM8454235_Patient_8,GSE274657 | Patient_8,3258,2983,background
GSE274657,GSM8454235_Patient_8,GSE274657 | Patient_8,3125,2981,background
GSE274657,GSM8454235_Patient_8,GSE274657 | Patient_8,2992,2979,background
GSE274657,GSM8454235_Patient_8,GSE274657 | Patient_8,2859,2977,background
GSE274657,GSM8454235_Patient_8,GSE274657 | Patient_8,2726,2975,background
GSE274657,GSM8454235_Patient_8,GSE274657 | Patient_8,2593,2973,background
GSE274657,GSM8454235_Patient_8,GSE274657 | Patient_8,2460,2971,background
GSE274657,GSM8454235_Patient_8,GSE274657 | Patient_8,2327,2969,background
GSE274657,GSM8454235_Patient_8,GSE274657 | Patient_8,2194,2967,background
GSE274657,GSM8454235_Patient_8,GSE274657 | Patient_8,2061,2965,background
GSE274657,GSM8454235_Patient_8,GSE274657 | Patient_8,1928,2963,background
GSE274657,GSM8454235_Patient_8,GSE274657 | Patient_8,10240,2973,background
GSE274657,GSM8454235_Patient_8,GSE274657 | Patient_8,10107,2971,background
GSE274657,GSM8454235_Patient_8,GSE274657 | Patient_8,9974,2969,background
GSE274657,GSM8454235_Patient_8,GSE274657 | Patient_8,9841,2967,background
GSE274657,GSM8454235_Patient_8,GSE274657 | Patient_8,9708,2965,background
GSE274657,GSM8454235_Patient_8,GSE274657 | Patient_8,9575,2963,background
GSE274657,GSM8454235_Patient_8,GSE274657 | Patient_8,9442,2961,background
GSE274657,GSM8454235_Patient_8,GSE274657 | Patient_8,9310,2959,background
GSE274657,GSM8454235_Patient_8,GSE274657 | Patient_8,9177,2957,background
GSE274657,GSM8454235_Patient_8,GSE274657 | Patient_8,9044,2955,background
GSE274657,GSM8454235_Patient_8,GSE274657 | Patient_8,8911,2953,background
GSE274657,GSM8454235_Patient_8,GSE274657 | Patient_8,8778,2951,background
GSE274657,GSM8454235_Patient_8,GSE274657 | Patient_8,8645,2949,background
GSE274657,GSM8454235_Patient_8,GSE274657 | Patient_8,8512,2947,background
GSE274657,GSM8454235_Patient_8,GSE274657 | Patient_8,8379,2945,background
GSE274657,GSM8454235_Patient_8,GSE274657 | Patient_8,8246,2943,background
GSE274657,GSM8454235_Patient_8,GSE274657 | Patient_8,8113,2941,background
GSE274657,GSM8454235_Patient_8,GSE274657 | Patient_8,7980,2939,background
GSE274657,GSM8454235_Patient_8,GSE274657 | Patient_8,7847,2937,background
GSE274657,GSM8454235_Patient_8,GSE274657 | Patient_8,7714,2935,background
GSE274657,GSM8454235_Patient_8,GSE274657 | Patient_8,7581,2933,background
GSE274657,GSM8454235_Patient_8,GSE274657 | Patient_8,7448,2931,background
GSE274657,GSM8454235_Patient_8,GSE274657 | Patient_8,7315,2929,background
GSE274657,GSM8454235_Patient_8,GSE274657 | Patient_8,7182,2927,background
GSE274657,GSM8454235_Patient_8,GSE274657 | Patient_8,7049,2925,background
GSE274657,GSM8454235_Patient_8,GSE274657 | Patient_8,6916,2922,background
GSE274657,GSM8454235_Patient_8,GSE274657 | Patient_8,6783,2920,background
GSE274657,GSM8454235_Patient_8,GSE274657 | Patient_8,6650,2918,background
GSE274657,GSM8454235_Patient_8,GSE274657 | Patient_8,6517,2916,background
GSE274657,GSM8454235_Patient_8,GSE274657 | Patient_8,6384,2914,background
GSE274657,GSM8454235_Patient_8,GSE274657 | Patient_8,6251,2912,background
GSE274657,GSM8454235_Patient_8,GSE274657 | Patient_8,6118,2910,background
GSE274657,GSM8454235_Patient_8,GSE274657 | Patient_8,5985,2908,background
GSE274657,GSM8454235_Patient_8,GSE274657 | Patient_8,5852,2906,background
GSE274657,GSM8454235_Patient_8,GSE274657 | Patient_8,5719,2904,background
GSE274657,GSM8454235_Patient_8,GSE274657 | Patient_8,5586,2902,background
GSE274657,GSM8454235_Patient_8,GSE274657 | Patient_8,5453,2900,background
GSE274657,GSM8454235_Patient_8,GSE274657 | Patient_8,5320,2898,background
GSE274657,GSM8454235_Patient_8,GSE274657 | Patient_8,5187,2896,background
GSE274657,GSM8454235_Patient_8,GSE274657 | Patient_8,5054,2894,background
GSE274657,GSM8454235_Patient_8,GSE274657 | Patient_8,4921,2892,background
GSE274657,GSM8454235_Patient_8,GSE274657 | Patient_8,4789,2890,background
GSE274657,GSM8454235_Patient_8,GSE274657 | Patient_8,4656,2888,background
GSE274657,GSM8454235_Patient_8,GSE274657 | Patient_8,4523,2886,background
GSE274657,GSM8454235_Patient_8,GSE274657 | Patient_8,4390,2884,background
GSE274657,GSM8454235_Patient_8,GSE274657 | Patient_8,4257,2882,background
GSE274657,GSM8454235_Patient_8,GSE274657 | Patient_8,4124,2880,background
GSE274657,GSM8454235_Patient_8,GSE274657 | Patient_8,3991,2878,background
GSE274657,GSM8454235_Patient_8,GSE274657 | Patient_8,3858,2876,background
GSE274657,GSM8454235_Patient_8,GSE274657 | Patient_8,3725,2874,background
GSE274657,GSM8454235_Patient_8,GSE274657 | Patient_8,3592,2872,background
GSE274657,GSM8454235_Patient_8,GSE274657 | Patient_8,3459,2870,background
GSE274657,GSM8454235_Patient_8,GSE274657 | Patient_8,3326,2868,background
GSE274657,GSM8454235_Patient_8,GSE274657 | Patient_8,3193,2866,background
GSE274657,GSM8454235_Patient_8,GSE274657 | Patient_8,3060,2864,background
GSE274657,GSM8454235_Patient_8,GSE274657 | Patient_8,2927,2862,background
GSE274657,GSM8454235_Patient_8,GSE274657 | Patient_8,2794,2860,background
GSE274657,GSM8454235_Patient_8,GSE274657 | Patient_8,2661,2858,background
GSE274657,GSM8454235_Patient_8,GSE274657 | Patient_8,2528,2856,background
GSE274657,GSM8454235_Patient_8,GSE274657 | Patient_8,2395,2854,background
GSE274657,GSM8454235_Patient_8,GSE274657 | Patient_8,2262,2852,background
GSE274657,GSM8454235_Patient_8,GSE274657 | Patient_8,2129,2850,background
GSE274657,GSM8454235_Patient_8,GSE274657 | Patient_8,1996,2848,background
GSE274657,GSM8454235_Patient_8,GSE274657 | Patient_8,1863,2846,background
GSE274657,GSM8454235_Patient_8,GSE274657 | Patient_8,10309,2858,background
GSE274657,GSM8454235_Patient_8,GSE274657 | Patient_8,10176,2856,background
GSE274657,GSM8454235_Patient_8,GSE274657 | Patient_8,10043,2854,background
GSE274657,GSM8454235_Patient_8,GSE274657 | Patient_8,9910,2852,background
GSE274657,GSM8454235_Patient_8,GSE274657 | Patient_8,9777,2850,background
GSE274657,GSM8454235_Patient_8,GSE274657 | Patient_8,9644,2848,background
GSE274657,GSM8454235_Patient_8,GSE274657 | Patient_8,9511,2846,background
GSE274657,GSM8454235_Patient_8,GSE274657 | Patient_8,9378,2844,background
GSE274657,GSM8454235_Patient_8,GSE274657 | Patient_8,9245,2842,background
GSE274657,GSM8454235_Patient_8,GSE274657 | Patient_8,9112,2840,background
GSE274657,GSM8454235_Patient_8,GSE274657 | Patient_8,8979,2838,background
GSE274657,GSM8454235_Patient_8,GSE274657 | Patient_8,8846,2836,background
GSE274657,GSM8454235_Patient_8,GSE274657 | Patient_8,8713,2834,background
GSE274657,GSM8454235_Patient_8,GSE274657 | Patient_8,8580,2832,background
GSE274657,GSM8454235_Patient_8,GSE274657 | Patient_8,8447,2830,background
GSE274657,GSM8454235_Patient_8,GSE274657 | Patient_8,8314,2828,background
GSE274657,GSM8454235_Patient_8,GSE274657 | Patient_8,8181,2826,background
GSE274657,GSM8454235_Patient_8,GSE274657 | Patient_8,8048,2824,background
GSE274657,GSM8454235_Patient_8,GSE274657 | Patient_8,7915,2822,background
GSE274657,GSM8454235_Patient_8,GSE274657 | Patient_8,7782,2820,background
GSE274657,GSM8454235_Patient_8,GSE274657 | Patient_8,7649,2818,background
GSE274657,GSM8454235_Patient_8,GSE274657 | Patient_8,7516,2816,background
GSE274657,GSM8454235_Patient_8,GSE274657 | Patient_8,7383,2814,background
GSE274657,GSM8454235_Patient_8,GSE274657 | Patient_8,7250,2812,background
GSE274657,GSM8454235_Patient_8,GSE274657 | Patient_8,7117,2810,background
GSE274657,GSM8454235_Patient_8,GSE274657 | Patient_8,6984,2808,background
GSE274657,GSM8454235_Patient_8,GSE274657 | Patient_8,6851,2806,background
GSE274657,GSM8454235_Patient_8,GSE274657 | Patient_8,6718,2804,background
GSE274657,GSM8454235_Patient_8,GSE274657 | Patient_8,6585,2802,background
GSE274657,GSM8454235_Patient_8,GSE274657 | Patient_8,6452,2800,background
GSE274657,GSM8454235_Patient_8,GSE274657 | Patient_8,6319,2798,background
GSE274657,GSM8454235_Patient_8,GSE274657 | Patient_8,6186,2796,background
GSE274657,GSM8454235_Patient_8,GSE274657 | Patient_8,6053,2794,background
GSE274657,GSM8454235_Patient_8,GSE274657 | Patient_8,5921,2792,background
GSE274657,GSM8454235_Patient_8,GSE274657 | Patient_8,5788,2790,background
GSE274657,GSM8454235_Patient_8,GSE274657 | Patient_8,5655,2788,background
GSE274657,GSM8454235_Patient_8,GSE274657 | Patient_8,5522,2786,background
GSE274657,GSM8454235_Patient_8,GSE274657 | Patient_8,5389,2784,background
GSE274657,GSM8454235_Patient_8,GSE274657 | Patient_8,5256,2782,background
GSE274657,GSM8454235_Patient_8,GSE274657 | Patient_8,5123,2780,background
GSE274657,GSM8454235_Patient_8,GSE274657 | Patient_8,4990,2778,background
GSE274657,GSM8454235_Patient_8,GSE274657 | Patient_8,4857,2776,background
GSE274657,GSM8454235_Patient_8,GSE274657 | Patient_8,4724,2774,background
GSE274657,GSM8454235_Patient_8,GSE274657 | Patient_8,4591,2772,background
GSE274657,GSM8454235_Patient_8,GSE274657 | Patient_8,4458,2770,background
GSE274657,GSM8454235_Patient_8,GSE274657 | Patient_8,4325,2768,background
GSE274657,GSM8454235_Patient_8,GSE274657 | Patient_8,4192,2766,background
GSE274657,GSM8454235_Patient_8,GSE274657 | Patient_8,4059,2764,background
GSE274657,GSM8454235_Patient_8,GSE274657 | Patient_8,3926,2762,background
GSE274657,GSM8454235_Patient_8,GSE274657 | Patient_8,3793,2760,background
GSE274657,GSM8454235_Patient_8,GSE274657 | Patient_8,3660,2758,background
GSE274657,GSM8454235_Patient_8,GSE274657 | Patient_8,3527,2756,background
GSE274657,GSM8454235_Patient_8,GSE274657 | Patient_8,3394,2754,background
GSE274657,GSM8454235_Patient_8,GSE274657 | Patient_8,3261,2752,background
GSE274657,GSM8454235_Patient_8,GSE274657 | Patient_8,3128,2749,background
GSE274657,GSM8454235_Patient_8,GSE274657 | Patient_8,2995,2747,background
GSE274657,GSM8454235_Patient_8,GSE274657 | Patient_8,2862,2745,background
GSE274657,GSM8454235_Patient_8,GSE274657 | Patient_8,2729,2743,background
GSE274657,GSM8454235_Patient_8,GSE274657 | Patient_8,2596,2741,background
GSE274657,GSM8454235_Patient_8,GSE274657 | Patient_8,2463,2739,background
GSE274657,GSM8454235_Patient_8,GSE274657 | Patient_8,2330,2737,background
GSE274657,GSM8454235_Patient_8,GSE274657 | Patient_8,2197,2735,background
GSE274657,GSM8454235_Patient_8,GSE274657 | Patient_8,2064,2733,background
GSE274657,GSM8454235_Patient_8,GSE274657 | Patient_8,1931,2731,background
GSE274657,GSM8454235_Patient_8,GSE274657 | Patient_8,10244,2741,background
GSE274657,GSM8454235_Patient_8,GSE274657 | Patient_8,10111,2739,background
GSE274657,GSM8454235_Patient_8,GSE274657 | Patient_8,9978,2737,background
GSE274657,GSM8454235_Patient_8,GSE274657 | Patient_8,9845,2735,background
GSE274657,GSM8454235_Patient_8,GSE274657 | Patient_8,9712,2733,background
GSE274657,GSM8454235_Patient_8,GSE274657 | Patient_8,9579,2731,background
GSE274657,GSM8454235_Patient_8,GSE274657 | Patient_8,9446,2729,background
GSE274657,GSM8454235_Patient_8,GSE274657 | Patient_8,9313,2727,background
GSE274657,GSM8454235_Patient_8,GSE274657 | Patient_8,9180,2725,background
GSE274657,GSM8454235_Patient_8,GSE274657 | Patient_8,9047,2723,background
GSE274657,GSM8454235_Patient_8,GSE274657 | Patient_8,8914,2721,background
GSE274657,GSM8454235_Patient_8,GSE274657 | Patient_8,8781,2719,background
GSE274657,GSM8454235_Patient_8,GSE274657 | Patient_8,8648,2717,background
GSE274657,GSM8454235_Patient_8,GSE274657 | Patient_8,8515,2715,background
GSE274657,GSM8454235_Patient_8,GSE274657 | Patient_8,8382,2713,background
GSE274657,GSM8454235_Patient_8,GSE274657 | Patient_8,8249,2711,background
GSE274657,GSM8454235_Patient_8,GSE274657 | Patient_8,8116,2709,background
GSE274657,GSM8454235_Patient_8,GSE274657 | Patient_8,7983,2707,background
GSE274657,GSM8454235_Patient_8,GSE274657 | Patient_8,7850,2705,background
GSE274657,GSM8454235_Patient_8,GSE274657 | Patient_8,7717,2703,background
GSE274657,GSM8454235_Patient_8,GSE274657 | Patient_8,7584,2701,background
GSE274657,GSM8454235_Patient_8,GSE274657 | Patient_8,7451,2699,background
GSE274657,GSM8454235_Patient_8,GSE274657 | Patient_8,7318,2697,background
GSE274657,GSM8454235_Patient_8,GSE274657 | Patient_8,7185,2695,background
GSE274657,GSM8454235_Patient_8,GSE274657 | Patient_8,7053,2693,background
GSE274657,GSM8454235_Patient_8,GSE274657 | Patient_8,6920,2691,background
GSE274657,GSM8454235_Patient_8,GSE274657 | Patient_8,6787,2689,background
GSE274657,GSM8454235_Patient_8,GSE274657 | Patient_8,6654,2687,background
GSE274657,GSM8454235_Patient_8,GSE274657 | Patient_8,6521,2685,background
GSE274657,GSM8454235_Patient_8,GSE274657 | Patient_8,6388,2683,background
GSE274657,GSM8454235_Patient_8,GSE274657 | Patient_8,6255,2681,background
GSE274657,GSM8454235_Patient_8,GSE274657 | Patient_8,6122,2679,background
GSE274657,GSM8454235_Patient_8,GSE274657 | Patient_8,5989,2677,background
GSE274657,GSM8454235_Patient_8,GSE274657 | Patient_8,5856,2675,background
GSE274657,GSM8454235_Patient_8,GSE274657 | Patient_8,5723,2673,background
GSE274657,GSM8454235_Patient_8,GSE274657 | Patient_8,5590,2671,background
GSE274657,GSM8454235_Patient_8,GSE274657 | Patient_8,5457,2669,background
GSE274657,GSM8454235_Patient_8,GSE274657 | Patient_8,5324,2667,background
GSE274657,GSM8454235_Patient_8,GSE274657 | Patient_8,5191,2665,background
GSE274657,GSM8454235_Patient_8,GSE274657 | Patient_8,5058,2663,background
GSE274657,GSM8454235_Patient_8,GSE274657 | Patient_8,4925,2661,background
GSE274657,GSM8454235_Patient_8,GSE274657 | Patient_8,4792,2659,background
GSE274657,GSM8454235_Patient_8,GSE274657 | Patient_8,4659,2657,background
GSE274657,GSM8454235_Patient_8,GSE274657 | Patient_8,4526,2655,background
GSE274657,GSM8454235_Patient_8,GSE274657 | Patient_8,4393,2653,background
GSE274657,GSM8454235_Patient_8,GSE274657 | Patient_8,4260,2651,background
GSE274657,GSM8454235_Patient_8,GSE274657 | Patient_8,4127,2649,background
GSE274657,GSM8454235_Patient_8,GSE274657 | Patient_8,3994,2647,background
GSE274657,GSM8454235_Patient_8,GSE274657 | Patient_8,3861,2645,background
GSE274657,GSM8454235_Patient_8,GSE274657 | Patient_8,3728,2643,background
GSE274657,GSM8454235_Patient_8,GSE274657 | Patient_8,3595,2641,background
GSE274657,GSM8454235_Patient_8,GSE274657 | Patient_8,3462,2639,background
GSE274657,GSM8454235_Patient_8,GSE274657 | Patient_8,3329,2637,background
GSE274657,GSM8454235_Patient_8,GSE274657 | Patient_8,3196,2635,background
GSE274657,GSM8454235_Patient_8,GSE274657 | Patient_8,3063,2633,background
GSE274657,GSM8454235_Patient_8,GSE274657 | Patient_8,2930,2631,background
GSE274657,GSM8454235_Patient_8,GSE274657 | Patient_8,2797,2629,background
GSE274657,GSM8454235_Patient_8,GSE274657 | Patient_8,2664,2627,background
GSE274657,GSM8454235_Patient_8,GSE274657 | Patient_8,2531,2625,background
GSE274657,GSM8454235_Patient_8,GSE274657 | Patient_8,2399,2623,background
GSE274657,GSM8454235_Patient_8,GSE274657 | Patient_8,2266,2621,background
GSE274657,GSM8454235_Patient_8,GSE274657 | Patient_8,2133,2619,background
GSE274657,GSM8454235_Patient_8,GSE274657 | Patient_8,2000,2617,background
GSE274657,GSM8454235_Patient_8,GSE274657 | Patient_8,1867,2615,background
GSE274657,GSM8454235_Patient_8,GSE274657 | Patient_8,10312,2627,background
GSE274657,GSM8454235_Patient_8,GSE274657 | Patient_8,10179,2625,background
GSE274657,GSM8454235_Patient_8,GSE274657 | Patient_8,10046,2623,background
GSE274657,GSM8454235_Patient_8,GSE274657 | Patient_8,9913,2621,background
GSE274657,GSM8454235_Patient_8,GSE274657 | Patient_8,9780,2619,background
GSE274657,GSM8454235_Patient_8,GSE274657 | Patient_8,9647,2617,background
GSE274657,GSM8454235_Patient_8,GSE274657 | Patient_8,9514,2615,background
GSE274657,GSM8454235_Patient_8,GSE274657 | Patient_8,9381,2613,background
GSE274657,GSM8454235_Patient_8,GSE274657 | Patient_8,9248,2611,background
GSE274657,GSM8454235_Patient_8,GSE274657 | Patient_8,9115,2609,background
GSE274657,GSM8454235_Patient_8,GSE274657 | Patient_8,8982,2607,background
GSE274657,GSM8454235_Patient_8,GSE274657 | Patient_8,8849,2605,background
GSE274657,GSM8454235_Patient_8,GSE274657 | Patient_8,8716,2603,background
GSE274657,GSM8454235_Patient_8,GSE274657 | Patient_8,8583,2601,background
GSE274657,GSM8454235_Patient_8,GSE274657 | Patient_8,8450,2599,background
GSE274657,GSM8454235_Patient_8,GSE274657 | Patient_8,8317,2597,background
GSE274657,GSM8454235_Patient_8,GSE274657 | Patient_8,8185,2595,background
GSE274657,GSM8454235_Patient_8,GSE274657 | Patient_8,8052,2593,background
GSE274657,GSM8454235_Patient_8,GSE274657 | Patient_8,7919,2591,background
GSE274657,GSM8454235_Patient_8,GSE274657 | Patient_8,7786,2589,background
GSE274657,GSM8454235_Patient_8,GSE274657 | Patient_8,7653,2587,background
GSE274657,GSM8454235_Patient_8,GSE274657 | Patient_8,7520,2584,background
GSE274657,GSM8454235_Patient_8,GSE274657 | Patient_8,7387,2582,background
GSE274657,GSM8454235_Patient_8,GSE274657 | Patient_8,7254,2580,background
GSE274657,GSM8454235_Patient_8,GSE274657 | Patient_8,7121,2578,background
GSE274657,GSM8454235_Patient_8,GSE274657 | Patient_8,6988,2576,background
GSE274657,GSM8454235_Patient_8,GSE274657 | Patient_8,6855,2574,background
GSE274657,GSM8454235_Patient_8,GSE274657 | Patient_8,6722,2572,background
GSE274657,GSM8454235_Patient_8,GSE274657 | Patient_8,6589,2570,background
GSE274657,GSM8454235_Patient_8,GSE274657 | Patient_8,6456,2568,background
GSE274657,GSM8454235_Patient_8,GSE274657 | Patient_8,6323,2566,background
GSE274657,GSM8454235_Patient_8,GSE274657 | Patient_8,6190,2564,background
GSE274657,GSM8454235_Patient_8,GSE274657 | Patient_8,6057,2562,background
GSE274657,GSM8454235_Patient_8,GSE274657 | Patient_8,5924,2560,background
GSE274657,GSM8454235_Patient_8,GSE274657 | Patient_8,5791,2558,background
GSE274657,GSM8454235_Patient_8,GSE274657 | Patient_8,5658,2556,background
GSE274657,GSM8454235_Patient_8,GSE274657 | Patient_8,5525,2554,background
GSE274657,GSM8454235_Patient_8,GSE274657 | Patient_8,5392,2552,background
GSE274657,GSM8454235_Patient_8,GSE274657 | Patient_8,5259,2550,background
GSE274657,GSM8454235_Patient_8,GSE274657 | Patient_8,5126,2548,background
GSE274657,GSM8454235_Patient_8,GSE274657 | Patient_8,4993,2546,background
GSE274657,GSM8454235_Patient_8,GSE274657 | Patient_8,4860,2544,background
GSE274657,GSM8454235_Patient_8,GSE274657 | Patient_8,4727,2542,background
GSE274657,GSM8454235_Patient_8,GSE274657 | Patient_8,4594,2540,background
GSE274657,GSM8454235_Patient_8,GSE274657 | Patient_8,4461,2538,background
GSE274657,GSM8454235_Patient_8,GSE274657 | Patient_8,4328,2536,background
GSE274657,GSM8454235_Patient_8,GSE274657 | Patient_8,4195,2534,background
GSE274657,GSM8454235_Patient_8,GSE274657 | Patient_8,4062,2532,background
GSE274657,GSM8454235_Patient_8,GSE274657 | Patient_8,3929,2530,background
GSE274657,GSM8454235_Patient_8,GSE274657 | Patient_8,3796,2528,background
GSE274657,GSM8454235_Patient_8,GSE274657 | Patient_8,3663,2526,background
GSE274657,GSM8454235_Patient_8,GSE274657 | Patient_8,3531,2524,background
GSE274657,GSM8454235_Patient_8,GSE274657 | Patient_8,3398,2522,background
GSE274657,GSM8454235_Patient_8,GSE274657 | Patient_8,3265,2520,background
GSE274657,GSM8454235_Patient_8,GSE274657 | Patient_8,3132,2518,background
GSE274657,GSM8454235_Patient_8,GSE274657 | Patient_8,2999,2516,background
GSE274657,GSM8454235_Patient_8,GSE274657 | Patient_8,2866,2514,background
GSE274657,GSM8454235_Patient_8,GSE274657 | Patient_8,2733,2512,background
GSE274657,GSM8454235_Patient_8,GSE274657 | Patient_8,2600,2510,background
GSE274657,GSM8454235_Patient_8,GSE274657 | Patient_8,2467,2508,background
GSE274657,GSM8454235_Patient_8,GSE274657 | Patient_8,2334,2506,background
GSE274657,GSM8454235_Patient_8,GSE274657 | Patient_8,2201,2504,background
GSE274657,GSM8454235_Patient_8,GSE274657 | Patient_8,2068,2502,background
GSE274657,GSM8454235_Patient_8,GSE274657 | Patient_8,1935,2500,background
GSE274657,GSM8454235_Patient_8,GSE274657 | Patient_8,10247,2510,background
GSE274657,GSM8454235_Patient_8,GSE274657 | Patient_8,10114,2508,background
GSE274657,GSM8454235_Patient_8,GSE274657 | Patient_8,9981,2506,background
GSE274657,GSM8454235_Patient_8,GSE274657 | Patient_8,9848,2504,background
GSE274657,GSM8454235_Patient_8,GSE274657 | Patient_8,9715,2502,background
GSE274657,GSM8454235_Patient_8,GSE274657 | Patient_8,9582,2500,background
GSE274657,GSM8454235_Patient_8,GSE274657 | Patient_8,9449,2498,background
GSE274657,GSM8454235_Patient_8,GSE274657 | Patient_8,9317,2496,background
GSE274657,GSM8454235_Patient_8,GSE274657 | Patient_8,9184,2494,background
GSE274657,GSM8454235_Patient_8,GSE274657 | Patient_8,9051,2492,background
GSE274657,GSM8454235_Patient_8,GSE274657 | Patient_8,8918,2490,background
GSE274657,GSM8454235_Patient_8,GSE274657 | Patient_8,8785,2488,background
GSE274657,GSM8454235_Patient_8,GSE274657 | Patient_8,8652,2486,background
GSE274657,GSM8454235_Patient_8,GSE274657 | Patient_8,8519,2484,background
GSE274657,GSM8454235_Patient_8,GSE274657 | Patient_8,8386,2482,background
GSE274657,GSM8454235_Patient_8,GSE274657 | Patient_8,8253,2480,background
GSE274657,GSM8454235_Patient_8,GSE274657 | Patient_8,8120,2478,background
GSE274657,GSM8454235_Patient_8,GSE274657 | Patient_8,7987,2476,background
GSE274657,GSM8454235_Patient_8,GSE274657 | Patient_8,7854,2474,background
GSE274657,GSM8454235_Patient_8,GSE274657 | Patient_8,7721,2472,background
GSE274657,GSM8454235_Patient_8,GSE274657 | Patient_8,7588,2470,background
GSE274657,GSM8454235_Patient_8,GSE274657 | Patient_8,7455,2468,background
GSE274657,GSM8454235_Patient_8,GSE274657 | Patient_8,7322,2466,background
GSE274657,GSM8454235_Patient_8,GSE274657 | Patient_8,7189,2464,background
GSE274657,GSM8454235_Patient_8,GSE274657 | Patient_8,7056,2462,background
GSE274657,GSM8454235_Patient_8,GSE274657 | Patient_8,6923,2460,background
GSE274657,GSM8454235_Patient_8,GSE274657 | Patient_8,6790,2458,background
GSE274657,GSM8454235_Patient_8,GSE274657 | Patient_8,6657,2456,background
GSE274657,GSM8454235_Patient_8,GSE274657 | Patient_8,6524,2454,background
GSE274657,GSM8454235_Patient_8,GSE274657 | Patient_8,6391,2452,background
GSE274657,GSM8454235_Patient_8,GSE274657 | Patient_8,6258,2450,background
GSE274657,GSM8454235_Patient_8,GSE274657 | Patient_8,6125,2448,background
GSE274657,GSM8454235_Patient_8,GSE274657 | Patient_8,5992,2446,background
GSE274657,GSM8454235_Patient_8,GSE274657 | Patient_8,5859,2444,background
GSE274657,GSM8454235_Patient_8,GSE274657 | Patient_8,5726,2442,background
GSE274657,GSM8454235_Patient_8,GSE274657 | Patient_8,5593,2440,background
GSE274657,GSM8454235_Patient_8,GSE274657 | Patient_8,5460,2438,background
GSE274657,GSM8454235_Patient_8,GSE274657 | Patient_8,5327,2436,background
GSE274657,GSM8454235_Patient_8,GSE274657 | Patient_8,5194,2434,background
GSE274657,GSM8454235_Patient_8,GSE274657 | Patient_8,5061,2432,background
GSE274657,GSM8454235_Patient_8,GSE274657 | Patient_8,4928,2430,background
GSE274657,GSM8454235_Patient_8,GSE274657 | Patient_8,4795,2428,background
GSE274657,GSM8454235_Patient_8,GSE274657 | Patient_8,4663,2426,background
GSE274657,GSM8454235_Patient_8,GSE274657 | Patient_8,4530,2424,background
GSE274657,GSM8454235_Patient_8,GSE274657 | Patient_8,4397,2422,background
GSE274657,GSM8454235_Patient_8,GSE274657 | Patient_8,4264,2420,background
GSE274657,GSM8454235_Patient_8,GSE274657 | Patient_8,4131,2418,background
GSE274657,GSM8454235_Patient_8,GSE274657 | Patient_8,3998,2416,background
GSE274657,GSM8454235_Patient_8,GSE274657 | Patient_8,3865,2414,background
GSE274657,GSM8454235_Patient_8,GSE274657 | Patient_8,3732,2411,background
GSE274657,GSM8454235_Patient_8,GSE274657 | Patient_8,3599,2409,background
GSE274657,GSM8454235_Patient_8,GSE274657 | Patient_8,3466,2407,background
GSE274657,GSM8454235_Patient_8,GSE274657 | Patient_8,3333,2405,background
GSE274657,GSM8454235_Patient_8,GSE274657 | Patient_8,3200,2403,background
GSE274657,GSM8454235_Patient_8,GSE274657 | Patient_8,3067,2401,background
GSE274657,GSM8454235_Patient_8,GSE274657 | Patient_8,2934,2399,background
GSE274657,GSM8454235_Patient_8,GSE274657 | Patient_8,2801,2397,background
GSE274657,GSM8454235_Patient_8,GSE274657 | Patient_8,2668,2395,background
GSE274657,GSM8454235_Patient_8,GSE274657 | Patient_8,2535,2393,background
GSE274657,GSM8454235_Patient_8,GSE274657 | Patient_8,2402,2391,background
GSE274657,GSM8454235_Patient_8,GSE274657 | Patient_8,2269,2389,background
GSE274657,GSM8454235_Patient_8,GSE274657 | Patient_8,2136,2387,background
GSE274657,GSM8454235_Patient_8,GSE274657 | Patient_8,2003,2385,background
GSE274657,GSM8454235_Patient_8,GSE274657 | Patient_8,1870,2383,background
GSE274657,GSM8454235_Patient_8,GSE274657 | Patient_8,10316,2395,background
GSE274657,GSM8454235_Patient_8,GSE274657 | Patient_8,10183,2393,background
GSE274657,GSM8454235_Patient_8,GSE274657 | Patient_8,10050,2391,background
GSE274657,GSM8454235_Patient_8,GSE274657 | Patient_8,9917,2389,background
GSE274657,GSM8454235_Patient_8,GSE274657 | Patient_8,9784,2387,background
GSE274657,GSM8454235_Patient_8,GSE274657 | Patient_8,9651,2385,background
GSE274657,GSM8454235_Patient_8,GSE274657 | Patient_8,9518,2383,background
GSE274657,GSM8454235_Patient_8,GSE274657 | Patient_8,9385,2381,background
GSE274657,GSM8454235_Patient_8,GSE274657 | Patient_8,9252,2379,background
GSE274657,GSM8454235_Patient_8,GSE274657 | Patient_8,9119,2377,background
GSE274657,GSM8454235_Patient_8,GSE274657 | Patient_8,8986,2375,background
GSE274657,GSM8454235_Patient_8,GSE274657 | Patient_8,8853,2373,background
GSE274657,GSM8454235_Patient_8,GSE274657 | Patient_8,8720,2371,background
GSE274657,GSM8454235_Patient_8,GSE274657 | Patient_8,8587,2369,background
GSE274657,GSM8454235_Patient_8,GSE274657 | Patient_8,8454,2367,background
GSE274657,GSM8454235_Patient_8,GSE274657 | Patient_8,8321,2365,background
GSE274657,GSM8454235_Patient_8,GSE274657 | Patient_8,8188,2363,background
GSE274657,GSM8454235_Patient_8,GSE274657 | Patient_8,8055,2361,background
GSE274657,GSM8454235_Patient_8,GSE274657 | Patient_8,7922,2359,background
GSE274657,GSM8454235_Patient_8,GSE274657 | Patient_8,7789,2357,background
GSE274657,GSM8454235_Patient_8,GSE274657 | Patient_8,7656,2355,background
GSE274657,GSM8454235_Patient_8,GSE274657 | Patient_8,7523,2353,background
GSE274657,GSM8454235_Patient_8,GSE274657 | Patient_8,7390,2351,background
GSE274657,GSM8454235_Patient_8,GSE274657 | Patient_8,7257,2349,background
GSE274657,GSM8454235_Patient_8,GSE274657 | Patient_8,7124,2347,background
GSE274657,GSM8454235_Patient_8,GSE274657 | Patient_8,6991,2345,background
GSE274657,GSM8454235_Patient_8,GSE274657 | Patient_8,6858,2343,background
GSE274657,GSM8454235_Patient_8,GSE274657 | Patient_8,6725,2341,background
GSE274657,GSM8454235_Patient_8,GSE274657 | Patient_8,6592,2339,background
GSE274657,GSM8454235_Patient_8,GSE274657 | Patient_8,6459,2337,background
GSE274657,GSM8454235_Patient_8,GSE274657 | Patient_8,6326,2335,background
GSE274657,GSM8454235_Patient_8,GSE274657 | Patient_8,6193,2333,background
GSE274657,GSM8454235_Patient_8,GSE274657 | Patient_8,6060,2331,background
GSE274657,GSM8454235_Patient_8,GSE274657 | Patient_8,5928,2329,background
GSE274657,GSM8454235_Patient_8,GSE274657 | Patient_8,5795,2327,background
GSE274657,GSM8454235_Patient_8,GSE274657 | Patient_8,5662,2325,background
GSE274657,GSM8454235_Patient_8,GSE274657 | Patient_8,5529,2323,background
GSE274657,GSM8454235_Patient_8,GSE274657 | Patient_8,5396,2321,background
GSE274657,GSM8454235_Patient_8,GSE274657 | Patient_8,5263,2319,background
GSE274657,GSM8454235_Patient_8,GSE274657 | Patient_8,5130,2317,background
GSE274657,GSM8454235_Patient_8,GSE274657 | Patient_8,4997,2315,background
GSE274657,GSM8454235_Patient_8,GSE274657 | Patient_8,4864,2313,background
GSE274657,GSM8454235_Patient_8,GSE274657 | Patient_8,4731,2311,background
GSE274657,GSM8454235_Patient_8,GSE274657 | Patient_8,4598,2309,background
GSE274657,GSM8454235_Patient_8,GSE274657 | Patient_8,4465,2307,background
GSE274657,GSM8454235_Patient_8,GSE274657 | Patient_8,4332,2305,background
GSE274657,GSM8454235_Patient_8,GSE274657 | Patient_8,4199,2303,background
GSE274657,GSM8454235_Patient_8,GSE274657 | Patient_8,4066,2301,background
GSE274657,GSM8454235_Patient_8,GSE274657 | Patient_8,3933,2299,background
GSE274657,GSM8454235_Patient_8,GSE274657 | Patient_8,3800,2297,background
GSE274657,GSM8454235_Patient_8,GSE274657 | Patient_8,3667,2295,background
GSE274657,GSM8454235_Patient_8,GSE274657 | Patient_8,3534,2293,background
GSE274657,GSM8454235_Patient_8,GSE274657 | Patient_8,3401,2291,background
GSE274657,GSM8454235_Patient_8,GSE274657 | Patient_8,3268,2289,background
GSE274657,GSM8454235_Patient_8,GSE274657 | Patient_8,3135,2287,background
GSE274657,GSM8454235_Patient_8,GSE274657 | Patient_8,3002,2285,background
GSE274657,GSM8454235_Patient_8,GSE274657 | Patient_8,2869,2283,background
GSE274657,GSM8454235_Patient_8,GSE274657 | Patient_8,2736,2281,background
GSE274657,GSM8454235_Patient_8,GSE274657 | Patient_8,2603,2279,background
GSE274657,GSM8454235_Patient_8,GSE274657 | Patient_8,2470,2277,background
GSE274657,GSM8454235_Patient_8,GSE274657 | Patient_8,2337,2275,background
GSE274657,GSM8454235_Patient_8,GSE274657 | Patient_8,2204,2273,background
GSE274657,GSM8454235_Patient_8,GSE274657 | Patient_8,2071,2271,background
GSE274657,GSM8454235_Patient_8,GSE274657 | Patient_8,1938,2269,background
GSE274657,GSM8454235_Patient_8,GSE274657 | Patient_8,10251,2279,background
GSE274657,GSM8454235_Patient_8,GSE274657 | Patient_8,10118,2277,background
GSE274657,GSM8454235_Patient_8,GSE274657 | Patient_8,9985,2275,background
GSE274657,GSM8454235_Patient_8,GSE274657 | Patient_8,9852,2273,background
GSE274657,GSM8454235_Patient_8,GSE274657 | Patient_8,9719,2271,background
GSE274657,GSM8454235_Patient_8,GSE274657 | Patient_8,9586,2269,background
GSE274657,GSM8454235_Patient_8,GSE274657 | Patient_8,9453,2267,background
GSE274657,GSM8454235_Patient_8,GSE274657 | Patient_8,9320,2265,background
GSE274657,GSM8454235_Patient_8,GSE274657 | Patient_8,9187,2263,background
GSE274657,GSM8454235_Patient_8,GSE274657 | Patient_8,9054,2261,background
GSE274657,GSM8454235_Patient_8,GSE274657 | Patient_8,8921,2259,background
GSE274657,GSM8454235_Patient_8,GSE274657 | Patient_8,8788,2257,background
GSE274657,GSM8454235_Patient_8,GSE274657 | Patient_8,8655,2255,background
GSE274657,GSM8454235_Patient_8,GSE274657 | Patient_8,8522,2253,background
GSE274657,GSM8454235_Patient_8,GSE274657 | Patient_8,8389,2251,background
GSE274657,GSM8454235_Patient_8,GSE274657 | Patient_8,8256,2248,background
GSE274657,GSM8454235_Patient_8,GSE274657 | Patient_8,8123,2246,background
GSE274657,GSM8454235_Patient_8,GSE274657 | Patient_8,7990,2244,background
GSE274657,GSM8454235_Patient_8,GSE274657 | Patient_8,7857,2242,background
GSE274657,GSM8454235_Patient_8,GSE274657 | Patient_8,7724,2240,background
GSE274657,GSM8454235_Patient_8,GSE274657 | Patient_8,7591,2238,background
GSE274657,GSM8454235_Patient_8,GSE274657 | Patient_8,7458,2236,background
GSE274657,GSM8454235_Patient_8,GSE274657 | Patient_8,7325,2234,background
GSE274657,GSM8454235_Patient_8,GSE274657 | Patient_8,7192,2232,background
GSE274657,GSM8454235_Patient_8,GSE274657 | Patient_8,7060,2230,background
GSE274657,GSM8454235_Patient_8,GSE274657 | Patient_8,6927,2228,background
GSE274657,GSM8454235_Patient_8,GSE274657 | Patient_8,6794,2226,background
GSE274657,GSM8454235_Patient_8,GSE274657 | Patient_8,6661,2224,background
GSE274657,GSM8454235_Patient_8,GSE274657 | Patient_8,6528,2222,background
GSE274657,GSM8454235_Patient_8,GSE274657 | Patient_8,6395,2220,background
GSE274657,GSM8454235_Patient_8,GSE274657 | Patient_8,6262,2218,background
GSE274657,GSM8454235_Patient_8,GSE274657 | Patient_8,6129,2216,background
GSE274657,GSM8454235_Patient_8,GSE274657 | Patient_8,5996,2214,background
GSE274657,GSM8454235_Patient_8,GSE274657 | Patient_8,5863,2212,background
GSE274657,GSM8454235_Patient_8,GSE274657 | Patient_8,5730,2210,background
GSE274657,GSM8454235_Patient_8,GSE274657 | Patient_8,5597,2208,background
GSE274657,GSM8454235_Patient_8,GSE274657 | Patient_8,5464,2206,background
GSE274657,GSM8454235_Patient_8,GSE274657 | Patient_8,5331,2204,background
GSE274657,GSM8454235_Patient_8,GSE274657 | Patient_8,5198,2202,background
GSE274657,GSM8454235_Patient_8,GSE274657 | Patient_8,5065,2200,background
GSE274657,GSM8454235_Patient_8,GSE274657 | Patient_8,4932,2198,background
GSE274657,GSM8454235_Patient_8,GSE274657 | Patient_8,4799,2196,background
GSE274657,GSM8454235_Patient_8,GSE274657 | Patient_8,4666,2194,background
GSE274657,GSM8454235_Patient_8,GSE274657 | Patient_8,4533,2192,background
GSE274657,GSM8454235_Patient_8,GSE274657 | Patient_8,4400,2190,background
GSE274657,GSM8454235_Patient_8,GSE274657 | Patient_8,4267,2188,background
GSE274657,GSM8454235_Patient_8,GSE274657 | Patient_8,4134,2186,background
GSE274657,GSM8454235_Patient_8,GSE274657 | Patient_8,4001,2184,background
GSE274657,GSM8454235_Patient_8,GSE274657 | Patient_8,3868,2182,background
GSE274657,GSM8454235_Patient_8,GSE274657 | Patient_8,3735,2180,background
GSE274657,GSM8454235_Patient_8,GSE274657 | Patient_8,3602,2178,background
GSE274657,GSM8454235_Patient_8,GSE274657 | Patient_8,3469,2176,background
GSE274657,GSM8454235_Patient_8,GSE274657 | Patient_8,3336,2174,background
GSE274657,GSM8454235_Patient_8,GSE274657 | Patient_8,3203,2172,background
GSE274657,GSM8454235_Patient_8,GSE274657 | Patient_8,3070,2170,background
GSE274657,GSM8454235_Patient_8,GSE274657 | Patient_8,2937,2168,background
GSE274657,GSM8454235_Patient_8,GSE274657 | Patient_8,2804,2166,background
GSE274657,GSM8454235_Patient_8,GSE274657 | Patient_8,2671,2164,background
GSE274657,GSM8454235_Patient_8,GSE274657 | Patient_8,2538,2162,background
GSE274657,GSM8454235_Patient_8,GSE274657 | Patient_8,2406,2160,background
GSE274657,GSM8454235_Patient_8,GSE274657 | Patient_8,2273,2158,background
GSE274657,GSM8454235_Patient_8,GSE274657 | Patient_8,2140,2156,background
GSE274657,GSM8454235_Patient_8,GSE274657 | Patient_8,2007,2154,background
GSE274657,GSM8454235_Patient_8,GSE274657 | Patient_8,1874,2152,background
GSE274657,GSM8454235_Patient_8,GSE274657 | Patient_8,10319,2164,background
GSE274657,GSM8454235_Patient_8,GSE274657 | Patient_8,10186,2162,background
GSE274657,GSM8454235_Patient_8,GSE274657 | Patient_8,10053,2160,background
GSE274657,GSM8454235_Patient_8,GSE274657 | Patient_8,9920,2158,background
GSE274657,GSM8454235_Patient_8,GSE274657 | Patient_8,9787,2156,background
GSE274657,GSM8454235_Patient_8,GSE274657 | Patient_8,9654,2154,background
GSE274657,GSM8454235_Patient_8,GSE274657 | Patient_8,9521,2152,background
GSE274657,GSM8454235_Patient_8,GSE274657 | Patient_8,9388,2150,background
GSE274657,GSM8454235_Patient_8,GSE274657 | Patient_8,9255,2148,background
GSE274657,GSM8454235_Patient_8,GSE274657 | Patient_8,9122,2146,background
GSE274657,GSM8454235_Patient_8,GSE274657 | Patient_8,8989,2144,background
GSE274657,GSM8454235_Patient_8,GSE274657 | Patient_8,8856,2142,background
GSE274657,GSM8454235_Patient_8,GSE274657 | Patient_8,8723,2140,background
GSE274657,GSM8454235_Patient_8,GSE274657 | Patient_8,8590,2138,background
GSE274657,GSM8454235_Patient_8,GSE274657 | Patient_8,8457,2136,background
GSE274657,GSM8454235_Patient_8,GSE274657 | Patient_8,8324,2134,background
GSE274657,GSM8454235_Patient_8,GSE274657 | Patient_8,8192,2132,background
GSE274657,GSM8454235_Patient_8,GSE274657 | Patient_8,8059,2130,background
GSE274657,GSM8454235_Patient_8,GSE274657 | Patient_8,7926,2128,background
GSE274657,GSM8454235_Patient_8,GSE274657 | Patient_8,7793,2126,background
GSE274657,GSM8454235_Patient_8,GSE274657 | Patient_8,7660,2124,background
GSE274657,GSM8454235_Patient_8,GSE274657 | Patient_8,7527,2122,background
GSE274657,GSM8454235_Patient_8,GSE274657 | Patient_8,7394,2120,background
GSE274657,GSM8454235_Patient_8,GSE274657 | Patient_8,7261,2118,background
GSE274657,GSM8454235_Patient_8,GSE274657 | Patient_8,7128,2116,background
GSE274657,GSM8454235_Patient_8,GSE274657 | Patient_8,6995,2114,background
GSE274657,GSM8454235_Patient_8,GSE274657 | Patient_8,6862,2112,background
GSE274657,GSM8454235_Patient_8,GSE274657 | Patient_8,6729,2110,background
GSE274657,GSM8454235_Patient_8,GSE274657 | Patient_8,6596,2108,background
GSE274657,GSM8454235_Patient_8,GSE274657 | Patient_8,6463,2106,background
GSE274657,GSM8454235_Patient_8,GSE274657 | Patient_8,6330,2104,background
GSE274657,GSM8454235_Patient_8,GSE274657 | Patient_8,6197,2102,background
GSE274657,GSM8454235_Patient_8,GSE274657 | Patient_8,6064,2100,background
GSE274657,GSM8454235_Patient_8,GSE274657 | Patient_8,5931,2098,background
GSE274657,GSM8454235_Patient_8,GSE274657 | Patient_8,5798,2096,background
GSE274657,GSM8454235_Patient_8,GSE274657 | Patient_8,5665,2094,background
GSE274657,GSM8454235_Patient_8,GSE274657 | Patient_8,5532,2092,background
GSE274657,GSM8454235_Patient_8,GSE274657 | Patient_8,5399,2090,background
GSE274657,GSM8454235_Patient_8,GSE274657 | Patient_8,5266,2088,background
GSE274657,GSM8454235_Patient_8,GSE274657 | Patient_8,5133,2086,background
GSE274657,GSM8454235_Patient_8,GSE274657 | Patient_8,5000,2084,background
GSE274657,GSM8454235_Patient_8,GSE274657 | Patient_8,4867,2082,background
GSE274657,GSM8454235_Patient_8,GSE274657 | Patient_8,4734,2080,background
GSE274657,GSM8454235_Patient_8,GSE274657 | Patient_8,4601,2078,background
GSE274657,GSM8454235_Patient_8,GSE274657 | Patient_8,4468,2075,background
GSE274657,GSM8454235_Patient_8,GSE274657 | Patient_8,4335,2073,background
GSE274657,GSM8454235_Patient_8,GSE274657 | Patient_8,4202,2071,background
GSE274657,GSM8454235_Patient_8,GSE274657 | Patient_8,4069,2069,background
GSE274657,GSM8454235_Patient_8,GSE274657 | Patient_8,3936,2067,background
GSE274657,GSM8454235_Patient_8,GSE274657 | Patient_8,3803,2065,background
GSE274657,GSM8454235_Patient_8,GSE274657 | Patient_8,3670,2063,background
GSE274657,GSM8454235_Patient_8,GSE274657 | Patient_8,3538,2061,background
GSE274657,GSM8454235_Patient_8,GSE274657 | Patient_8,3405,2059,background
GSE274657,GSM8454235_Patient_8,GSE274657 | Patient_8,3272,2057,background
GSE274657,GSM8454235_Patient_8,GSE274657 | Patient_8,3139,2055,background
GSE274657,GSM8454235_Patient_8,GSE274657 | Patient_8,3006,2053,background
GSE274657,GSM8454235_Patient_8,GSE274657 | Patient_8,2873,2051,background
GSE274657,GSM8454235_Patient_8,GSE274657 | Patient_8,2740,2049,background
GSE274657,GSM8454235_Patient_8,GSE274657 | Patient_8,2607,2047,background
GSE274657,GSM8454235_Patient_8,GSE274657 | Patient_8,2474,2045,background
GSE274657,GSM8454235_Patient_8,GSE274657 | Patient_8,2341,2043,background
GSE274657,GSM8454235_Patient_8,GSE274657 | Patient_8,2208,2041,background
GSE274657,GSM8454235_Patient_8,GSE274657 | Patient_8,2075,2039,background
GSE274657,GSM8454235_Patient_8,GSE274657 | Patient_8,1942,2037,background
GSE274657,GSM8454235_Patient_8,GSE274657 | Patient_8,10254,2047,background
GSE274657,GSM8454235_Patient_8,GSE274657 | Patient_8,10121,2045,background
GSE274657,GSM8454235_Patient_8,GSE274657 | Patient_8,9988,2043,background
GSE274657,GSM8454235_Patient_8,GSE274657 | Patient_8,9855,2041,background
GSE274657,GSM8454235_Patient_8,GSE274657 | Patient_8,9722,2039,background
GSE274657,GSM8454235_Patient_8,GSE274657 | Patient_8,9589,2037,background
GSE274657,GSM8454235_Patient_8,GSE274657 | Patient_8,9456,2035,background
GSE274657,GSM8454235_Patient_8,GSE274657 | Patient_8,9324,2033,background
GSE274657,GSM8454235_Patient_8,GSE274657 | Patient_8,9191,2031,background
GSE274657,GSM8454235_Patient_8,GSE274657 | Patient_8,9058,2029,background
GSE274657,GSM8454235_Patient_8,GSE274657 | Patient_8,8925,2027,background
GSE274657,GSM8454235_Patient_8,GSE274657 | Patient_8,8792,2025,background
GSE274657,GSM8454235_Patient_8,GSE274657 | Patient_8,8659,2023,background
GSE274657,GSM8454235_Patient_8,GSE274657 | Patient_8,8526,2021,background
GSE274657,GSM8454235_Patient_8,GSE274657 | Patient_8,8393,2019,background
GSE274657,GSM8454235_Patient_8,GSE274657 | Patient_8,8260,2017,background
GSE274657,GSM8454235_Patient_8,GSE274657 | Patient_8,8127,2015,background
GSE274657,GSM8454235_Patient_8,GSE274657 | Patient_8,7994,2013,background
GSE274657,GSM8454235_Patient_8,GSE274657 | Patient_8,7861,2011,background
GSE274657,GSM8454235_Patient_8,GSE274657 | Patient_8,7728,2009,background
GSE274657,GSM8454235_Patient_8,GSE274657 | Patient_8,7595,2007,background
GSE274657,GSM8454235_Patient_8,GSE274657 | Patient_8,7462,2005,background
GSE274657,GSM8454235_Patient_8,GSE274657 | Patient_8,7329,2003,background
GSE274657,GSM8454235_Patient_8,GSE274657 | Patient_8,7196,2001,background
GSE274657,GSM8454235_Patient_8,GSE274657 | Patient_8,7063,1999,background
GSE274657,GSM8454235_Patient_8,GSE274657 | Patient_8,6930,1997,background
GSE274657,GSM8454235_Patient_8,GSE274657 | Patient_8,6797,1995,background
GSE274657,GSM8454235_Patient_8,GSE274657 | Patient_8,6664,1993,background
GSE274657,GSM8454235_Patient_8,GSE274657 | Patient_8,6531,1991,background
GSE274657,GSM8454235_Patient_8,GSE274657 | Patient_8,6398,1989,background
GSE274657,GSM8454235_Patient_8,GSE274657 | Patient_8,6265,1987,background
GSE274657,GSM8454235_Patient_8,GSE274657 | Patient_8,6132,1985,background
GSE274657,GSM8454235_Patient_8,GSE274657 | Patient_8,5999,1983,background
GSE274657,GSM8454235_Patient_8,GSE274657 | Patient_8,5866,1981,background
GSE274657,GSM8454235_Patient_8,GSE274657 | Patient_8,5733,1979,background
GSE274657,GSM8454235_Patient_8,GSE274657 | Patient_8,5600,1977,background
GSE274657,GSM8454235_Patient_8,GSE274657 | Patient_8,5467,1975,background
GSE274657,GSM8454235_Patient_8,GSE274657 | Patient_8,5334,1973,background
GSE274657,GSM8454235_Patient_8,GSE274657 | Patient_8,5201,1971,background
GSE274657,GSM8454235_Patient_8,GSE274657 | Patient_8,5068,1969,background
GSE274657,GSM8454235_Patient_8,GSE274657 | Patient_8,4935,1967,background
GSE274657,GSM8454235_Patient_8,GSE274657 | Patient_8,4802,1965,background
GSE274657,GSM8454235_Patient_8,GSE274657 | Patient_8,4670,1963,background
GSE274657,GSM8454235_Patient_8,GSE274657 | Patient_8,4537,1961,background
GSE274657,GSM8454235_Patient_8,GSE274657 | Patient_8,4404,1959,background
GSE274657,GSM8454235_Patient_8,GSE274657 | Patient_8,4271,1957,background
GSE274657,GSM8454235_Patient_8,GSE274657 | Patient_8,4138,1955,background
GSE274657,GSM8454235_Patient_8,GSE274657 | Patient_8,4005,1953,background
GSE274657,GSM8454235_Patient_8,GSE274657 | Patient_8,3872,1951,background
GSE274657,GSM8454235_Patient_8,GSE274657 | Patient_8,3739,1949,background
GSE274657,GSM8454235_Patient_8,GSE274657 | Patient_8,3606,1947,background
GSE274657,GSM8454235_Patient_8,GSE274657 | Patient_8,3473,1945,background
GSE274657,GSM8454235_Patient_8,GSE274657 | Patient_8,3340,1943,background
GSE274657,GSM8454235_Patient_8,GSE274657 | Patient_8,3207,1941,background
GSE274657,GSM8454235_Patient_8,GSE274657 | Patient_8,3074,1939,background
GSE274657,GSM8454235_Patient_8,GSE274657 | Patient_8,2941,1937,background
GSE274657,GSM8454235_Patient_8,GSE274657 | Patient_8,2808,1935,background
GSE274657,GSM8454235_Patient_8,GSE274657 | Patient_8,2675,1933,background
GSE274657,GSM8454235_Patient_8,GSE274657 | Patient_8,2542,1931,background
GSE274657,GSM8454235_Patient_8,GSE274657 | Patient_8,2409,1929,background
GSE274657,GSM8454235_Patient_8,GSE274657 | Patient_8,2276,1927,background
GSE274657,GSM8454235_Patient_8,GSE274657 | Patient_8,2143,1925,background
GSE274657,GSM8454235_Patient_8,GSE274657 | Patient_8,2010,1923,background
GSE274657,GSM8454235_Patient_8,GSE274657 | Patient_8,1877,1921,background
GSE274657,GSM8454235_Patient_8,GSE274657 | Patient_8,10323,1933,background
GSE274657,GSM8454235_Patient_8,GSE274657 | Patient_8,10190,1931,background
GSE274657,GSM8454235_Patient_8,GSE274657 | Patient_8,10057,1929,background
GSE274657,GSM8454235_Patient_8,GSE274657 | Patient_8,9924,1927,background
GSE274657,GSM8454235_Patient_8,GSE274657 | Patient_8,9791,1925,background
GSE274657,GSM8454235_Patient_8,GSE274657 | Patient_8,9658,1923,background
GSE274657,GSM8454235_Patient_8,GSE274657 | Patient_8,9525,1921,background
GSE274657,GSM8454235_Patient_8,GSE274657 | Patient_8,9392,1919,background
GSE274657,GSM8454235_Patient_8,GSE274657 | Patient_8,9259,1917,background
GSE274657,GSM8454235_Patient_8,GSE274657 | Patient_8,9126,1915,background
GSE274657,GSM8454235_Patient_8,GSE274657 | Patient_8,8993,1913,background
GSE274657,GSM8454235_Patient_8,GSE274657 | Patient_8,8860,1910,background
GSE274657,GSM8454235_Patient_8,GSE274657 | Patient_8,8727,1908,background
GSE274657,GSM8454235_Patient_8,GSE274657 | Patient_8,8594,1906,background
GSE274657,GSM8454235_Patient_8,GSE274657 | Patient_8,8461,1904,background
GSE274657,GSM8454235_Patient_8,GSE274657 | Patient_8,8328,1902,background
GSE274657,GSM8454235_Patient_8,GSE274657 | Patient_8,8195,1900,background
GSE274657,GSM8454235_Patient_8,GSE274657 | Patient_8,8062,1898,background
GSE274657,GSM8454235_Patient_8,GSE274657 | Patient_8,7929,1896,background
GSE274657,GSM8454235_Patient_8,GSE274657 | Patient_8,7796,1894,background
GSE274657,GSM8454235_Patient_8,GSE274657 | Patient_8,7663,1892,background
GSE274657,GSM8454235_Patient_8,GSE274657 | Patient_8,7530,1890,background
GSE274657,GSM8454235_Patient_8,GSE274657 | Patient_8,7397,1888,background
GSE274657,GSM8454235_Patient_8,GSE274657 | Patient_8,7264,1886,background
GSE274657,GSM8454235_Patient_8,GSE274657 | Patient_8,7131,1884,background
GSE274657,GSM8454235_Patient_8,GSE274657 | Patient_8,6998,1882,background
GSE274657,GSM8454235_Patient_8,GSE274657 | Patient_8,6865,1880,background
GSE274657,GSM8454235_Patient_8,GSE274657 | Patient_8,6732,1878,background
GSE274657,GSM8454235_Patient_8,GSE274657 | Patient_8,6599,1876,background
GSE274657,GSM8454235_Patient_8,GSE274657 | Patient_8,6466,1874,background
GSE274657,GSM8454235_Patient_8,GSE274657 | Patient_8,6333,1872,background
GSE274657,GSM8454235_Patient_8,GSE274657 | Patient_8,6200,1870,background
GSE274657,GSM8454235_Patient_8,GSE274657 | Patient_8,6067,1868,background
GSE274657,GSM8454235_Patient_8,GSE274657 | Patient_8,5935,1866,background
GSE274657,GSM8454235_Patient_8,GSE274657 | Patient_8,5802,1864,background
GSE274657,GSM8454235_Patient_8,GSE274657 | Patient_8,5669,1862,background
GSE274657,GSM8454235_Patient_8,GSE274657 | Patient_8,5536,1860,background
GSE274657,GSM8454235_Patient_8,GSE274657 | Patient_8,5403,1858,background
GSE274657,GSM8454235_Patient_8,GSE274657 | Patient_8,5270,1856,background
GSE274657,GSM8454235_Patient_8,GSE274657 | Patient_8,5137,1854,background
GSE274657,GSM8454235_Patient_8,GSE274657 | Patient_8,5004,1852,background
GSE274657,GSM8454235_Patient_8,GSE274657 | Patient_8,4871,1850,background
GSE274657,GSM8454235_Patient_8,GSE274657 | Patient_8,4738,1848,background
GSE274657,GSM8454235_Patient_8,GSE274657 | Patient_8,4605,1846,background
GSE274657,GSM8454235_Patient_8,GSE274657 | Patient_8,4472,1844,background
GSE274657,GSM8454235_Patient_8,GSE274657 | Patient_8,4339,1842,background
GSE274657,GSM8454235_Patient_8,GSE274657 | Patient_8,4206,1840,background
GSE274657,GSM8454235_Patient_8,GSE274657 | Patient_8,4073,1838,background
GSE274657,GSM8454235_Patient_8,GSE274657 | Patient_8,3940,1836,background
GSE274657,GSM8454235_Patient_8,GSE274657 | Patient_8,3807,1834,background
GSE274657,GSM8454235_Patient_8,GSE274657 | Patient_8,3674,1832,background
GSE274657,GSM8454235_Patient_8,GSE274657 | Patient_8,3541,1830,background
GSE274657,GSM8454235_Patient_8,GSE274657 | Patient_8,3408,1828,background
GSE274657,GSM8454235_Patient_8,GSE274657 | Patient_8,3275,1826,background
GSE274657,GSM8454235_Patient_8,GSE274657 | Patient_8,3142,1824,background
GSE274657,GSM8454235_Patient_8,GSE274657 | Patient_8,3009,1822,background
GSE274657,GSM8454235_Patient_8,GSE274657 | Patient_8,2876,1820,background
GSE274657,GSM8454235_Patient_8,GSE274657 | Patient_8,2743,1818,background
GSE274657,GSM8454235_Patient_8,GSE274657 | Patient_8,2610,1816,background
GSE274657,GSM8454235_Patient_8,GSE274657 | Patient_8,2477,1814,background
GSE274657,GSM8454235_Patient_8,GSE274657 | Patient_8,2344,1812,background
GSE274657,GSM8454235_Patient_8,GSE274657 | Patient_8,2211,1810,background
GSE274657,GSM8454235_Patient_8,GSE274657 | Patient_8,2078,1808,background
GSE274657,GSM8454235_Patient_8,GSE274657 | Patient_8,1945,1806,background
GSE274657,GSM8454235_Patient_8,GSE274657 | Patient_8,10258,1816,background
GSE274657,GSM8454235_Patient_8,GSE274657 | Patient_8,10125,1814,background
GSE274657,GSM8454235_Patient_8,GSE274657 | Patient_8,9992,1812,background
GSE274657,GSM8454235_Patient_8,GSE274657 | Patient_8,9859,1810,background
GSE274657,GSM8454235_Patient_8,GSE274657 | Patient_8,9726,1808,background
GSE274657,GSM8454235_Patient_8,GSE274657 | Patient_8,9593,1806,background
GSE274657,GSM8454235_Patient_8,GSE274657 | Patient_8,9460,1804,background
GSE274657,GSM8454235_Patient_8,GSE274657 | Patient_8,9327,1802,background
GSE274657,GSM8454235_Patient_8,GSE274657 | Patient_8,9194,1800,background
GSE274657,GSM8454235_Patient_8,GSE274657 | Patient_8,9061,1798,background
GSE274657,GSM8454235_Patient_8,GSE274657 | Patient_8,8928,1796,background
GSE274657,GSM8454235_Patient_8,GSE274657 | Patient_8,8795,1794,background
GSE274657,GSM8454235_Patient_8,GSE274657 | Patient_8,8662,1792,background
GSE274657,GSM8454235_Patient_8,GSE274657 | Patient_8,8529,1790,background
GSE274657,GSM8454235_Patient_8,GSE274657 | Patient_8,8396,1788,background
GSE274657,GSM8454235_Patient_8,GSE274657 | Patient_8,8263,1786,background
GSE274657,GSM8454235_Patient_8,GSE274657 | Patient_8,8130,1784,background
GSE274657,GSM8454235_Patient_8,GSE274657 | Patient_8,7997,1782,background
GSE274657,GSM8454235_Patient_8,GSE274657 | Patient_8,7864,1780,background
GSE274657,GSM8454235_Patient_8,GSE274657 | Patient_8,7731,1778,background
GSE274657,GSM8454235_Patient_8,GSE274657 | Patient_8,7598,1776,background
GSE274657,GSM8454235_Patient_8,GSE274657 | Patient_8,7465,1774,background
GSE274657,GSM8454235_Patient_8,GSE274657 | Patient_8,7332,1772,background
GSE274657,GSM8454235_Patient_8,GSE274657 | Patient_8,7199,1770,background
GSE274657,GSM8454235_Patient_8,GSE274657 | Patient_8,7067,1768,background
GSE274657,GSM8454235_Patient_8,GSE274657 | Patient_8,6934,1766,background
GSE274657,GSM8454235_Patient_8,GSE274657 | Patient_8,6801,1764,background
GSE274657,GSM8454235_Patient_8,GSE274657 | Patient_8,6668,1762,background
GSE274657,GSM8454235_Patient_8,GSE274657 | Patient_8,6535,1760,background
GSE274657,GSM8454235_Patient_8,GSE274657 | Patient_8,6402,1758,background
GSE274657,GSM8454235_Patient_8,GSE274657 | Patient_8,6269,1756,background
GSE274657,GSM8454235_Patient_8,GSE274657 | Patient_8,6136,1754,background
GSE274657,GSM8454235_Patient_8,GSE274657 | Patient_8,6003,1752,background
GSE274657,GSM8454235_Patient_8,GSE274657 | Patient_8,5870,1750,background
GSE274657,GSM8454235_Patient_8,GSE274657 | Patient_8,5737,1748,background
GSE274657,GSM8454235_Patient_8,GSE274657 | Patient_8,5604,1746,background
GSE274657,GSM8454235_Patient_8,GSE274657 | Patient_8,5471,1744,background
GSE274657,GSM8454235_Patient_8,GSE274657 | Patient_8,5338,1742,background
GSE274657,GSM8454235_Patient_8,GSE274657 | Patient_8,5205,1740,background
GSE274657,GSM8454235_Patient_8,GSE274657 | Patient_8,5072,1737,background
GSE274657,GSM8454235_Patient_8,GSE274657 | Patient_8,4939,1735,background
GSE274657,GSM8454235_Patient_8,GSE274657 | Patient_8,4806,1733,background
GSE274657,GSM8454235_Patient_8,GSE274657 | Patient_8,4673,1731,background
GSE274657,GSM8454235_Patient_8,GSE274657 | Patient_8,4540,1729,background
GSE274657,GSM8454235_Patient_8,GSE274657 | Patient_8,4407,1727,background
GSE274657,GSM8454235_Patient_8,GSE274657 | Patient_8,4274,1725,background
GSE274657,GSM8454235_Patient_8,GSE274657 | Patient_8,4141,1723,background
GSE274657,GSM8454235_Patient_8,GSE274657 | Patient_8,4008,1721,background
GSE274657,GSM8454235_Patient_8,GSE274657 | Patient_8,3875,1719,background
GSE274657,GSM8454235_Patient_8,GSE274657 | Patient_8,3742,1717,background
GSE274657,GSM8454235_Patient_8,GSE274657 | Patient_8,3609,1715,background
GSE274657,GSM8454235_Patient_8,GSE274657 | Patient_8,3476,1713,background
GSE274657,GSM8454235_Patient_8,GSE274657 | Patient_8,3343,1711,background
GSE274657,GSM8454235_Patient_8,GSE274657 | Patient_8,3210,1709,background
GSE274657,GSM8454235_Patient_8,GSE274657 | Patient_8,3077,1707,background
GSE274657,GSM8454235_Patient_8,GSE274657 | Patient_8,2944,1705,background
GSE274657,GSM8454235_Patient_8,GSE274657 | Patient_8,2811,1703,background
GSE274657,GSM8454235_Patient_8,GSE274657 | Patient_8,2678,1701,background
GSE274657,GSM8454235_Patient_8,GSE274657 | Patient_8,2545,1699,background
GSE274657,GSM8454235_Patient_8,GSE274657 | Patient_8,2413,1697,background
GSE274657,GSM8454235_Patient_8,GSE274657 | Patient_8,2280,1695,background
GSE274657,GSM8454235_Patient_8,GSE274657 | Patient_8,2147,1693,background
GSE274657,GSM8454235_Patient_8,GSE274657 | Patient_8,2014,1691,background
GSE274657,GSM8454235_Patient_8,GSE274657 | Patient_8,1881,1689,background
GSE274657,GSM8454235_Patient_8,GSE274657 | Patient_8,10326,1701,background
GSE274657,GSM8454235_Patient_8,GSE274657 | Patient_8,10193,1699,background
GSE274657,GSM8454235_Patient_8,GSE274657 | Patient_8,10060,1697,background
GSE274657,GSM8454235_Patient_8,GSE274657 | Patient_8,9927,1695,background
GSE274657,GSM8454235_Patient_8,GSE274657 | Patient_8,9794,1693,background
GSE274657,GSM8454235_Patient_8,GSE274657 | Patient_8,9661,1691,background
GSE274657,GSM8454235_Patient_8,GSE274657 | Patient_8,9528,1689,background
GSE274657,GSM8454235_Patient_8,GSE274657 | Patient_8,9395,1687,background
GSE274657,GSM8454235_Patient_8,GSE274657 | Patient_8,9262,1685,background
GSE274657,GSM8454235_Patient_8,GSE274657 | Patient_8,9129,1683,background
GSE274657,GSM8454235_Patient_8,GSE274657 | Patient_8,8996,1681,background
GSE274657,GSM8454235_Patient_8,GSE274657 | Patient_8,8863,1679,background
GSE274657,GSM8454235_Patient_8,GSE274657 | Patient_8,8730,1677,background
GSE274657,GSM8454235_Patient_8,GSE274657 | Patient_8,8597,1675,background
GSE274657,GSM8454235_Patient_8,GSE274657 | Patient_8,8464,1673,background
GSE274657,GSM8454235_Patient_8,GSE274657 | Patient_8,8331,1671,background
GSE274657,GSM8454235_Patient_8,GSE274657 | Patient_8,8199,1669,background
GSE274657,GSM8454235_Patient_8,GSE274657 | Patient_8,8066,1667,background
GSE274657,GSM8454235_Patient_8,GSE274657 | Patient_8,7933,1665,background
GSE274657,GSM8454235_Patient_8,GSE274657 | Patient_8,7800,1663,background
GSE274657,GSM8454235_Patient_8,GSE274657 | Patient_8,7667,1661,background
GSE274657,GSM8454235_Patient_8,GSE274657 | Patient_8,7534,1659,background
GSE274657,GSM8454235_Patient_8,GSE274657 | Patient_8,7401,1657,background
GSE274657,GSM8454235_Patient_8,GSE274657 | Patient_8,7268,1655,background
GSE274657,GSM8454235_Patient_8,GSE274657 | Patient_8,7135,1653,background
GSE274657,GSM8454235_Patient_8,GSE274657 | Patient_8,7002,1651,background
GSE274657,GSM8454235_Patient_8,GSE274657 | Patient_8,6869,1649,background
GSE274657,GSM8454235_Patient_8,GSE274657 | Patient_8,6736,1647,background
GSE274657,GSM8454235_Patient_8,GSE274657 | Patient_8,6603,1645,background
GSE274657,GSM8454235_Patient_8,GSE274657 | Patient_8,6470,1643,background
GSE274657,GSM8454235_Patient_8,GSE274657 | Patient_8,6337,1641,background
GSE274657,GSM8454235_Patient_8,GSE274657 | Patient_8,6204,1639,background
GSE274657,GSM8454235_Patient_8,GSE274657 | Patient_8,6071,1637,background
GSE274657,GSM8454235_Patient_8,GSE274657 | Patient_8,5938,1635,background
GSE274657,GSM8454235_Patient_8,GSE274657 | Patient_8,5805,1633,background
GSE274657,GSM8454235_Patient_8,GSE274657 | Patient_8,5672,1631,background
GSE274657,GSM8454235_Patient_8,GSE274657 | Patient_8,5539,1629,background
GSE274657,GSM8454235_Patient_8,GSE274657 | Patient_8,5406,1627,background
GSE274657,GSM8454235_Patient_8,GSE274657 | Patient_8,5273,1625,background
GSE274657,GSM8454235_Patient_8,GSE274657 | Patient_8,5140,1623,background
GSE274657,GSM8454235_Patient_8,GSE274657 | Patient_8,5007,1621,background
GSE274657,GSM8454235_Patient_8,GSE274657 | Patient_8,4874,1619,background
GSE274657,GSM8454235_Patient_8,GSE274657 | Patient_8,4741,1617,background
GSE274657,GSM8454235_Patient_8,GSE274657 | Patient_8,4608,1615,background
GSE274657,GSM8454235_Patient_8,GSE274657 | Patient_8,4475,1613,background
GSE274657,GSM8454235_Patient_8,GSE274657 | Patient_8,4342,1611,background
GSE274657,GSM8454235_Patient_8,GSE274657 | Patient_8,4209,1609,background
GSE274657,GSM8454235_Patient_8,GSE274657 | Patient_8,4076,1607,background
GSE274657,GSM8454235_Patient_8,GSE274657 | Patient_8,3943,1605,background
GSE274657,GSM8454235_Patient_8,GSE274657 | Patient_8,3810,1603,background
GSE274657,GSM8454235_Patient_8,GSE274657 | Patient_8,3677,1601,background
GSE274657,GSM8454235_Patient_8,GSE274657 | Patient_8,3545,1599,background
GSE274657,GSM8454235_Patient_8,GSE274657 | Patient_8,3412,1597,background
GSE274657,GSM8454235_Patient_8,GSE274657 | Patient_8,3279,1595,background
GSE274657,GSM8454235_Patient_8,GSE274657 | Patient_8,3146,1593,background
GSE274657,GSM8454235_Patient_8,GSE274657 | Patient_8,3013,1591,background
GSE274657,GSM8454235_Patient_8,GSE274657 | Patient_8,2880,1589,background
GSE274657,GSM8454235_Patient_8,GSE274657 | Patient_8,2747,1587,background
GSE274657,GSM8454235_Patient_8,GSE274657 | Patient_8,2614,1585,background
GSE274657,GSM8454235_Patient_8,GSE274657 | Patient_8,2481,1583,background
GSE274657,GSM8454235_Patient_8,GSE274657 | Patient_8,2348,1581,background
GSE274657,GSM8454235_Patient_8,GSE274657 | Patient_8,2215,1579,background
GSE274657,GSM8454235_Patient_8,GSE274657 | Patient_8,2082,1577,background
GSE274657,GSM8454235_Patient_8,GSE274657 | Patient_8,1949,1575,background
GSE274657,GSM8454235_Patient_8,GSE274657 | Patient_8,10261,1585,background
GSE274657,GSM8454235_Patient_8,GSE274657 | Patient_8,10128,1583,background
GSE274657,GSM8454235_Patient_8,GSE274657 | Patient_8,9995,1581,background
GSE274657,GSM8454235_Patient_8,GSE274657 | Patient_8,9862,1579,background
GSE274657,GSM8454235_Patient_8,GSE274657 | Patient_8,9729,1577,background
GSE274657,GSM8454235_Patient_8,GSE274657 | Patient_8,9596,1574,background
GSE274657,GSM8454235_Patient_8,GSE274657 | Patient_8,9463,1572,background
GSE274657,GSM8454235_Patient_8,GSE274657 | Patient_8,9331,1570,background
GSE274657,GSM8454235_Patient_8,GSE274657 | Patient_8,9198,1568,background
GSE274657,GSM8454235_Patient_8,GSE274657 | Patient_8,9065,1566,background
GSE274657,GSM8454235_Patient_8,GSE274657 | Patient_8,8932,1564,background
GSE274657,GSM8454235_Patient_8,GSE274657 | Patient_8,8799,1562,background
GSE274657,GSM8454235_Patient_8,GSE274657 | Patient_8,8666,1560,background
GSE274657,GSM8454235_Patient_8,GSE274657 | Patient_8,8533,1558,background
GSE274657,GSM8454235_Patient_8,GSE274657 | Patient_8,8400,1556,background
GSE274657,GSM8454235_Patient_8,GSE274657 | Patient_8,8267,1554,background
GSE274657,GSM8454235_Patient_8,GSE274657 | Patient_8,8134,1552,background
GSE274657,GSM8454235_Patient_8,GSE274657 | Patient_8,8001,1550,background
GSE274657,GSM8454235_Patient_8,GSE274657 | Patient_8,7868,1548,background
GSE274657,GSM8454235_Patient_8,GSE274657 | Patient_8,7735,1546,background
GSE274657,GSM8454235_Patient_8,GSE274657 | Patient_8,7602,1544,background
GSE274657,GSM8454235_Patient_8,GSE274657 | Patient_8,7469,1542,background
GSE274657,GSM8454235_Patient_8,GSE274657 | Patient_8,7336,1540,background
GSE274657,GSM8454235_Patient_8,GSE274657 | Patient_8,7203,1538,background
GSE274657,GSM8454235_Patient_8,GSE274657 | Patient_8,7070,1536,background
GSE274657,GSM8454235_Patient_8,GSE274657 | Patient_8,6937,1534,background
GSE274657,GSM8454235_Patient_8,GSE274657 | Patient_8,6804,1532,background
GSE274657,GSM8454235_Patient_8,GSE274657 | Patient_8,6671,1530,background
GSE274657,GSM8454235_Patient_8,GSE274657 | Patient_8,6538,1528,background
GSE274657,GSM8454235_Patient_8,GSE274657 | Patient_8,6405,1526,background
GSE274657,GSM8454235_Patient_8,GSE274657 | Patient_8,6272,1524,background
GSE274657,GSM8454235_Patient_8,GSE274657 | Patient_8,6139,1522,background
GSE274657,GSM8454235_Patient_8,GSE274657 | Patient_8,6006,1520,background
GSE274657,GSM8454235_Patient_8,GSE274657 | Patient_8,5873,1518,background
GSE274657,GSM8454235_Patient_8,GSE274657 | Patient_8,5740,1516,background
GSE274657,GSM8454235_Patient_8,GSE274657 | Patient_8,5607,1514,background
GSE274657,GSM8454235_Patient_8,GSE274657 | Patient_8,5474,1512,background
GSE274657,GSM8454235_Patient_8,GSE274657 | Patient_8,5341,1510,background
GSE274657,GSM8454235_Patient_8,GSE274657 | Patient_8,5208,1508,background
GSE274657,GSM8454235_Patient_8,GSE274657 | Patient_8,5075,1506,background
GSE274657,GSM8454235_Patient_8,GSE274657 | Patient_8,4942,1504,background
GSE274657,GSM8454235_Patient_8,GSE274657 | Patient_8,4809,1502,background
GSE274657,GSM8454235_Patient_8,GSE274657 | Patient_8,4677,1500,background
GSE274657,GSM8454235_Patient_8,GSE274657 | Patient_8,4544,1498,background
GSE274657,GSM8454235_Patient_8,GSE274657 | Patient_8,4411,1496,background
GSE274657,GSM8454235_Patient_8,GSE274657 | Patient_8,4278,1494,background
GSE274657,GSM8454235_Patient_8,GSE274657 | Patient_8,4145,1492,background
GSE274657,GSM8454235_Patient_8,GSE274657 | Patient_8,4012,1490,background
GSE274657,GSM8454235_Patient_8,GSE274657 | Patient_8,3879,1488,background
GSE274657,GSM8454235_Patient_8,GSE274657 | Patient_8,3746,1486,background
GSE274657,GSM8454235_Patient_8,GSE274657 | Patient_8,3613,1484,background
GSE274657,GSM8454235_Patient_8,GSE274657 | Patient_8,3480,1482,background
GSE274657,GSM8454235_Patient_8,GSE274657 | Patient_8,3347,1480,background
GSE274657,GSM8454235_Patient_8,GSE274657 | Patient_8,3214,1478,background
GSE274657,GSM8454235_Patient_8,GSE274657 | Patient_8,3081,1476,background
GSE274657,GSM8454235_Patient_8,GSE274657 | Patient_8,2948,1474,background
GSE274657,GSM8454235_Patient_8,GSE274657 | Patient_8,2815,1472,background
GSE274657,GSM8454235_Patient_8,GSE274657 | Patient_8,2682,1470,background
GSE274657,GSM8454235_Patient_8,GSE274657 | Patient_8,2549,1468,background
GSE274657,GSM8454235_Patient_8,GSE274657 | Patient_8,2416,1466,background
GSE274657,GSM8454235_Patient_8,GSE274657 | Patient_8,2283,1464,background
GSE274657,GSM8454235_Patient_8,GSE274657 | Patient_8,2150,1462,background
GSE274657,GSM8454235_Patient_8,GSE274657 | Patient_8,2017,1460,background
GSE274657,GSM8454235_Patient_8,GSE274657 | Patient_8,1884,1458,background
GSE274657,GSM8454235_Patient_8,GSE274657 | Patient_8,10330,1470,background
GSE274657,GSM8454235_Patient_8,GSE274657 | Patient_8,10197,1468,background
GSE274657,GSM8454235_Patient_8,GSE274657 | Patient_8,10064,1466,background
GSE274657,GSM8454235_Patient_8,GSE274657 | Patient_8,9931,1464,background
GSE274657,GSM8454235_Patient_8,GSE274657 | Patient_8,9798,1462,background
GSE274657,GSM8454235_Patient_8,GSE274657 | Patient_8,9665,1460,background
GSE274657,GSM8454235_Patient_8,GSE274657 | Patient_8,9532,1458,background
GSE274657,GSM8454235_Patient_8,GSE274657 | Patient_8,9399,1456,background
GSE274657,GSM8454235_Patient_8,GSE274657 | Patient_8,9266,1454,background
GSE274657,GSM8454235_Patient_8,GSE274657 | Patient_8,9133,1452,background
GSE274657,GSM8454235_Patient_8,GSE274657 | Patient_8,9000,1450,background
GSE274657,GSM8454235_Patient_8,GSE274657 | Patient_8,8867,1448,background
GSE274657,GSM8454235_Patient_8,GSE274657 | Patient_8,8734,1446,background
GSE274657,GSM8454235_Patient_8,GSE274657 | Patient_8,8601,1444,background
GSE274657,GSM8454235_Patient_8,GSE274657 | Patient_8,8468,1442,background
GSE274657,GSM8454235_Patient_8,GSE274657 | Patient_8,8335,1440,background
GSE274657,GSM8454235_Patient_8,GSE274657 | Patient_8,8202,1438,background
GSE274657,GSM8454235_Patient_8,GSE274657 | Patient_8,8069,1436,background
GSE274657,GSM8454235_Patient_8,GSE274657 | Patient_8,7936,1434,background
GSE274657,GSM8454235_Patient_8,GSE274657 | Patient_8,7803,1432,background
GSE274657,GSM8454235_Patient_8,GSE274657 | Patient_8,7670,1430,background
GSE274657,GSM8454235_Patient_8,GSE274657 | Patient_8,7537,1428,background
GSE274657,GSM8454235_Patient_8,GSE274657 | Patient_8,7404,1426,background
GSE274657,GSM8454235_Patient_8,GSE274657 | Patient_8,7271,1424,background
GSE274657,GSM8454235_Patient_8,GSE274657 | Patient_8,7138,1422,background
GSE274657,GSM8454235_Patient_8,GSE274657 | Patient_8,7005,1420,background
GSE274657,GSM8454235_Patient_8,GSE274657 | Patient_8,6872,1418,background
GSE274657,GSM8454235_Patient_8,GSE274657 | Patient_8,6739,1416,background
GSE274657,GSM8454235_Patient_8,GSE274657 | Patient_8,6606,1414,background
GSE274657,GSM8454235_Patient_8,GSE274657 | Patient_8,6473,1412,background
GSE274657,GSM8454235_Patient_8,GSE274657 | Patient_8,6340,1410,background
GSE274657,GSM8454235_Patient_8,GSE274657 | Patient_8,6207,1408,background
GSE274657,GSM8454235_Patient_8,GSE274657 | Patient_8,6074,1406,background
GSE274657,GSM8454235_Patient_8,GSE274657 | Patient_8,5942,1404,background
GSE274657,GSM8454235_Patient_8,GSE274657 | Patient_8,5809,1401,background
GSE274657,GSM8454235_Patient_8,GSE274657 | Patient_8,5676,1399,background
GSE274657,GSM8454235_Patient_8,GSE274657 | Patient_8,5543,1397,background
GSE274657,GSM8454235_Patient_8,GSE274657 | Patient_8,5410,1395,background
GSE274657,GSM8454235_Patient_8,GSE274657 | Patient_8,5277,1393,background
GSE274657,GSM8454235_Patient_8,GSE274657 | Patient_8,5144,1391,background
GSE274657,GSM8454235_Patient_8,GSE274657 | Patient_8,5011,1389,background
GSE274657,GSM8454235_Patient_8,GSE274657 | Patient_8,4878,1387,background
GSE274657,GSM8454235_Patient_8,GSE274657 | Patient_8,4745,1385,background
GSE274657,GSM8454235_Patient_8,GSE274657 | Patient_8,4612,1383,background
GSE274657,GSM8454235_Patient_8,GSE274657 | Patient_8,4479,1381,background
GSE274657,GSM8454235_Patient_8,GSE274657 | Patient_8,4346,1379,background
GSE274657,GSM8454235_Patient_8,GSE274657 | Patient_8,4213,1377,background
GSE274657,GSM8454235_Patient_8,GSE274657 | Patient_8,4080,1375,background
GSE274657,GSM8454235_Patient_8,GSE274657 | Patient_8,3947,1373,background
GSE274657,GSM8454235_Patient_8,GSE274657 | Patient_8,3814,1371,background
GSE274657,GSM8454235_Patient_8,GSE274657 | Patient_8,3681,1369,background
GSE274657,GSM8454235_Patient_8,GSE274657 | Patient_8,3548,1367,background
GSE274657,GSM8454235_Patient_8,GSE274657 | Patient_8,3415,1365,background
GSE274657,GSM8454235_Patient_8,GSE274657 | Patient_8,3282,1363,background
GSE274657,GSM8454235_Patient_8,GSE274657 | Patient_8,3149,1361,background
GSE274657,GSM8454235_Patient_8,GSE274657 | Patient_8,3016,1359,background
GSE274657,GSM8454235_Patient_8,GSE274657 | Patient_8,2883,1357,background
GSE274657,GSM8454235_Patient_8,GSE274657 | Patient_8,2750,1355,background
GSE274657,GSM8454235_Patient_8,GSE274657 | Patient_8,2617,1353,background
GSE274657,GSM8454235_Patient_8,GSE274657 | Patient_8,2484,1351,background
GSE274657,GSM8454235_Patient_8,GSE274657 | Patient_8,2351,1349,background
GSE274657,GSM8454235_Patient_8,GSE274657 | Patient_8,2218,1347,background
GSE274657,GSM8454235_Patient_8,GSE274657 | Patient_8,2085,1345,background
GSE274657,GSM8454235_Patient_8,GSE274657 | Patient_8,1952,1343,background
GSE274657,GSM8454235_Patient_8,GSE274657 | Patient_8,10265,1353,background
GSE274657,GSM8454235_Patient_8,GSE274657 | Patient_8,10132,1351,background
GSE274657,GSM8454235_Patient_8,GSE274657 | Patient_8,9999,1349,background
GSE274657,GSM8454235_Patient_8,GSE274657 | Patient_8,9866,1347,background
GSE274657,GSM8454235_Patient_8,GSE274657 | Patient_8,9733,1345,background
GSE274657,GSM8454235_Patient_8,GSE274657 | Patient_8,9600,1343,background
GSE274657,GSM8454235_Patient_8,GSE274657 | Patient_8,9467,1341,background
GSE274657,GSM8454235_Patient_8,GSE274657 | Patient_8,9334,1339,background
GSE274657,GSM8454235_Patient_8,GSE274657 | Patient_8,9201,1337,background
GSE274657,GSM8454235_Patient_8,GSE274657 | Patient_8,9068,1335,background
GSE274657,GSM8454235_Patient_8,GSE274657 | Patient_8,8935,1333,background
GSE274657,GSM8454235_Patient_8,GSE274657 | Patient_8,8802,1331,background
GSE274657,GSM8454235_Patient_8,GSE274657 | Patient_8,8669,1329,background
GSE274657,GSM8454235_Patient_8,GSE274657 | Patient_8,8536,1327,background
GSE274657,GSM8454235_Patient_8,GSE274657 | Patient_8,8403,1325,background
GSE274657,GSM8454235_Patient_8,GSE274657 | Patient_8,8270,1323,background
GSE274657,GSM8454235_Patient_8,GSE274657 | Patient_8,8137,1321,background
GSE274657,GSM8454235_Patient_8,GSE274657 | Patient_8,8004,1319,background
GSE274657,GSM8454235_Patient_8,GSE274657 | Patient_8,7871,1317,background
GSE274657,GSM8454235_Patient_8,GSE274657 | Patient_8,7738,1315,background
GSE274657,GSM8454235_Patient_8,GSE274657 | Patient_8,7605,1313,background
GSE274657,GSM8454235_Patient_8,GSE274657 | Patient_8,7472,1311,background
GSE274657,GSM8454235_Patient_8,GSE274657 | Patient_8,7339,1309,background
GSE274657,GSM8454235_Patient_8,GSE274657 | Patient_8,7206,1307,background
GSE274657,GSM8454235_Patient_8,GSE274657 | Patient_8,7074,1305,background
GSE274657,GSM8454235_Patient_8,GSE274657 | Patient_8,6941,1303,background
GSE274657,GSM8454235_Patient_8,GSE274657 | Patient_8,6808,1301,background
GSE274657,GSM8454235_Patient_8,GSE274657 | Patient_8,6675,1299,background
GSE274657,GSM8454235_Patient_8,GSE274657 | Patient_8,6542,1297,background
GSE274657,GSM8454235_Patient_8,GSE274657 | Patient_8,6409,1295,background
GSE274657,GSM8454235_Patient_8,GSE274657 | Patient_8,6276,1293,background
GSE274657,GSM8454235_Patient_8,GSE274657 | Patient_8,6143,1291,background
GSE274657,GSM8454235_Patient_8,GSE274657 | Patient_8,6010,1289,background
GSE274657,GSM8454235_Patient_8,GSE274657 | Patient_8,5877,1287,background
GSE274657,GSM8454235_Patient_8,GSE274657 | Patient_8,5744,1285,background
GSE274657,GSM8454235_Patient_8,GSE274657 | Patient_8,5611,1283,background
GSE274657,GSM8454235_Patient_8,GSE274657 | Patient_8,5478,1281,background
GSE274657,GSM8454235_Patient_8,GSE274657 | Patient_8,5345,1279,background
GSE274657,GSM8454235_Patient_8,GSE274657 | Patient_8,5212,1277,background
GSE274657,GSM8454235_Patient_8,GSE274657 | Patient_8,5079,1275,background
GSE274657,GSM8454235_Patient_8,GSE274657 | Patient_8,4946,1273,background
GSE274657,GSM8454235_Patient_8,GSE274657 | Patient_8,4813,1271,background
GSE274657,GSM8454235_Patient_8,GSE274657 | Patient_8,4680,1269,background
GSE274657,GSM8454235_Patient_8,GSE274657 | Patient_8,4547,1267,background
GSE274657,GSM8454235_Patient_8,GSE274657 | Patient_8,4414,1265,background
GSE274657,GSM8454235_Patient_8,GSE274657 | Patient_8,4281,1263,background
GSE274657,GSM8454235_Patient_8,GSE274657 | Patient_8,4148,1261,background
GSE274657,GSM8454235_Patient_8,GSE274657 | Patient_8,4015,1259,background
GSE274657,GSM8454235_Patient_8,GSE274657 | Patient_8,3882,1257,background
GSE274657,GSM8454235_Patient_8,GSE274657 | Patient_8,3749,1255,background
GSE274657,GSM8454235_Patient_8,GSE274657 | Patient_8,3616,1253,background
GSE274657,GSM8454235_Patient_8,GSE274657 | Patient_8,3483,1251,background
GSE274657,GSM8454235_Patient_8,GSE274657 | Patient_8,3350,1249,background
GSE274657,GSM8454235_Patient_8,GSE274657 | Patient_8,3217,1247,background
GSE274657,GSM8454235_Patient_8,GSE274657 | Patient_8,3084,1245,background
GSE274657,GSM8454235_Patient_8,GSE274657 | Patient_8,2951,1243,background
GSE274657,GSM8454235_Patient_8,GSE274657 | Patient_8,2818,1241,background
GSE274657,GSM8454235_Patient_8,GSE274657 | Patient_8,2685,1239,background
GSE274657,GSM8454235_Patient_8,GSE274657 | Patient_8,2552,1237,background
GSE274657,GSM8454235_Patient_8,GSE274657 | Patient_8,2420,1235,background
GSE274657,GSM8454235_Patient_8,GSE274657 | Patient_8,2287,1233,background
GSE274657,GSM8454235_Patient_8,GSE274657 | Patient_8,2154,1231,background
GSE274657,GSM8454235_Patient_8,GSE274657 | Patient_8,2021,1228,background
GSE274657,GSM8454235_Patient_8,GSE274657 | Patient_8,10333,1239,background
GSE274657,GSM8454235_Patient_8,GSE274657 | Patient_8,10200,1236,background
GSE274657,GSM8454235_Patient_8,GSE274657 | Patient_8,10067,1234,background
GSE274657,GSM8454235_Patient_8,GSE274657 | Patient_8,9934,1232,background
GSE274657,GSM8454235_Patient_8,GSE274657 | Patient_8,9801,1230,background
GSE274657,GSM8454235_Patient_8,GSE274657 | Patient_8,9668,1228,background
GSE274657,GSM8454235_Patient_8,GSE274657 | Patient_8,9535,1226,background
GSE274657,GSM8454235_Patient_8,GSE274657 | Patient_8,9402,1224,background
GSE274657,GSM8454235_Patient_8,GSE274657 | Patient_8,9269,1222,background
GSE274657,GSM8454235_Patient_8,GSE274657 | Patient_8,9136,1220,background
GSE274657,GSM8454235_Patient_8,GSE274657 | Patient_8,9003,1218,background
GSE274657,GSM8454235_Patient_8,GSE274657 | Patient_8,8870,1216,background
GSE274657,GSM8454235_Patient_8,GSE274657 | Patient_8,8737,1214,background
GSE274657,GSM8454235_Patient_8,GSE274657 | Patient_8,8604,1212,background
GSE274657,GSM8454235_Patient_8,GSE274657 | Patient_8,8471,1210,background
GSE274657,GSM8454235_Patient_8,GSE274657 | Patient_8,8338,1208,background
GSE274657,GSM8454235_Patient_8,GSE274657 | Patient_8,8206,1206,background
GSE274657,GSM8454235_Patient_8,GSE274657 | Patient_8,8073,1204,background
GSE274657,GSM8454235_Patient_8,GSE274657 | Patient_8,7940,1202,background
GSE274657,GSM8454235_Patient_8,GSE274657 | Patient_8,7807,1200,background
GSE274657,GSM8454235_Patient_8,GSE274657 | Patient_8,7674,1198,background
GSE274657,GSM8454235_Patient_8,GSE274657 | Patient_8,7541,1196,background
GSE274657,GSM8454235_Patient_8,GSE274657 | Patient_8,7408,1194,background
GSE274657,GSM8454235_Patient_8,GSE274657 | Patient_8,7275,1192,background
GSE274657,GSM8454235_Patient_8,GSE274657 | Patient_8,7142,1190,background
GSE274657,GSM8454235_Patient_8,GSE274657 | Patient_8,7009,1188,background
GSE274657,GSM8454235_Patient_8,GSE274657 | Patient_8,6876,1186,background
GSE274657,GSM8454235_Patient_8,GSE274657 | Patient_8,6743,1184,background
GSE274657,GSM8454235_Patient_8,GSE274657 | Patient_8,6610,1182,background
GSE274657,GSM8454235_Patient_8,GSE274657 | Patient_8,6477,1180,background
GSE274657,GSM8454235_Patient_8,GSE274657 | Patient_8,6344,1178,background
GSE274657,GSM8454235_Patient_8,GSE274657 | Patient_8,6211,1176,background
GSE274657,GSM8454235_Patient_8,GSE274657 | Patient_8,6078,1174,background
GSE274657,GSM8454235_Patient_8,GSE274657 | Patient_8,5945,1172,background
GSE274657,GSM8454235_Patient_8,GSE274657 | Patient_8,5812,1170,background
GSE274657,GSM8454235_Patient_8,GSE274657 | Patient_8,5679,1168,background
GSE274657,GSM8454235_Patient_8,GSE274657 | Patient_8,5546,1166,background
GSE274657,GSM8454235_Patient_8,GSE274657 | Patient_8,5413,1164,background
GSE274657,GSM8454235_Patient_8,GSE274657 | Patient_8,5280,1162,background
GSE274657,GSM8454235_Patient_8,GSE274657 | Patient_8,5147,1160,background
GSE274657,GSM8454235_Patient_8,GSE274657 | Patient_8,5014,1158,background
GSE274657,GSM8454235_Patient_8,GSE274657 | Patient_8,4881,1156,background
GSE274657,GSM8454235_Patient_8,GSE274657 | Patient_8,4748,1154,background
GSE274657,GSM8454235_Patient_8,GSE274657 | Patient_8,4615,1152,background
GSE274657,GSM8454235_Patient_8,GSE274657 | Patient_8,4482,1150,background
GSE274657,GSM8454235_Patient_8,GSE274657 | Patient_8,4349,1148,background
GSE274657,GSM8454235_Patient_8,GSE274657 | Patient_8,4216,1146,background
GSE274657,GSM8454235_Patient_8,GSE274657 | Patient_8,4083,1144,background
GSE274657,GSM8454235_Patient_8,GSE274657 | Patient_8,3950,1142,background
GSE274657,GSM8454235_Patient_8,GSE274657 | Patient_8,3817,1140,background
GSE274657,GSM8454235_Patient_8,GSE274657 | Patient_8,3684,1138,background
GSE274657,GSM8454235_Patient_8,GSE274657 | Patient_8,3552,1136,background
GSE274657,GSM8454235_Patient_8,GSE274657 | Patient_8,3419,1134,background
GSE274657,GSM8454235_Patient_8,GSE274657 | Patient_8,3286,1132,background
GSE274657,GSM8454235_Patient_8,GSE274657 | Patient_8,3153,1130,background
GSE274657,GSM8454235_Patient_8,GSE274657 | Patient_8,3020,1128,background
GSE274657,GSM8454235_Patient_8,GSE274657 | Patient_8,2887,1126,background
GSE274657,GSM8454235_Patient_8,GSE274657 | Patient_8,2754,1124,background
GSE274657,GSM8454235_Patient_8,GSE274657 | Patient_8,2621,1122,background
GSE274657,GSM8454235_Patient_8,GSE274657 | Patient_8,2488,1120,background
GSE274657,GSM8454235_Patient_8,GSE274657 | Patient_8,2355,1118,background
GSE274657,GSM8454235_Patient_8,GSE274657 | Patient_8,2222,1116,background
GSE274657,GSM8454235_Patient_8,GSE274657 | Patient_8,10268,1122,background
GSE274657,GSM8454235_Patient_8,GSE274657 | Patient_8,10135,1120,background
GSE274657,GSM8454235_Patient_8,GSE274657 | Patient_8,10002,1118,background
GSE274657,GSM8454235_Patient_8,GSE274657 | Patient_8,9869,1116,background
GSE274657,GSM8454235_Patient_8,GSE274657 | Patient_8,9736,1114,background
GSE274657,GSM8454235_Patient_8,GSE274657 | Patient_8,9603,1112,background
GSE274657,GSM8454235_Patient_8,GSE274657 | Patient_8,9470,1110,background
GSE274657,GSM8454235_Patient_8,GSE274657 | Patient_8,9338,1108,background
GSE274657,GSM8454235_Patient_8,GSE274657 | Patient_8,9205,1106,background
GSE274657,GSM8454235_Patient_8,GSE274657 | Patient_8,9072,1104,background
GSE274657,GSM8454235_Patient_8,GSE274657 | Patient_8,8939,1102,background
GSE274657,GSM8454235_Patient_8,GSE274657 | Patient_8,8806,1100,background
GSE274657,GSM8454235_Patient_8,GSE274657 | Patient_8,8673,1098,background
GSE274657,GSM8454235_Patient_8,GSE274657 | Patient_8,8540,1096,background
GSE274657,GSM8454235_Patient_8,GSE274657 | Patient_8,8407,1094,background
GSE274657,GSM8454235_Patient_8,GSE274657 | Patient_8,8274,1092,background
GSE274657,GSM8454235_Patient_8,GSE274657 | Patient_8,8141,1090,background
GSE274657,GSM8454235_Patient_8,GSE274657 | Patient_8,8008,1088,background
GSE274657,GSM8454235_Patient_8,GSE274657 | Patient_8,7875,1086,background
GSE274657,GSM8454235_Patient_8,GSE274657 | Patient_8,7742,1084,background
GSE274657,GSM8454235_Patient_8,GSE274657 | Patient_8,7609,1082,background
GSE274657,GSM8454235_Patient_8,GSE274657 | Patient_8,7476,1080,background
GSE274657,GSM8454235_Patient_8,GSE274657 | Patient_8,7343,1078,background
GSE274657,GSM8454235_Patient_8,GSE274657 | Patient_8,7210,1076,background
GSE274657,GSM8454235_Patient_8,GSE274657 | Patient_8,7077,1074,background
GSE274657,GSM8454235_Patient_8,GSE274657 | Patient_8,6944,1072,background
GSE274657,GSM8454235_Patient_8,GSE274657 | Patient_8,6811,1070,background
GSE274657,GSM8454235_Patient_8,GSE274657 | Patient_8,6678,1068,background
GSE274657,GSM8454235_Patient_8,GSE274657 | Patient_8,6545,1066,background
GSE274657,GSM8454235_Patient_8,GSE274657 | Patient_8,6412,1063,background
GSE274657,GSM8454235_Patient_8,GSE274657 | Patient_8,6279,1061,background
GSE274657,GSM8454235_Patient_8,GSE274657 | Patient_8,6146,1059,background
GSE274657,GSM8454235_Patient_8,GSE274657 | Patient_8,6013,1057,background
GSE274657,GSM8454235_Patient_8,GSE274657 | Patient_8,5880,1055,background
GSE274657,GSM8454235_Patient_8,GSE274657 | Patient_8,5747,1053,background
GSE274657,GSM8454235_Patient_8,GSE274657 | Patient_8,5614,1051,background
GSE274657,GSM8454235_Patient_8,GSE274657 | Patient_8,5481,1049,background
GSE274657,GSM8454235_Patient_8,GSE274657 | Patient_8,5348,1047,background
GSE274657,GSM8454235_Patient_8,GSE274657 | Patient_8,5215,1045,background
GSE274657,GSM8454235_Patient_8,GSE274657 | Patient_8,5082,1043,background
GSE274657,GSM8454235_Patient_8,GSE274657 | Patient_8,4949,1041,background
GSE274657,GSM8454235_Patient_8,GSE274657 | Patient_8,4816,1039,background
GSE274657,GSM8454235_Patient_8,GSE274657 | Patient_8,4684,1037,background
GSE274657,GSM8454235_Patient_8,GSE274657 | Patient_8,4551,1035,background
GSE274657,GSM8454235_Patient_8,GSE274657 | Patient_8,4418,1033,background
GSE274657,GSM8454235_Patient_8,GSE274657 | Patient_8,4285,1031,background
GSE274657,GSM8454235_Patient_8,GSE274657 | Patient_8,4152,1029,background
GSE274657,GSM8454235_Patient_8,GSE274657 | Patient_8,4019,1027,background
GSE274657,GSM8454235_Patient_8,GSE274657 | Patient_8,10337,1007,background
GSE274657,GSM8454235_Patient_8,GSE274657 | Patient_8,10204,1005,background
GSE274657,GSM8454235_Patient_8,GSE274657 | Patient_8,10071,1003,background
GSE274657,GSM8454235_Patient_8,GSE274657 | Patient_8,9938,1001,background
GSE274657,GSM8454235_Patient_8,GSE274657 | Patient_8,9805,999,background
GSE274657,GSM8454235_Patient_8,GSE274657 | Patient_8,9672,997,background
GSE274657,GSM8454235_Patient_8,GSE274657 | Patient_8,9539,995,background
GSE274657,GSM8454235_Patient_8,GSE274657 | Patient_8,9406,993,background
GSE274657,GSM8454235_Patient_8,GSE274657 | Patient_8,9273,991,background
GSE274657,GSM8454235_Patient_8,GSE274657 | Patient_8,9140,989,background
GSE274657,GSM8454235_Patient_8,GSE274657 | Patient_8,9007,987,background
GSE274657,GSM8454235_Patient_8,GSE274657 | Patient_8,8874,985,background
GSE274657,GSM8454235_Patient_8,GSE274657 | Patient_8,8741,983,background
GSE274657,GSM8454235_Patient_8,GSE274657 | Patient_8,8608,981,background
GSE274657,GSM8454235_Patient_8,GSE274657 | Patient_8,8475,979,background
GSE274657,GSM8454235_Patient_8,GSE274657 | Patient_8,8342,977,background
GSE274657,GSM8454235_Patient_8,GSE274657 | Patient_8,8209,975,background
GSE274657,GSM8454235_Patient_8,GSE274657 | Patient_8,8076,973,background
GSE274657,GSM8454235_Patient_8,GSE274657 | Patient_8,7943,971,background
GSE274657,GSM8454235_Patient_8,GSE274657 | Patient_8,7810,969,background
GSE274657,GSM8454235_Patient_8,GSE274657 | Patient_8,7677,967,background
GSE274657,GSM8454235_Patient_8,GSE274657 | Patient_8,7544,965,background
GSE274657,GSM8454235_Patient_8,GSE274657 | Patient_8,7411,963,background
GSE274657,GSM8454235_Patient_8,GSE274657 | Patient_8,7278,961,background
GSE274657,GSM8454235_Patient_8,GSE274657 | Patient_8,7145,959,background
GSE274657,GSM8454235_Patient_8,GSE274657 | Patient_8,7012,957,background
GSE274657,GSM8454235_Patient_8,GSE274657 | Patient_8,6879,955,background
GSE274657,GSM8454235_Patient_8,GSE274657 | Patient_8,6746,953,background
GSE274657,GSM8454235_Patient_8,GSE274657 | Patient_8,6613,951,background
GSE274657,GSM8454235_Patient_8,GSE274657 | Patient_8,6480,949,background
GSE274657,GSM8454235_Patient_8,GSE274657 | Patient_8,6347,947,background
GSE274657,GSM8454235_Patient_8,GSE274657 | Patient_8,6214,945,background
GSE274657,GSM8454235_Patient_8,GSE274657 | Patient_8,6081,943,background
GSE274657,GSM8454235_Patient_8,GSE274657 | Patient_8,5948,941,background
GSE274657,GSM8454235_Patient_8,GSE274657 | Patient_8,5816,939,background
GSE274657,GSM8454235_Patient_8,GSE274657 | Patient_8,5683,937,background
GSE274657,GSM8454235_Patient_8,GSE274657 | Patient_8,5550,935,background
GSE274657,GSM8454235_Patient_8,GSE274657 | Patient_8,5417,933,background
GSE274657,GSM8454235_Patient_8,GSE274657 | Patient_8,5284,931,background
GSE274657,GSM8454235_Patient_8,GSE274657 | Patient_8,5151,929,background
GSE274657,GSM8454235_Patient_8,GSE274657 | Patient_8,5018,927,background
GSE274657,GSM8454235_Patient_8,GSE274657 | Patient_8,4885,925,background
GSE274657,GSM8454235_Patient_8,GSE274657 | Patient_8,4752,923,background
GSE274657,GSM8454235_Patient_8,GSE274657 | Patient_8,4619,921,background
GSE274657,GSM8454235_Patient_8,GSE274657 | Patient_8,4486,919,background
GSE274657,GSM8454235_Patient_8,GSE274657 | Patient_8,4353,917,background
GSE274657,GSM8454235_Patient_8,GSE274657 | Patient_8,4220,915,background
GSE274657,GSM8454235_Patient_8,GSE274657 | Patient_8,4087,913,background
GSE274657,GSM8454235_Patient_8,GSE274657 | Patient_8,10272,890,background
GSE274657,GSM8454235_Patient_8,GSE274657 | Patient_8,10139,888,background
GSE274657,GSM8454235_Patient_8,GSE274657 | Patient_8,10006,886,background
GSE274657,GSM8454235_Patient_8,GSE274657 | Patient_8,9873,884,background
GSE274657,GSM8454235_Patient_8,GSE274657 | Patient_8,9740,882,background
GSE274657,GSM8454235_Patient_8,GSE274657 | Patient_8,9607,880,background
GSE274657,GSM8454235_Patient_8,GSE274657 | Patient_8,9474,878,background
GSE274657,GSM8454235_Patient_8,GSE274657 | Patient_8,9341,876,background
GSE274657,GSM8454235_Patient_8,GSE274657 | Patient_8,9208,874,background
GSE274657,GSM8454235_Patient_8,GSE274657 | Patient_8,9075,872,background
GSE274657,GSM8454235_Patient_8,GSE274657 | Patient_8,8942,870,background
GSE274657,GSM8454235_Patient_8,GSE274657 | Patient_8,8809,868,background
GSE274657,GSM8454235_Patient_8,GSE274657 | Patient_8,8676,866,background
GSE274657,GSM8454235_Patient_8,GSE274657 | Patient_8,8543,864,background
GSE274657,GSM8454235_Patient_8,GSE274657 | Patient_8,8410,862,background
GSE274657,GSM8454235_Patient_8,GSE274657 | Patient_8,8277,860,background
GSE274657,GSM8454235_Patient_8,GSE274657 | Patient_8,8144,858,background
GSE274657,GSM8454235_Patient_8,GSE274657 | Patient_8,8011,856,background
GSE274657,GSM8454235_Patient_8,GSE274657 | Patient_8,7878,854,background
GSE274657,GSM8454235_Patient_8,GSE274657 | Patient_8,7745,852,background
GSE274657,GSM8454235_Patient_8,GSE274657 | Patient_8,7612,850,background
GSE274657,GSM8454235_Patient_8,GSE274657 | Patient_8,7479,848,background
GSE274657,GSM8454235_Patient_8,GSE274657 | Patient_8,7346,846,background
GSE274657,GSM8454235_Patient_8,GSE274657 | Patient_8,7213,844,background
GSE274657,GSM8454235_Patient_8,GSE274657 | Patient_8,7081,842,background
GSE274657,GSM8454235_Patient_8,GSE274657 | Patient_8,6948,840,background
GSE274657,GSM8454235_Patient_8,GSE274657 | Patient_8,6815,838,background
GSE274657,GSM8454235_Patient_8,GSE274657 | Patient_8,6682,836,background
GSE274657,GSM8454235_Patient_8,GSE274657 | Patient_8,6549,834,background
GSE274657,GSM8454235_Patient_8,GSE274657 | Patient_8,6416,832,background
GSE274657,GSM8454235_Patient_8,GSE274657 | Patient_8,6283,830,background
GSE274657,GSM8454235_Patient_8,GSE274657 | Patient_8,6150,828,background
GSE274657,GSM8454235_Patient_8,GSE274657 | Patient_8,6017,826,background
GSE274657,GSM8454235_Patient_8,GSE274657 | Patient_8,5884,824,background
GSE274657,GSM8454235_Patient_8,GSE274657 | Patient_8,5751,822,background
GSE274657,GSM8454235_Patient_8,GSE274657 | Patient_8,5219,814,background
GSE274657,GSM8454235_Patient_8,GSE274657 | Patient_8,5086,812,background
GSE274657,GSM8454235_Patient_8,GSE274657 | Patient_8,4953,810,background
GSE274657,GSM8454235_Patient_8,GSE274657 | Patient_8,4820,808,background
GSE274657,GSM8454235_Patient_8,GSE274657 | Patient_8,4687,806,background
GSE274657,GSM8454235_Patient_8,GSE274657 | Patient_8,4554,804,background
GSE274657,GSM8454235_Patient_8,GSE274657 | Patient_8,4421,802,background
GSE274657,GSM8454235_Patient_8,GSE274657 | Patient_8,4288,800,background
GSE274657,GSM8454235_Patient_8,GSE274657 | Patient_8,4155,798,background
GSE274657,GSM8454235_Patient_8,GSE274657 | Patient_8,10340,776,background
GSE274657,GSM8454235_Patient_8,GSE274657 | Patient_8,10207,774,background
GSE274657,GSM8454235_Patient_8,GSE274657 | Patient_8,10074,772,background
GSE274657,GSM8454235_Patient_8,GSE274657 | Patient_8,9941,770,background
GSE274657,GSM8454235_Patient_8,GSE274657 | Patient_8,9808,768,background
GSE274657,GSM8454235_Patient_8,GSE274657 | Patient_8,9675,766,background
GSE274657,GSM8454235_Patient_8,GSE274657 | Patient_8,9542,764,background
GSE274657,GSM8454235_Patient_8,GSE274657 | Patient_8,9409,762,background
GSE274657,GSM8454235_Patient_8,GSE274657 | Patient_8,9276,760,background
GSE274657,GSM8454235_Patient_8,GSE274657 | Patient_8,9143,758,background
GSE274657,GSM8454235_Patient_8,GSE274657 | Patient_8,9010,756,background
GSE274657,GSM8454235_Patient_8,GSE274657 | Patient_8,8877,754,background
GSE274657,GSM8454235_Patient_8,GSE274657 | Patient_8,8744,752,background
GSE274657,GSM8454235_Patient_8,GSE274657 | Patient_8,8611,750,background
GSE274657,GSM8454235_Patient_8,GSE274657 | Patient_8,8478,748,background
GSE274657,GSM8454235_Patient_8,GSE274657 | Patient_8,8345,746,background
GSE274657,GSM8454235_Patient_8,GSE274657 | Patient_8,8213,744,background
GSE274657,GSM8454235_Patient_8,GSE274657 | Patient_8,8080,742,background
GSE274657,GSM8454235_Patient_8,GSE274657 | Patient_8,7947,740,background
GSE274657,GSM8454235_Patient_8,GSE274657 | Patient_8,7814,738,background
GSE274657,GSM8454235_Patient_8,GSE274657 | Patient_8,7681,736,background
GSE274657,GSM8454235_Patient_8,GSE274657 | Patient_8,7548,734,background
GSE274657,GSM8454235_Patient_8,GSE274657 | Patient_8,7415,732,background
GSE274657,GSM8454235_Patient_8,GSE274657 | Patient_8,7282,730,background
GSE274657,GSM8454235_Patient_8,GSE274657 | Patient_8,7149,727,background
GSE274657,GSM8454235_Patient_8,GSE274657 | Patient_8,7016,725,background
GSE274657,GSM8454235_Patient_8,GSE274657 | Patient_8,6883,723,background
GSE274657,GSM8454235_Patient_8,GSE274657 | Patient_8,6750,721,background
GSE274657,GSM8454235_Patient_8,GSE274657 | Patient_8,6617,719,background
GSE274657,GSM8454235_Patient_8,GSE274657 | Patient_8,6484,717,background
GSE274657,GSM8454235_Patient_8,GSE274657 | Patient_8,6351,715,background
GSE274657,GSM8454235_Patient_8,GSE274657 | Patient_8,6218,713,background
GSE274657,GSM8454235_Patient_8,GSE274657 | Patient_8,6085,711,background
GSE274657,GSM8454235_Patient_8,GSE274657 | Patient_8,10275,659,background
GSE274657,GSM8454235_Patient_8,GSE274657 | Patient_8,10142,657,background
GSE274657,GSM8454235_Patient_8,GSE274657 | Patient_8,10009,655,background
GSE274657,GSM8454235_Patient_8,GSE274657 | Patient_8,9876,653,background
GSE274657,GSM8454235_Patient_8,GSE274657 | Patient_8,9743,651,background
GSE274657,GSM8454235_Patient_8,GSE274657 | Patient_8,9610,649,background
GSE274657,GSM8454235_Patient_8,GSE274657 | Patient_8,9477,647,background
GSE274657,GSM8454235_Patient_8,GSE274657 | Patient_8,9345,645,background
GSE274657,GSM8454235_Patient_8,GSE274657 | Patient_8,9212,643,background
GSE274657,GSM8454235_Patient_8,GSE274657 | Patient_8,9079,641,background
GSE274657,GSM8454235_Patient_8,GSE274657 | Patient_8,8946,639,background
GSE274657,GSM8454235_Patient_8,GSE274657 | Patient_8,8813,637,background
GSE274657,GSM8454235_Patient_8,GSE274657 | Patient_8,8680,635,background
GSE274657,GSM8454235_Patient_8,GSE274657 | Patient_8,8547,633,background
GSE274657,GSM8454235_Patient_8,GSE274657 | Patient_8,8414,631,background
GSE274657,GSM8454235_Patient_8,GSE274657 | Patient_8,8281,629,background
GSE274657,GSM8454235_Patient_8,GSE274657 | Patient_8,8148,627,background
GSE274657,GSM8454235_Patient_8,GSE274657 | Patient_8,8015,625,background
GSE274657,GSM8454235_Patient_8,GSE274657 | Patient_8,7882,623,background
GSE274657,GSM8454235_Patient_8,GSE274657 | Patient_8,7749,621,background
GSE274657,GSM8454235_Patient_8,GSE274657 | Patient_8,7616,619,background
GSE274657,GSM8454235_Patient_8,GSE274657 | Patient_8,7483,617,background
GSE274657,GSM8454235_Patient_8,GSE274657 | Patient_8,10344,544,background
GSE274657,GSM8454235_Patient_8,GSE274657 | Patient_8,10211,542,background
GSE274657,GSM8454235_Patient_8,GSE274657 | Patient_8,10078,540,background
GSE274657,GSM8454235_Patient_8,GSE274657 | Patient_8,9945,538,background
GSE274657,GSM8454235_Patient_8,GSE274657 | Patient_8,9812,536,background
GSE274657,GSM8454235_Patient_8,GSE274657 | Patient_8,9679,534,background
GSE274657,GSM8454235_Patient_8,GSE274657 | Patient_8,9546,532,background
GSE274657,GSM8454235_Patient_8,GSE274657 | Patient_8,9413,530,background
GSE274657,GSM8454235_Patient_8,GSE274657 | Patient_8,9280,528,background
GSE274657,GSM8454235_Patient_8,GSE274657 | Patient_8,9147,526,background
GSE274657,GSM8454235_Patient_8,GSE274657 | Patient_8,9014,524,background
GSE274657,GSM8454235_Patient_8,GSE274657 | Patient_8,8881,522,background
GSE274657,GSM8454235_Patient_8,GSE274657 | Patient_8,8748,520,background
GSE274657,GSM8454235_Patient_8,GSE274657 | Patient_8,8615,518,background
GSE274657,GSM8454235_Patient_8,GSE274657 | Patient_8,8482,516,background
GSE274657,GSM8454235_Patient_8,GSE274657 | Patient_8,8216,512,background
GSE274657,GSM8454235_Patient_8,GSE274657 | Patient_8,10279,428,background
GSE274657,GSM8454235_Patient_8,GSE274657 | Patient_8,10146,426,background
GSE274657,GSM8454235_Patient_8,GSE274657 | Patient_8,10013,424,background
GSE274657,GSM8454235_Patient_8,GSE274657 | Patient_8,9880,422,background
GSE274657,GSM8454235_Patient_8,GSE274657 | Patient_8,9747,420,background
GSE274657,GSM8454235_Patient_8,GSE274657 | Patient_8,9614,418,background
GSE274657,GSM8454235_Patient_8,GSE274657 | Patient_8,9481,416,background
GSE288483,GSM8768679_Pt1-1,GSE288483 | Pt1-1,6091,2704,background
GSE288483,GSM8768679_Pt1-1,GSE288483 | Pt1-1,6223,2704,background
GSE288483,GSM8768679_Pt1-1,GSE288483 | Pt1-1,6354,2704,background
GSE288483,GSM8768679_Pt1-1,GSE288483 | Pt1-1,6486,2705,background
GSE288483,GSM8768679_Pt1-1,GSE288483 | Pt1-1,6618,2705,background
GSE288483,GSM8768679_Pt1-1,GSE288483 | Pt1-1,6684,2591,background
GSE288483,GSM8768679_Pt1-1,GSE288483 | Pt1-1,6749,2705,background
GSE288483,GSM8768679_Pt1-1,GSE288483 | Pt1-1,6816,2591,background
GSE288483,GSM8768679_Pt1-1,GSE288483 | Pt1-1,6881,2706,background
GSE288483,GSM8768679_Pt1-1,GSE288483 | Pt1-1,6947,2591,background
GSE288483,GSM8768679_Pt1-1,GSE288483 | Pt1-1,7013,2706,background
GSE288483,GSM8768679_Pt1-1,GSE288483 | Pt1-1,7079,2592,background
GSE288483,GSM8768679_Pt1-1,GSE288483 | Pt1-1,7145,2706,background
GSE288483,GSM8768679_Pt1-1,GSE288483 | Pt1-1,5036,2930,background
GSE288483,GSM8768679_Pt1-1,GSE288483 | Pt1-1,5168,2930,background
GSE288483,GSM8768679_Pt1-1,GSE288483 | Pt1-1,5300,2931,background
GSE288483,GSM8768679_Pt1-1,GSE288483 | Pt1-1,5432,2931,background
GSE288483,GSM8768679_Pt1-1,GSE288483 | Pt1-1,5563,2931,background
GSE288483,GSM8768679_Pt1-1,GSE288483 | Pt1-1,5630,2817,background
GSE288483,GSM8768679_Pt1-1,GSE288483 | Pt1-1,5695,2932,background
GSE288483,GSM8768679_Pt1-1,GSE288483 | Pt1-1,5761,2817,background
GSE288483,GSM8768679_Pt1-1,GSE288483 | Pt1-1,5827,2932,background
GSE288483,GSM8768679_Pt1-1,GSE288483 | Pt1-1,5893,2818,background
GSE288483,GSM8768679_Pt1-1,GSE288483 | Pt1-1,5959,2932,background
GSE288483,GSM8768679_Pt1-1,GSE288483 | Pt1-1,6025,2818,background
GSE288483,GSM8768679_Pt1-1,GSE288483 | Pt1-1,6090,2933,background
GSE288483,GSM8768679_Pt1-1,GSE288483 | Pt1-1,6156,2818,background
GSE288483,GSM8768679_Pt1-1,GSE288483 | Pt1-1,6222,2933,background
GSE288483,GSM8768679_Pt1-1,GSE288483 | Pt1-1,6288,2819,background
GSE288483,GSM8768679_Pt1-1,GSE288483 | Pt1-1,6354,2933,background
GSE288483,GSM8768679_Pt1-1,GSE288483 | Pt1-1,6420,2819,background
GSE288483,GSM8768679_Pt1-1,GSE288483 | Pt1-1,6485,2934,background
GSE288483,GSM8768679_Pt1-1,GSE288483 | Pt1-1,6552,2819,background
GSE288483,GSM8768679_Pt1-1,GSE288483 | Pt1-1,6617,2934,background
GSE288483,GSM8768679_Pt1-1,GSE288483 | Pt1-1,6683,2820,background
GSE288483,GSM8768679_Pt1-1,GSE288483 | Pt1-1,6749,2934,background
GSE288483,GSM8768679_Pt1-1,GSE288483 | Pt1-1,6815,2820,background
GSE288483,GSM8768679_Pt1-1,GSE288483 | Pt1-1,6881,2935,background
GSE288483,GSM8768679_Pt1-1,GSE288483 | Pt1-1,6947,2820,background
GSE288483,GSM8768679_Pt1-1,GSE288483 | Pt1-1,7012,2935,background
GSE288483,GSM8768679_Pt1-1,GSE288483 | Pt1-1,7078,2821,background
GSE288483,GSM8768679_Pt1-1,GSE288483 | Pt1-1,7144,2936,background
GSE288483,GSM8768679_Pt1-1,GSE288483 | Pt1-1,3982,3156,background
GSE288483,GSM8768679_Pt1-1,GSE288483 | Pt1-1,4114,3157,background
GSE288483,GSM8768679_Pt1-1,GSE288483 | Pt1-1,4245,3157,background
GSE288483,GSM8768679_Pt1-1,GSE288483 | Pt1-1,4377,3157,background
GSE288483,GSM8768679_Pt1-1,GSE288483 | Pt1-1,4509,3158,background
GSE288483,GSM8768679_Pt1-1,GSE288483 | Pt1-1,4575,3043,background
GSE288483,GSM8768679_Pt1-1,GSE288483 | Pt1-1,4641,3158,background
GSE288483,GSM8768679_Pt1-1,GSE288483 | Pt1-1,4707,3044,background
GSE288483,GSM8768679_Pt1-1,GSE288483 | Pt1-1,4772,3158,background
GSE288483,GSM8768679_Pt1-1,GSE288483 | Pt1-1,4839,3044,background
GSE288483,GSM8768679_Pt1-1,GSE288483 | Pt1-1,4904,3159,background
GSE288483,GSM8768679_Pt1-1,GSE288483 | Pt1-1,4970,3044,background
GSE288483,GSM8768679_Pt1-1,GSE288483 | Pt1-1,5036,3159,background
GSE288483,GSM8768679_Pt1-1,GSE288483 | Pt1-1,5102,3045,background
GSE288483,GSM8768679_Pt1-1,GSE288483 | Pt1-1,5168,3159,background
GSE288483,GSM8768679_Pt1-1,GSE288483 | Pt1-1,5234,3045,background
GSE288483,GSM8768679_Pt1-1,GSE288483 | Pt1-1,5299,3160,background
GSE288483,GSM8768679_Pt1-1,GSE288483 | Pt1-1,5365,3045,background
GSE288483,GSM8768679_Pt1-1,GSE288483 | Pt1-1,5431,3160,background
GSE288483,GSM8768679_Pt1-1,GSE288483 | Pt1-1,5497,3046,background
GSE288483,GSM8768679_Pt1-1,GSE288483 | Pt1-1,5563,3160,background
GSE288483,GSM8768679_Pt1-1,GSE288483 | Pt1-1,5629,3046,background
GSE288483,GSM8768679_Pt1-1,GSE288483 | Pt1-1,5694,3161,background
GSE288483,GSM8768679_Pt1-1,GSE288483 | Pt1-1,5761,3046,background
GSE288483,GSM8768679_Pt1-1,GSE288483 | Pt1-1,5826,3161,background
GSE288483,GSM8768679_Pt1-1,GSE288483 | Pt1-1,5892,3047,background
GSE288483,GSM8768679_Pt1-1,GSE288483 | Pt1-1,5958,3162,background
GSE288483,GSM8768679_Pt1-1,GSE288483 | Pt1-1,6024,3047,background
GSE288483,GSM8768679_Pt1-1,GSE288483 | Pt1-1,6090,3162,background
GSE288483,GSM8768679_Pt1-1,GSE288483 | Pt1-1,6156,3047,background
GSE288483,GSM8768679_Pt1-1,GSE288483 | Pt1-1,6221,3162,background
GSE288483,GSM8768679_Pt1-1,GSE288483 | Pt1-1,6288,3048,background
GSE288483,GSM8768679_Pt1-1,GSE288483 | Pt1-1,6353,3163,background
GSE288483,GSM8768679_Pt1-1,GSE288483 | Pt1-1,6419,3048,background
GSE288483,GSM8768679_Pt1-1,GSE288483 | Pt1-1,6485,3163,background
GSE288483,GSM8768679_Pt1-1,GSE288483 | Pt1-1,6551,3049,background
GSE288483,GSM8768679_Pt1-1,GSE288483 | Pt1-1,6617,3163,background
GSE288483,GSM8768679_Pt1-1,GSE288483 | Pt1-1,6683,3049,background
GSE288483,GSM8768679_Pt1-1,GSE288483 | Pt1-1,6748,3164,background
GSE288483,GSM8768679_Pt1-1,GSE288483 | Pt1-1,6814,3049,background
GSE288483,GSM8768679_Pt1-1,GSE288483 | Pt1-1,6880,3164,background
GSE288483,GSM8768679_Pt1-1,GSE288483 | Pt1-1,6946,3050,background
GSE288483,GSM8768679_Pt1-1,GSE288483 | Pt1-1,7012,3164,background
GSE288483,GSM8768679_Pt1-1,GSE288483 | Pt1-1,7078,3050,background
GSE288483,GSM8768679_Pt1-1,GSE288483 | Pt1-1,7143,3165,background
GSE288483,GSM8768679_Pt1-1,GSE288483 | Pt1-1,7210,3050,background
GSE288483,GSM8768679_Pt1-1,GSE288483 | Pt1-1,7275,3165,background
GSE288483,GSM8768679_Pt1-1,GSE288483 | Pt1-1,2928,3383,background
GSE288483,GSM8768679_Pt1-1,GSE288483 | Pt1-1,3059,3383,background
GSE288483,GSM8768679_Pt1-1,GSE288483 | Pt1-1,3191,3383,background
GSE288483,GSM8768679_Pt1-1,GSE288483 | Pt1-1,3323,3384,background
GSE288483,GSM8768679_Pt1-1,GSE288483 | Pt1-1,3389,3269,background
GSE288483,GSM8768679_Pt1-1,GSE288483 | Pt1-1,3455,3384,background
GSE288483,GSM8768679_Pt1-1,GSE288483 | Pt1-1,3521,3270,background
GSE288483,GSM8768679_Pt1-1,GSE288483 | Pt1-1,3586,3384,background
GSE288483,GSM8768679_Pt1-1,GSE288483 | Pt1-1,3652,3270,background
GSE288483,GSM8768679_Pt1-1,GSE288483 | Pt1-1,3718,3385,background
GSE288483,GSM8768679_Pt1-1,GSE288483 | Pt1-1,3784,3270,background
GSE288483,GSM8768679_Pt1-1,GSE288483 | Pt1-1,3850,3385,background
GSE288483,GSM8768679_Pt1-1,GSE288483 | Pt1-1,3916,3271,background
GSE288483,GSM8768679_Pt1-1,GSE288483 | Pt1-1,3981,3385,background
GSE288483,GSM8768679_Pt1-1,GSE288483 | Pt1-1,4048,3271,background
GSE288483,GSM8768679_Pt1-1,GSE288483 | Pt1-1,4113,3386,background
GSE288483,GSM8768679_Pt1-1,GSE288483 | Pt1-1,4179,3271,background
GSE288483,GSM8768679_Pt1-1,GSE288483 | Pt1-1,4245,3386,background
GSE288483,GSM8768679_Pt1-1,GSE288483 | Pt1-1,4311,3272,background
GSE288483,GSM8768679_Pt1-1,GSE288483 | Pt1-1,4377,3386,background
GSE288483,GSM8768679_Pt1-1,GSE288483 | Pt1-1,4443,3272,background
GSE288483,GSM8768679_Pt1-1,GSE288483 | Pt1-1,4508,3387,background
GSE288483,GSM8768679_Pt1-1,GSE288483 | Pt1-1,4574,3272,background
GSE288483,GSM8768679_Pt1-1,GSE288483 | Pt1-1,4640,3387,background
GSE288483,GSM8768679_Pt1-1,GSE288483 | Pt1-1,4706,3273,background
GSE288483,GSM8768679_Pt1-1,GSE288483 | Pt1-1,4772,3388,background
GSE288483,GSM8768679_Pt1-1,GSE288483 | Pt1-1,4838,3273,background
GSE288483,GSM8768679_Pt1-1,GSE288483 | Pt1-1,4903,3388,background
GSE288483,GSM8768679_Pt1-1,GSE288483 | Pt1-1,4970,3273,background
GSE288483,GSM8768679_Pt1-1,GSE288483 | Pt1-1,5035,3388,background
GSE288483,GSM8768679_Pt1-1,GSE288483 | Pt1-1,5101,3274,background
GSE288483,GSM8768679_Pt1-1,GSE288483 | Pt1-1,5167,3389,background
GSE288483,GSM8768679_Pt1-1,GSE288483 | Pt1-1,5233,3274,background
GSE288483,GSM8768679_Pt1-1,GSE288483 | Pt1-1,5299,3389,background
GSE288483,GSM8768679_Pt1-1,GSE288483 | Pt1-1,5365,3275,background
GSE288483,GSM8768679_Pt1-1,GSE288483 | Pt1-1,5430,3389,background
GSE288483,GSM8768679_Pt1-1,GSE288483 | Pt1-1,5497,3275,background
GSE288483,GSM8768679_Pt1-1,GSE288483 | Pt1-1,5562,3390,background
GSE288483,GSM8768679_Pt1-1,GSE288483 | Pt1-1,5628,3275,background
GSE288483,GSM8768679_Pt1-1,GSE288483 | Pt1-1,5694,3390,background
GSE288483,GSM8768679_Pt1-1,GSE288483 | Pt1-1,5760,3276,background
GSE288483,GSM8768679_Pt1-1,GSE288483 | Pt1-1,5826,3390,background
GSE288483,GSM8768679_Pt1-1,GSE288483 | Pt1-1,5892,3276,background
GSE288483,GSM8768679_Pt1-1,GSE288483 | Pt1-1,5957,3391,background
GSE288483,GSM8768679_Pt1-1,GSE288483 | Pt1-1,6023,3276,background
GSE288483,GSM8768679_Pt1-1,GSE288483 | Pt1-1,6089,3391,background
GSE288483,GSM8768679_Pt1-1,GSE288483 | Pt1-1,6155,3277,background
GSE288483,GSM8768679_Pt1-1,GSE288483 | Pt1-1,6221,3391,background
GSE288483,GSM8768679_Pt1-1,GSE288483 | Pt1-1,6287,3277,background
GSE288483,GSM8768679_Pt1-1,GSE288483 | Pt1-1,6352,3392,background
GSE288483,GSM8768679_Pt1-1,GSE288483 | Pt1-1,6419,3277,background
GSE288483,GSM8768679_Pt1-1,GSE288483 | Pt1-1,6484,3392,background
GSE288483,GSM8768679_Pt1-1,GSE288483 | Pt1-1,6550,3278,background
GSE288483,GSM8768679_Pt1-1,GSE288483 | Pt1-1,6616,3393,background
GSE288483,GSM8768679_Pt1-1,GSE288483 | Pt1-1,6682,3278,background
GSE288483,GSM8768679_Pt1-1,GSE288483 | Pt1-1,6748,3393,background
GSE288483,GSM8768679_Pt1-1,GSE288483 | Pt1-1,6814,3278,background
GSE288483,GSM8768679_Pt1-1,GSE288483 | Pt1-1,6879,3393,background
GSE288483,GSM8768679_Pt1-1,GSE288483 | Pt1-1,6946,3279,background
GSE288483,GSM8768679_Pt1-1,GSE288483 | Pt1-1,7011,3394,background
GSE288483,GSM8768679_Pt1-1,GSE288483 | Pt1-1,7077,3279,background
GSE288483,GSM8768679_Pt1-1,GSE288483 | Pt1-1,7143,3394,background
GSE288483,GSM8768679_Pt1-1,GSE288483 | Pt1-1,7209,3280,background
GSE288483,GSM8768679_Pt1-1,GSE288483 | Pt1-1,7275,3394,background
GSE288483,GSM8768679_Pt1-1,GSE288483 | Pt1-1,7341,3280,background
GSE288483,GSM8768679_Pt1-1,GSE288483 | Pt1-1,7406,3395,background
GSE288483,GSM8768679_Pt1-1,GSE288483 | Pt1-1,2598,3496,background
GSE288483,GSM8768679_Pt1-1,GSE288483 | Pt1-1,2664,3611,background
GSE288483,GSM8768679_Pt1-1,GSE288483 | Pt1-1,2730,3497,background
GSE288483,GSM8768679_Pt1-1,GSE288483 | Pt1-1,2795,3611,background
GSE288483,GSM8768679_Pt1-1,GSE288483 | Pt1-1,2861,3497,background
GSE288483,GSM8768679_Pt1-1,GSE288483 | Pt1-1,2927,3612,background
GSE288483,GSM8768679_Pt1-1,GSE288483 | Pt1-1,2993,3497,background
GSE288483,GSM8768679_Pt1-1,GSE288483 | Pt1-1,3059,3612,background
GSE288483,GSM8768679_Pt1-1,GSE288483 | Pt1-1,3125,3498,background
GSE288483,GSM8768679_Pt1-1,GSE288483 | Pt1-1,3190,3612,background
GSE288483,GSM8768679_Pt1-1,GSE288483 | Pt1-1,3257,3498,background
GSE288483,GSM8768679_Pt1-1,GSE288483 | Pt1-1,3322,3613,background
GSE288483,GSM8768679_Pt1-1,GSE288483 | Pt1-1,3388,3498,background
GSE288483,GSM8768679_Pt1-1,GSE288483 | Pt1-1,3454,3613,background
GSE288483,GSM8768679_Pt1-1,GSE288483 | Pt1-1,3520,3499,background
GSE288483,GSM8768679_Pt1-1,GSE288483 | Pt1-1,3586,3614,background
GSE288483,GSM8768679_Pt1-1,GSE288483 | Pt1-1,3652,3499,background
GSE288483,GSM8768679_Pt1-1,GSE288483 | Pt1-1,3717,3614,background
GSE288483,GSM8768679_Pt1-1,GSE288483 | Pt1-1,3784,3499,background
GSE288483,GSM8768679_Pt1-1,GSE288483 | Pt1-1,3849,3614,background
GSE288483,GSM8768679_Pt1-1,GSE288483 | Pt1-1,3915,3500,background
GSE288483,GSM8768679_Pt1-1,GSE288483 | Pt1-1,3981,3615,background
GSE288483,GSM8768679_Pt1-1,GSE288483 | Pt1-1,4047,3500,background
GSE288483,GSM8768679_Pt1-1,GSE288483 | Pt1-1,4113,3615,background
GSE288483,GSM8768679_Pt1-1,GSE288483 | Pt1-1,4179,3501,background
GSE288483,GSM8768679_Pt1-1,GSE288483 | Pt1-1,4244,3615,background
GSE288483,GSM8768679_Pt1-1,GSE288483 | Pt1-1,4310,3501,background
GSE288483,GSM8768679_Pt1-1,GSE288483 | Pt1-1,4376,3616,background
GSE288483,GSM8768679_Pt1-1,GSE288483 | Pt1-1,4442,3501,background
GSE288483,GSM8768679_Pt1-1,GSE288483 | Pt1-1,4508,3616,background
GSE288483,GSM8768679_Pt1-1,GSE288483 | Pt1-1,4574,3502,background
GSE288483,GSM8768679_Pt1-1,GSE288483 | Pt1-1,4639,3616,background
GSE288483,GSM8768679_Pt1-1,GSE288483 | Pt1-1,4706,3502,background
GSE288483,GSM8768679_Pt1-1,GSE288483 | Pt1-1,4771,3617,background
GSE288483,GSM8768679_Pt1-1,GSE288483 | Pt1-1,4837,3502,background
GSE288483,GSM8768679_Pt1-1,GSE288483 | Pt1-1,4903,3617,background
GSE288483,GSM8768679_Pt1-1,GSE288483 | Pt1-1,4969,3503,background
GSE288483,GSM8768679_Pt1-1,GSE288483 | Pt1-1,5035,3617,background
GSE288483,GSM8768679_Pt1-1,GSE288483 | Pt1-1,5101,3503,background
GSE288483,GSM8768679_Pt1-1,GSE288483 | Pt1-1,5166,3618,background
GSE288483,GSM8768679_Pt1-1,GSE288483 | Pt1-1,5232,3503,background
GSE288483,GSM8768679_Pt1-1,GSE288483 | Pt1-1,5298,3618,background
GSE288483,GSM8768679_Pt1-1,GSE288483 | Pt1-1,5364,3504,background
GSE288483,GSM8768679_Pt1-1,GSE288483 | Pt1-1,5430,3619,background
GSE288483,GSM8768679_Pt1-1,GSE288483 | Pt1-1,5496,3504,background
GSE288483,GSM8768679_Pt1-1,GSE288483 | Pt1-1,5561,3619,background
GSE288483,GSM8768679_Pt1-1,GSE288483 | Pt1-1,5628,3504,background
GSE288483,GSM8768679_Pt1-1,GSE288483 | Pt1-1,5693,3619,background
GSE288483,GSM8768679_Pt1-1,GSE288483 | Pt1-1,5759,3505,background
GSE288483,GSM8768679_Pt1-1,GSE288483 | Pt1-1,5825,3620,background
GSE288483,GSM8768679_Pt1-1,GSE288483 | Pt1-1,5891,3505,background
GSE288483,GSM8768679_Pt1-1,GSE288483 | Pt1-1,5957,3620,background
GSE288483,GSM8768679_Pt1-1,GSE288483 | Pt1-1,6023,3506,background
GSE288483,GSM8768679_Pt1-1,GSE288483 | Pt1-1,6088,3620,background
GSE288483,GSM8768679_Pt1-1,GSE288483 | Pt1-1,6155,3506,background
GSE288483,GSM8768679_Pt1-1,GSE288483 | Pt1-1,6220,3621,background
GSE288483,GSM8768679_Pt1-1,GSE288483 | Pt1-1,6286,3506,background
GSE288483,GSM8768679_Pt1-1,GSE288483 | Pt1-1,6352,3621,background
GSE288483,GSM8768679_Pt1-1,GSE288483 | Pt1-1,6418,3507,background
GSE288483,GSM8768679_Pt1-1,GSE288483 | Pt1-1,6484,3621,background
GSE288483,GSM8768679_Pt1-1,GSE288483 | Pt1-1,6550,3507,background
GSE288483,GSM8768679_Pt1-1,GSE288483 | Pt1-1,6615,3622,background
GSE288483,GSM8768679_Pt1-1,GSE288483 | Pt1-1,6681,3507,background
GSE288483,GSM8768679_Pt1-1,GSE288483 | Pt1-1,6747,3622,background
GSE288483,GSM8768679_Pt1-1,GSE288483 | Pt1-1,6813,3508,background
GSE288483,GSM8768679_Pt1-1,GSE288483 | Pt1-1,6879,3622,background
GSE288483,GSM8768679_Pt1-1,GSE288483 | Pt1-1,6945,3508,background
GSE288483,GSM8768679_Pt1-1,GSE288483 | Pt1-1,7010,3623,background
GSE288483,GSM8768679_Pt1-1,GSE288483 | Pt1-1,7077,3508,background
GSE288483,GSM8768679_Pt1-1,GSE288483 | Pt1-1,7142,3623,background
GSE288483,GSM8768679_Pt1-1,GSE288483 | Pt1-1,7208,3509,background
GSE288483,GSM8768679_Pt1-1,GSE288483 | Pt1-1,7274,3624,background
GSE288483,GSM8768679_Pt1-1,GSE288483 | Pt1-1,7340,3509,background
GSE288483,GSM8768679_Pt1-1,GSE288483 | Pt1-1,7406,3624,background
GSE288483,GSM8768679_Pt1-1,GSE288483 | Pt1-1,2597,3725,background
GSE288483,GSM8768679_Pt1-1,GSE288483 | Pt1-1,2663,3840,background
GSE288483,GSM8768679_Pt1-1,GSE288483 | Pt1-1,2729,3726,background
GSE288483,GSM8768679_Pt1-1,GSE288483 | Pt1-1,2795,3841,background
GSE288483,GSM8768679_Pt1-1,GSE288483 | Pt1-1,2861,3726,background
GSE288483,GSM8768679_Pt1-1,GSE288483 | Pt1-1,2926,3841,background
GSE288483,GSM8768679_Pt1-1,GSE288483 | Pt1-1,2993,3727,background
GSE288483,GSM8768679_Pt1-1,GSE288483 | Pt1-1,3058,3841,background
GSE288483,GSM8768679_Pt1-1,GSE288483 | Pt1-1,3124,3727,background
GSE288483,GSM8768679_Pt1-1,GSE288483 | Pt1-1,3190,3842,background
GSE288483,GSM8768679_Pt1-1,GSE288483 | Pt1-1,3256,3727,background
GSE288483,GSM8768679_Pt1-1,GSE288483 | Pt1-1,3322,3842,background
GSE288483,GSM8768679_Pt1-1,GSE288483 | Pt1-1,3388,3728,background
GSE288483,GSM8768679_Pt1-1,GSE288483 | Pt1-1,3519,3728,background
GSE288483,GSM8768679_Pt1-1,GSE288483 | Pt1-1,3585,3843,background
GSE288483,GSM8768679_Pt1-1,GSE288483 | Pt1-1,3651,3728,background
GSE288483,GSM8768679_Pt1-1,GSE288483 | Pt1-1,3717,3843,background
GSE288483,GSM8768679_Pt1-1,GSE288483 | Pt1-1,3783,3729,background
GSE288483,GSM8768679_Pt1-1,GSE288483 | Pt1-1,3848,3843,background
GSE288483,GSM8768679_Pt1-1,GSE288483 | Pt1-1,3915,3729,background
GSE288483,GSM8768679_Pt1-1,GSE288483 | Pt1-1,3980,3844,background
GSE288483,GSM8768679_Pt1-1,GSE288483 | Pt1-1,4046,3729,background
GSE288483,GSM8768679_Pt1-1,GSE288483 | Pt1-1,4112,3844,background
GSE288483,GSM8768679_Pt1-1,GSE288483 | Pt1-1,4178,3730,background
GSE288483,GSM8768679_Pt1-1,GSE288483 | Pt1-1,4244,3845,background
GSE288483,GSM8768679_Pt1-1,GSE288483 | Pt1-1,4310,3730,background
GSE288483,GSM8768679_Pt1-1,GSE288483 | Pt1-1,4375,3845,background
GSE288483,GSM8768679_Pt1-1,GSE288483 | Pt1-1,4442,3730,background
GSE288483,GSM8768679_Pt1-1,GSE288483 | Pt1-1,4507,3845,background
GSE288483,GSM8768679_Pt1-1,GSE288483 | Pt1-1,4573,3731,background
GSE288483,GSM8768679_Pt1-1,GSE288483 | Pt1-1,4639,3846,background
GSE288483,GSM8768679_Pt1-1,GSE288483 | Pt1-1,4705,3731,background
GSE288483,GSM8768679_Pt1-1,GSE288483 | Pt1-1,4771,3846,background
GSE288483,GSM8768679_Pt1-1,GSE288483 | Pt1-1,4837,3732,background
GSE288483,GSM8768679_Pt1-1,GSE288483 | Pt1-1,4902,3846,background
GSE288483,GSM8768679_Pt1-1,GSE288483 | Pt1-1,4968,3732,background
GSE288483,GSM8768679_Pt1-1,GSE288483 | Pt1-1,5034,3847,background
GSE288483,GSM8768679_Pt1-1,GSE288483 | Pt1-1,5100,3732,background
GSE288483,GSM8768679_Pt1-1,GSE288483 | Pt1-1,5166,3847,background
GSE288483,GSM8768679_Pt1-1,GSE288483 | Pt1-1,5232,3733,background
GSE288483,GSM8768679_Pt1-1,GSE288483 | Pt1-1,5297,3847,background
GSE288483,GSM8768679_Pt1-1,GSE288483 | Pt1-1,5364,3733,background
GSE288483,GSM8768679_Pt1-1,GSE288483 | Pt1-1,5429,3848,background
GSE288483,GSM8768679_Pt1-1,GSE288483 | Pt1-1,5495,3733,background
GSE288483,GSM8768679_Pt1-1,GSE288483 | Pt1-1,5561,3848,background
GSE288483,GSM8768679_Pt1-1,GSE288483 | Pt1-1,5627,3734,background
GSE288483,GSM8768679_Pt1-1,GSE288483 | Pt1-1,5693,3848,background
GSE288483,GSM8768679_Pt1-1,GSE288483 | Pt1-1,5759,3734,background
GSE288483,GSM8768679_Pt1-1,GSE288483 | Pt1-1,5824,3849,background
GSE288483,GSM8768679_Pt1-1,GSE288483 | Pt1-1,5891,3734,background
GSE288483,GSM8768679_Pt1-1,GSE288483 | Pt1-1,5956,3849,background
GSE288483,GSM8768679_Pt1-1,GSE288483 | Pt1-1,6022,3735,background
GSE288483,GSM8768679_Pt1-1,GSE288483 | Pt1-1,6088,3850,background
GSE288483,GSM8768679_Pt1-1,GSE288483 | Pt1-1,6154,3735,background
GSE288483,GSM8768679_Pt1-1,GSE288483 | Pt1-1,6220,3850,background
GSE288483,GSM8768679_Pt1-1,GSE288483 | Pt1-1,6286,3735,background
GSE288483,GSM8768679_Pt1-1,GSE288483 | Pt1-1,6351,3850,background
GSE288483,GSM8768679_Pt1-1,GSE288483 | Pt1-1,6417,3736,background
GSE288483,GSM8768679_Pt1-1,GSE288483 | Pt1-1,6483,3851,background
GSE288483,GSM8768679_Pt1-1,GSE288483 | Pt1-1,6549,3736,background
GSE288483,GSM8768679_Pt1-1,GSE288483 | Pt1-1,6615,3851,background
GSE288483,GSM8768679_Pt1-1,GSE288483 | Pt1-1,6681,3737,background
GSE288483,GSM8768679_Pt1-1,GSE288483 | Pt1-1,6746,3851,background
GSE288483,GSM8768679_Pt1-1,GSE288483 | Pt1-1,6813,3737,background
GSE288483,GSM8768679_Pt1-1,GSE288483 | Pt1-1,6878,3852,background
GSE288483,GSM8768679_Pt1-1,GSE288483 | Pt1-1,6944,3737,background
GSE288483,GSM8768679_Pt1-1,GSE288483 | Pt1-1,7010,3852,background
GSE288483,GSM8768679_Pt1-1,GSE288483 | Pt1-1,7076,3738,background
GSE288483,GSM8768679_Pt1-1,GSE288483 | Pt1-1,7142,3852,background
GSE288483,GSM8768679_Pt1-1,GSE288483 | Pt1-1,7208,3738,background
GSE288483,GSM8768679_Pt1-1,GSE288483 | Pt1-1,7273,3853,background
GSE288483,GSM8768679_Pt1-1,GSE288483 | Pt1-1,7339,3738,background
GSE288483,GSM8768679_Pt1-1,GSE288483 | Pt1-1,7405,3853,background
GSE288483,GSM8768679_Pt1-1,GSE288483 | Pt1-1,7471,3739,background
GSE288483,GSM8768679_Pt1-1,GSE288483 | Pt1-1,2662,4069,background
GSE288483,GSM8768679_Pt1-1,GSE288483 | Pt1-1,2728,3955,background
GSE288483,GSM8768679_Pt1-1,GSE288483 | Pt1-1,2794,4070,background
GSE288483,GSM8768679_Pt1-1,GSE288483 | Pt1-1,2860,3955,background
GSE288483,GSM8768679_Pt1-1,GSE288483 | Pt1-1,2926,4070,background
GSE288483,GSM8768679_Pt1-1,GSE288483 | Pt1-1,2992,3956,background
GSE288483,GSM8768679_Pt1-1,GSE288483 | Pt1-1,3057,4071,background
GSE288483,GSM8768679_Pt1-1,GSE288483 | Pt1-1,3124,3956,background
GSE288483,GSM8768679_Pt1-1,GSE288483 | Pt1-1,3189,4071,background
GSE288483,GSM8768679_Pt1-1,GSE288483 | Pt1-1,3255,3956,background
GSE288483,GSM8768679_Pt1-1,GSE288483 | Pt1-1,3321,4071,background
GSE288483,GSM8768679_Pt1-1,GSE288483 | Pt1-1,3584,4072,background
GSE288483,GSM8768679_Pt1-1,GSE288483 | Pt1-1,3651,3958,background
GSE288483,GSM8768679_Pt1-1,GSE288483 | Pt1-1,3716,4072,background
GSE288483,GSM8768679_Pt1-1,GSE288483 | Pt1-1,3782,3958,background
GSE288483,GSM8768679_Pt1-1,GSE288483 | Pt1-1,3848,4073,background
GSE288483,GSM8768679_Pt1-1,GSE288483 | Pt1-1,3914,3958,background
GSE288483,GSM8768679_Pt1-1,GSE288483 | Pt1-1,3980,4073,background
GSE288483,GSM8768679_Pt1-1,GSE288483 | Pt1-1,4046,3959,background
GSE288483,GSM8768679_Pt1-1,GSE288483 | Pt1-1,4111,4073,background
GSE288483,GSM8768679_Pt1-1,GSE288483 | Pt1-1,4177,3959,background
GSE288483,GSM8768679_Pt1-1,GSE288483 | Pt1-1,4243,4074,background
GSE288483,GSM8768679_Pt1-1,GSE288483 | Pt1-1,4309,3959,background
GSE288483,GSM8768679_Pt1-1,GSE288483 | Pt1-1,4375,4074,background
GSE288483,GSM8768679_Pt1-1,GSE288483 | Pt1-1,4441,3960,background
GSE288483,GSM8768679_Pt1-1,GSE288483 | Pt1-1,4506,4074,background
GSE288483,GSM8768679_Pt1-1,GSE288483 | Pt1-1,4573,3960,background
GSE288483,GSM8768679_Pt1-1,GSE288483 | Pt1-1,4638,4075,background
GSE288483,GSM8768679_Pt1-1,GSE288483 | Pt1-1,4704,3960,background
GSE288483,GSM8768679_Pt1-1,GSE288483 | Pt1-1,4770,4075,background
GSE288483,GSM8768679_Pt1-1,GSE288483 | Pt1-1,4836,3961,background
GSE288483,GSM8768679_Pt1-1,GSE288483 | Pt1-1,4902,4076,background
GSE288483,GSM8768679_Pt1-1,GSE288483 | Pt1-1,4968,3961,background
GSE288483,GSM8768679_Pt1-1,GSE288483 | Pt1-1,5033,4076,background
GSE288483,GSM8768679_Pt1-1,GSE288483 | Pt1-1,5100,3961,background
GSE288483,GSM8768679_Pt1-1,GSE288483 | Pt1-1,5165,4076,background
GSE288483,GSM8768679_Pt1-1,GSE288483 | Pt1-1,5231,3962,background
GSE288483,GSM8768679_Pt1-1,GSE288483 | Pt1-1,5297,4077,background
GSE288483,GSM8768679_Pt1-1,GSE288483 | Pt1-1,5363,3962,background
GSE288483,GSM8768679_Pt1-1,GSE288483 | Pt1-1,5429,4077,background
GSE288483,GSM8768679_Pt1-1,GSE288483 | Pt1-1,5495,3963,background
GSE288483,GSM8768679_Pt1-1,GSE288483 | Pt1-1,5560,4077,background
GSE288483,GSM8768679_Pt1-1,GSE288483 | Pt1-1,5626,3963,background
GSE288483,GSM8768679_Pt1-1,GSE288483 | Pt1-1,5692,4078,background
GSE288483,GSM8768679_Pt1-1,GSE288483 | Pt1-1,5758,3963,background
GSE288483,GSM8768679_Pt1-1,GSE288483 | Pt1-1,5824,4078,background
GSE288483,GSM8768679_Pt1-1,GSE288483 | Pt1-1,5890,3964,background
GSE288483,GSM8768679_Pt1-1,GSE288483 | Pt1-1,5955,4078,background
GSE288483,GSM8768679_Pt1-1,GSE288483 | Pt1-1,6022,3964,background
GSE288483,GSM8768679_Pt1-1,GSE288483 | Pt1-1,6087,4079,background
GSE288483,GSM8768679_Pt1-1,GSE288483 | Pt1-1,6153,3964,background
GSE288483,GSM8768679_Pt1-1,GSE288483 | Pt1-1,6219,4079,background
GSE288483,GSM8768679_Pt1-1,GSE288483 | Pt1-1,6285,3965,background
GSE288483,GSM8768679_Pt1-1,GSE288483 | Pt1-1,6351,4079,background
GSE288483,GSM8768679_Pt1-1,GSE288483 | Pt1-1,6417,3965,background
GSE288483,GSM8768679_Pt1-1,GSE288483 | Pt1-1,6482,4080,background
GSE288483,GSM8768679_Pt1-1,GSE288483 | Pt1-1,6549,3965,background
GSE288483,GSM8768679_Pt1-1,GSE288483 | Pt1-1,6614,4080,background
GSE288483,GSM8768679_Pt1-1,GSE288483 | Pt1-1,6680,3966,background
GSE288483,GSM8768679_Pt1-1,GSE288483 | Pt1-1,6746,4080,background
GSE288483,GSM8768679_Pt1-1,GSE288483 | Pt1-1,6812,3966,background
GSE288483,GSM8768679_Pt1-1,GSE288483 | Pt1-1,6878,4081,background
GSE288483,GSM8768679_Pt1-1,GSE288483 | Pt1-1,6944,3966,background
GSE288483,GSM8768679_Pt1-1,GSE288483 | Pt1-1,7009,4081,background
GSE288483,GSM8768679_Pt1-1,GSE288483 | Pt1-1,7075,3967,background
GSE288483,GSM8768679_Pt1-1,GSE288483 | Pt1-1,7141,4082,background
GSE288483,GSM8768679_Pt1-1,GSE288483 | Pt1-1,7207,3967,background
GSE288483,GSM8768679_Pt1-1,GSE288483 | Pt1-1,7273,4082,background
GSE288483,GSM8768679_Pt1-1,GSE288483 | Pt1-1,7339,3967,background
GSE288483,GSM8768679_Pt1-1,GSE288483 | Pt1-1,7404,4082,background
GSE288483,GSM8768679_Pt1-1,GSE288483 | Pt1-1,7471,3968,background
GSE288483,GSM8768679_Pt1-1,GSE288483 | Pt1-1,7536,4083,background
GSE288483,GSM8768679_Pt1-1,GSE288483 | Pt1-1,2662,4299,background
GSE288483,GSM8768679_Pt1-1,GSE288483 | Pt1-1,2728,4184,background
GSE288483,GSM8768679_Pt1-1,GSE288483 | Pt1-1,2793,4299,background
GSE288483,GSM8768679_Pt1-1,GSE288483 | Pt1-1,2860,4185,background
GSE288483,GSM8768679_Pt1-1,GSE288483 | Pt1-1,2925,4299,background
GSE288483,GSM8768679_Pt1-1,GSE288483 | Pt1-1,2991,4185,background
GSE288483,GSM8768679_Pt1-1,GSE288483 | Pt1-1,3057,4300,background
GSE288483,GSM8768679_Pt1-1,GSE288483 | Pt1-1,3123,4185,background
GSE288483,GSM8768679_Pt1-1,GSE288483 | Pt1-1,3189,4300,background
GSE288483,GSM8768679_Pt1-1,GSE288483 | Pt1-1,3255,4186,background
GSE288483,GSM8768679_Pt1-1,GSE288483 | Pt1-1,3320,4300,background
GSE288483,GSM8768679_Pt1-1,GSE288483 | Pt1-1,3518,4186,background
GSE288483,GSM8768679_Pt1-1,GSE288483 | Pt1-1,3584,4301,background
GSE288483,GSM8768679_Pt1-1,GSE288483 | Pt1-1,3650,4187,background
GSE288483,GSM8768679_Pt1-1,GSE288483 | Pt1-1,3716,4302,background
GSE288483,GSM8768679_Pt1-1,GSE288483 | Pt1-1,3782,4187,background
GSE288483,GSM8768679_Pt1-1,GSE288483 | Pt1-1,3847,4302,background
GSE288483,GSM8768679_Pt1-1,GSE288483 | Pt1-1,3913,4187,background
GSE288483,GSM8768679_Pt1-1,GSE288483 | Pt1-1,3979,4302,background
GSE288483,GSM8768679_Pt1-1,GSE288483 | Pt1-1,4045,4188,background
GSE288483,GSM8768679_Pt1-1,GSE288483 | Pt1-1,4111,4303,background
GSE288483,GSM8768679_Pt1-1,GSE288483 | Pt1-1,4177,4188,background
GSE288483,GSM8768679_Pt1-1,GSE288483 | Pt1-1,4242,4303,background
GSE288483,GSM8768679_Pt1-1,GSE288483 | Pt1-1,4309,4189,background
GSE288483,GSM8768679_Pt1-1,GSE288483 | Pt1-1,4374,4303,background
GSE288483,GSM8768679_Pt1-1,GSE288483 | Pt1-1,4440,4189,background
GSE288483,GSM8768679_Pt1-1,GSE288483 | Pt1-1,4506,4304,background
GSE288483,GSM8768679_Pt1-1,GSE288483 | Pt1-1,4572,4189,background
GSE288483,GSM8768679_Pt1-1,GSE288483 | Pt1-1,4638,4304,background
GSE288483,GSM8768679_Pt1-1,GSE288483 | Pt1-1,4704,4190,background
GSE288483,GSM8768679_Pt1-1,GSE288483 | Pt1-1,4769,4304,background
GSE288483,GSM8768679_Pt1-1,GSE288483 | Pt1-1,4835,4190,background
GSE288483,GSM8768679_Pt1-1,GSE288483 | Pt1-1,4901,4305,background
GSE288483,GSM8768679_Pt1-1,GSE288483 | Pt1-1,4967,4190,background
GSE288483,GSM8768679_Pt1-1,GSE288483 | Pt1-1,5033,4305,background
GSE288483,GSM8768679_Pt1-1,GSE288483 | Pt1-1,5099,4191,background
GSE288483,GSM8768679_Pt1-1,GSE288483 | Pt1-1,5164,4305,background
GSE288483,GSM8768679_Pt1-1,GSE288483 | Pt1-1,5231,4191,background
GSE288483,GSM8768679_Pt1-1,GSE288483 | Pt1-1,5296,4306,background
GSE288483,GSM8768679_Pt1-1,GSE288483 | Pt1-1,5362,4191,background
GSE288483,GSM8768679_Pt1-1,GSE288483 | Pt1-1,5428,4306,background
GSE288483,GSM8768679_Pt1-1,GSE288483 | Pt1-1,5494,4192,background
GSE288483,GSM8768679_Pt1-1,GSE288483 | Pt1-1,5560,4306,background
GSE288483,GSM8768679_Pt1-1,GSE288483 | Pt1-1,5626,4192,background
GSE288483,GSM8768679_Pt1-1,GSE288483 | Pt1-1,5691,4307,background
GSE288483,GSM8768679_Pt1-1,GSE288483 | Pt1-1,5758,4192,background
GSE288483,GSM8768679_Pt1-1,GSE288483 | Pt1-1,5823,4307,background
GSE288483,GSM8768679_Pt1-1,GSE288483 | Pt1-1,5889,4193,background
GSE288483,GSM8768679_Pt1-1,GSE288483 | Pt1-1,5955,4308,background
GSE288483,GSM8768679_Pt1-1,GSE288483 | Pt1-1,6021,4193,background
GSE288483,GSM8768679_Pt1-1,GSE288483 | Pt1-1,6087,4308,background
GSE288483,GSM8768679_Pt1-1,GSE288483 | Pt1-1,6153,4193,background
GSE288483,GSM8768679_Pt1-1,GSE288483 | Pt1-1,6218,4308,background
GSE288483,GSM8768679_Pt1-1,GSE288483 | Pt1-1,6284,4194,background
GSE288483,GSM8768679_Pt1-1,GSE288483 | Pt1-1,6350,4309,background
GSE288483,GSM8768679_Pt1-1,GSE288483 | Pt1-1,6416,4194,background
GSE288483,GSM8768679_Pt1-1,GSE288483 | Pt1-1,6482,4309,background
GSE288483,GSM8768679_Pt1-1,GSE288483 | Pt1-1,6548,4195,background
GSE288483,GSM8768679_Pt1-1,GSE288483 | Pt1-1,6613,4309,background
GSE288483,GSM8768679_Pt1-1,GSE288483 | Pt1-1,6680,4195,background
GSE288483,GSM8768679_Pt1-1,GSE288483 | Pt1-1,6745,4310,background
GSE288483,GSM8768679_Pt1-1,GSE288483 | Pt1-1,6811,4195,background
GSE288483,GSM8768679_Pt1-1,GSE288483 | Pt1-1,6877,4310,background
GSE288483,GSM8768679_Pt1-1,GSE288483 | Pt1-1,6943,4196,background
GSE288483,GSM8768679_Pt1-1,GSE288483 | Pt1-1,7009,4310,background
GSE288483,GSM8768679_Pt1-1,GSE288483 | Pt1-1,7075,4196,background
GSE288483,GSM8768679_Pt1-1,GSE288483 | Pt1-1,7140,4311,background
GSE288483,GSM8768679_Pt1-1,GSE288483 | Pt1-1,7207,4196,background
GSE288483,GSM8768679_Pt1-1,GSE288483 | Pt1-1,7272,4311,background
GSE288483,GSM8768679_Pt1-1,GSE288483 | Pt1-1,7338,4197,background
GSE288483,GSM8768679_Pt1-1,GSE288483 | Pt1-1,7404,4311,background
GSE288483,GSM8768679_Pt1-1,GSE288483 | Pt1-1,7470,4197,background
GSE288483,GSM8768679_Pt1-1,GSE288483 | Pt1-1,7536,4312,background
GSE288483,GSM8768679_Pt1-1,GSE288483 | Pt1-1,2727,4413,background
GSE288483,GSM8768679_Pt1-1,GSE288483 | Pt1-1,2793,4528,background
GSE288483,GSM8768679_Pt1-1,GSE288483 | Pt1-1,2859,4414,background
GSE288483,GSM8768679_Pt1-1,GSE288483 | Pt1-1,2925,4529,background
GSE288483,GSM8768679_Pt1-1,GSE288483 | Pt1-1,2991,4414,background
GSE288483,GSM8768679_Pt1-1,GSE288483 | Pt1-1,3056,4529,background
GSE288483,GSM8768679_Pt1-1,GSE288483 | Pt1-1,3122,4415,background
GSE288483,GSM8768679_Pt1-1,GSE288483 | Pt1-1,3188,4529,background
GSE288483,GSM8768679_Pt1-1,GSE288483 | Pt1-1,3254,4415,background
GSE288483,GSM8768679_Pt1-1,GSE288483 | Pt1-1,3451,4530,background
GSE288483,GSM8768679_Pt1-1,GSE288483 | Pt1-1,3518,4416,background
GSE288483,GSM8768679_Pt1-1,GSE288483 | Pt1-1,3583,4530,background
GSE288483,GSM8768679_Pt1-1,GSE288483 | Pt1-1,3649,4416,background
GSE288483,GSM8768679_Pt1-1,GSE288483 | Pt1-1,3715,4531,background
GSE288483,GSM8768679_Pt1-1,GSE288483 | Pt1-1,3781,4416,background
GSE288483,GSM8768679_Pt1-1,GSE288483 | Pt1-1,3847,4531,background
GSE288483,GSM8768679_Pt1-1,GSE288483 | Pt1-1,3913,4417,background
GSE288483,GSM8768679_Pt1-1,GSE288483 | Pt1-1,3978,4531,background
GSE288483,GSM8768679_Pt1-1,GSE288483 | Pt1-1,4045,4417,background
GSE288483,GSM8768679_Pt1-1,GSE288483 | Pt1-1,4110,4532,background
GSE288483,GSM8768679_Pt1-1,GSE288483 | Pt1-1,4176,4417,background
GSE288483,GSM8768679_Pt1-1,GSE288483 | Pt1-1,4242,4532,background
GSE288483,GSM8768679_Pt1-1,GSE288483 | Pt1-1,4308,4418,background
GSE288483,GSM8768679_Pt1-1,GSE288483 | Pt1-1,4374,4532,background
GSE288483,GSM8768679_Pt1-1,GSE288483 | Pt1-1,4440,4418,background
GSE288483,GSM8768679_Pt1-1,GSE288483 | Pt1-1,4505,4533,background
GSE288483,GSM8768679_Pt1-1,GSE288483 | Pt1-1,4571,4418,background
GSE288483,GSM8768679_Pt1-1,GSE288483 | Pt1-1,4637,4533,background
GSE288483,GSM8768679_Pt1-1,GSE288483 | Pt1-1,4703,4419,background
GSE288483,GSM8768679_Pt1-1,GSE288483 | Pt1-1,4769,4534,background
GSE288483,GSM8768679_Pt1-1,GSE288483 | Pt1-1,4835,4419,background
GSE288483,GSM8768679_Pt1-1,GSE288483 | Pt1-1,4900,4534,background
GSE288483,GSM8768679_Pt1-1,GSE288483 | Pt1-1,4967,4419,background
GSE288483,GSM8768679_Pt1-1,GSE288483 | Pt1-1,5032,4534,background
GSE288483,GSM8768679_Pt1-1,GSE288483 | Pt1-1,5098,4420,background
GSE288483,GSM8768679_Pt1-1,GSE288483 | Pt1-1,5164,4535,background
GSE288483,GSM8768679_Pt1-1,GSE288483 | Pt1-1,5230,4420,background
GSE288483,GSM8768679_Pt1-1,GSE288483 | Pt1-1,5296,4535,background
GSE288483,GSM8768679_Pt1-1,GSE288483 | Pt1-1,5362,4421,background
GSE288483,GSM8768679_Pt1-1,GSE288483 | Pt1-1,5427,4535,background
GSE288483,GSM8768679_Pt1-1,GSE288483 | Pt1-1,5493,4421,background
GSE288483,GSM8768679_Pt1-1,GSE288483 | Pt1-1,5559,4536,background
GSE288483,GSM8768679_Pt1-1,GSE288483 | Pt1-1,5625,4421,background
GSE288483,GSM8768679_Pt1-1,GSE288483 | Pt1-1,5691,4536,background
GSE288483,GSM8768679_Pt1-1,GSE288483 | Pt1-1,5757,4422,background
GSE288483,GSM8768679_Pt1-1,GSE288483 | Pt1-1,5822,4536,background
GSE288483,GSM8768679_Pt1-1,GSE288483 | Pt1-1,5889,4422,background
GSE288483,GSM8768679_Pt1-1,GSE288483 | Pt1-1,5954,4537,background
GSE288483,GSM8768679_Pt1-1,GSE288483 | Pt1-1,6020,4422,background
GSE288483,GSM8768679_Pt1-1,GSE288483 | Pt1-1,6086,4537,background
GSE288483,GSM8768679_Pt1-1,GSE288483 | Pt1-1,6152,4423,background
GSE288483,GSM8768679_Pt1-1,GSE288483 | Pt1-1,6218,4537,background
GSE288483,GSM8768679_Pt1-1,GSE288483 | Pt1-1,6284,4423,background
GSE288483,GSM8768679_Pt1-1,GSE288483 | Pt1-1,6349,4538,background
GSE288483,GSM8768679_Pt1-1,GSE288483 | Pt1-1,6416,4423,background
GSE288483,GSM8768679_Pt1-1,GSE288483 | Pt1-1,6481,4538,background
GSE288483,GSM8768679_Pt1-1,GSE288483 | Pt1-1,6547,4424,background
GSE288483,GSM8768679_Pt1-1,GSE288483 | Pt1-1,6613,4539,background
GSE288483,GSM8768679_Pt1-1,GSE288483 | Pt1-1,6679,4424,background
GSE288483,GSM8768679_Pt1-1,GSE288483 | Pt1-1,6745,4539,background
GSE288483,GSM8768679_Pt1-1,GSE288483 | Pt1-1,6811,4424,background
GSE288483,GSM8768679_Pt1-1,GSE288483 | Pt1-1,6876,4539,background
GSE288483,GSM8768679_Pt1-1,GSE288483 | Pt1-1,6942,4425,background
GSE288483,GSM8768679_Pt1-1,GSE288483 | Pt1-1,7008,4540,background
GSE288483,GSM8768679_Pt1-1,GSE288483 | Pt1-1,7074,4425,background
GSE288483,GSM8768679_Pt1-1,GSE288483 | Pt1-1,7140,4540,background
GSE288483,GSM8768679_Pt1-1,GSE288483 | Pt1-1,7206,4426,background
GSE288483,GSM8768679_Pt1-1,GSE288483 | Pt1-1,7271,4540,background
GSE288483,GSM8768679_Pt1-1,GSE288483 | Pt1-1,7338,4426,background
GSE288483,GSM8768679_Pt1-1,GSE288483 | Pt1-1,7403,4541,background
GSE288483,GSM8768679_Pt1-1,GSE288483 | Pt1-1,7469,4426,background
GSE288483,GSM8768679_Pt1-1,GSE288483 | Pt1-1,7535,4541,background
GSE288483,GSM8768679_Pt1-1,GSE288483 | Pt1-1,7601,4427,background
GSE288483,GSM8768679_Pt1-1,GSE288483 | Pt1-1,2727,4643,background
GSE288483,GSM8768679_Pt1-1,GSE288483 | Pt1-1,2792,4757,background
GSE288483,GSM8768679_Pt1-1,GSE288483 | Pt1-1,2858,4643,background
GSE288483,GSM8768679_Pt1-1,GSE288483 | Pt1-1,2924,4758,background
GSE288483,GSM8768679_Pt1-1,GSE288483 | Pt1-1,2990,4643,background
GSE288483,GSM8768679_Pt1-1,GSE288483 | Pt1-1,3056,4758,background
GSE288483,GSM8768679_Pt1-1,GSE288483 | Pt1-1,3122,4644,background
GSE288483,GSM8768679_Pt1-1,GSE288483 | Pt1-1,3187,4758,background
GSE288483,GSM8768679_Pt1-1,GSE288483 | Pt1-1,3254,4644,background
GSE288483,GSM8768679_Pt1-1,GSE288483 | Pt1-1,3319,4759,background
GSE288483,GSM8768679_Pt1-1,GSE288483 | Pt1-1,3385,4644,background
GSE288483,GSM8768679_Pt1-1,GSE288483 | Pt1-1,3451,4759,background
GSE288483,GSM8768679_Pt1-1,GSE288483 | Pt1-1,3517,4645,background
GSE288483,GSM8768679_Pt1-1,GSE288483 | Pt1-1,3583,4760,background
GSE288483,GSM8768679_Pt1-1,GSE288483 | Pt1-1,3649,4645,background
GSE288483,GSM8768679_Pt1-1,GSE288483 | Pt1-1,3714,4760,background
GSE288483,GSM8768679_Pt1-1,GSE288483 | Pt1-1,3780,4645,background
GSE288483,GSM8768679_Pt1-1,GSE288483 | Pt1-1,3846,4760,background
GSE288483,GSM8768679_Pt1-1,GSE288483 | Pt1-1,3912,4646,background
GSE288483,GSM8768679_Pt1-1,GSE288483 | Pt1-1,3978,4761,background
GSE288483,GSM8768679_Pt1-1,GSE288483 | Pt1-1,4044,4646,background
GSE288483,GSM8768679_Pt1-1,GSE288483 | Pt1-1,4109,4761,background
GSE288483,GSM8768679_Pt1-1,GSE288483 | Pt1-1,4176,4647,background
GSE288483,GSM8768679_Pt1-1,GSE288483 | Pt1-1,4241,4761,background
GSE288483,GSM8768679_Pt1-1,GSE288483 | Pt1-1,4307,4647,background
GSE288483,GSM8768679_Pt1-1,GSE288483 | Pt1-1,4439,4647,background
GSE288483,GSM8768679_Pt1-1,GSE288483 | Pt1-1,4505,4762,background
GSE288483,GSM8768679_Pt1-1,GSE288483 | Pt1-1,4571,4648,background
GSE288483,GSM8768679_Pt1-1,GSE288483 | Pt1-1,4636,4762,background
GSE288483,GSM8768679_Pt1-1,GSE288483 | Pt1-1,4703,4648,background
GSE288483,GSM8768679_Pt1-1,GSE288483 | Pt1-1,4768,4763,background
GSE288483,GSM8768679_Pt1-1,GSE288483 | Pt1-1,4834,4648,background
GSE288483,GSM8768679_Pt1-1,GSE288483 | Pt1-1,4900,4763,background
GSE288483,GSM8768679_Pt1-1,GSE288483 | Pt1-1,4966,4649,background
GSE288483,GSM8768679_Pt1-1,GSE288483 | Pt1-1,5032,4763,background
GSE288483,GSM8768679_Pt1-1,GSE288483 | Pt1-1,5098,4649,background
GSE288483,GSM8768679_Pt1-1,GSE288483 | Pt1-1,5163,4764,background
GSE288483,GSM8768679_Pt1-1,GSE288483 | Pt1-1,5229,4649,background
GSE288483,GSM8768679_Pt1-1,GSE288483 | Pt1-1,5295,4764,background
GSE288483,GSM8768679_Pt1-1,GSE288483 | Pt1-1,5361,4650,background
GSE288483,GSM8768679_Pt1-1,GSE288483 | Pt1-1,5427,4765,background
GSE288483,GSM8768679_Pt1-1,GSE288483 | Pt1-1,5493,4650,background
GSE288483,GSM8768679_Pt1-1,GSE288483 | Pt1-1,5558,4765,background
GSE288483,GSM8768679_Pt1-1,GSE288483 | Pt1-1,5625,4650,background
GSE288483,GSM8768679_Pt1-1,GSE288483 | Pt1-1,5690,4765,background
GSE288483,GSM8768679_Pt1-1,GSE288483 | Pt1-1,5756,4651,background
GSE288483,GSM8768679_Pt1-1,GSE288483 | Pt1-1,5822,4766,background
GSE288483,GSM8768679_Pt1-1,GSE288483 | Pt1-1,5888,4651,background
GSE288483,GSM8768679_Pt1-1,GSE288483 | Pt1-1,5954,4766,background
GSE288483,GSM8768679_Pt1-1,GSE288483 | Pt1-1,6020,4652,background
GSE288483,GSM8768679_Pt1-1,GSE288483 | Pt1-1,6085,4766,background
GSE288483,GSM8768679_Pt1-1,GSE288483 | Pt1-1,6151,4652,background
GSE288483,GSM8768679_Pt1-1,GSE288483 | Pt1-1,6217,4767,background
GSE288483,GSM8768679_Pt1-1,GSE288483 | Pt1-1,6283,4652,background
GSE288483,GSM8768679_Pt1-1,GSE288483 | Pt1-1,6349,4767,background
GSE288483,GSM8768679_Pt1-1,GSE288483 | Pt1-1,6415,4653,background
GSE288483,GSM8768679_Pt1-1,GSE288483 | Pt1-1,6480,4767,background
GSE288483,GSM8768679_Pt1-1,GSE288483 | Pt1-1,6547,4653,background
GSE288483,GSM8768679_Pt1-1,GSE288483 | Pt1-1,6612,4768,background
GSE288483,GSM8768679_Pt1-1,GSE288483 | Pt1-1,6678,4653,background
GSE288483,GSM8768679_Pt1-1,GSE288483 | Pt1-1,6744,4768,background
GSE288483,GSM8768679_Pt1-1,GSE288483 | Pt1-1,6810,4654,background
GSE288483,GSM8768679_Pt1-1,GSE288483 | Pt1-1,6876,4768,background
GSE288483,GSM8768679_Pt1-1,GSE288483 | Pt1-1,6942,4654,background
GSE288483,GSM8768679_Pt1-1,GSE288483 | Pt1-1,7007,4769,background
GSE288483,GSM8768679_Pt1-1,GSE288483 | Pt1-1,7074,4654,background
GSE288483,GSM8768679_Pt1-1,GSE288483 | Pt1-1,7139,4769,background
GSE288483,GSM8768679_Pt1-1,GSE288483 | Pt1-1,7205,4655,background
GSE288483,GSM8768679_Pt1-1,GSE288483 | Pt1-1,7271,4770,background
GSE288483,GSM8768679_Pt1-1,GSE288483 | Pt1-1,7337,4655,background
GSE288483,GSM8768679_Pt1-1,GSE288483 | Pt1-1,7403,4770,background
GSE288483,GSM8768679_Pt1-1,GSE288483 | Pt1-1,7469,4655,background
GSE288483,GSM8768679_Pt1-1,GSE288483 | Pt1-1,7534,4770,background
GSE288483,GSM8768679_Pt1-1,GSE288483 | Pt1-1,7600,4656,background
GSE288483,GSM8768679_Pt1-1,GSE288483 | Pt1-1,2726,4872,background
GSE288483,GSM8768679_Pt1-1,GSE288483 | Pt1-1,2792,4987,background
GSE288483,GSM8768679_Pt1-1,GSE288483 | Pt1-1,2858,4872,background
GSE288483,GSM8768679_Pt1-1,GSE288483 | Pt1-1,2923,4987,background
GSE288483,GSM8768679_Pt1-1,GSE288483 | Pt1-1,2989,4873,background
GSE288483,GSM8768679_Pt1-1,GSE288483 | Pt1-1,3055,4987,background
GSE288483,GSM8768679_Pt1-1,GSE288483 | Pt1-1,3121,4873,background
GSE288483,GSM8768679_Pt1-1,GSE288483 | Pt1-1,3187,4988,background
GSE288483,GSM8768679_Pt1-1,GSE288483 | Pt1-1,3253,4873,background
GSE288483,GSM8768679_Pt1-1,GSE288483 | Pt1-1,3318,4988,background
GSE288483,GSM8768679_Pt1-1,GSE288483 | Pt1-1,3385,4874,background
GSE288483,GSM8768679_Pt1-1,GSE288483 | Pt1-1,3450,4988,background
GSE288483,GSM8768679_Pt1-1,GSE288483 | Pt1-1,3516,4874,background
GSE288483,GSM8768679_Pt1-1,GSE288483 | Pt1-1,3582,4989,background
GSE288483,GSM8768679_Pt1-1,GSE288483 | Pt1-1,3648,4874,background
GSE288483,GSM8768679_Pt1-1,GSE288483 | Pt1-1,3714,4989,background
GSE288483,GSM8768679_Pt1-1,GSE288483 | Pt1-1,3780,4875,background
GSE288483,GSM8768679_Pt1-1,GSE288483 | Pt1-1,3845,4989,background
GSE288483,GSM8768679_Pt1-1,GSE288483 | Pt1-1,3912,4875,background
GSE288483,GSM8768679_Pt1-1,GSE288483 | Pt1-1,3977,4990,background
GSE288483,GSM8768679_Pt1-1,GSE288483 | Pt1-1,4043,4875,background
GSE288483,GSM8768679_Pt1-1,GSE288483 | Pt1-1,4109,4990,background
GSE288483,GSM8768679_Pt1-1,GSE288483 | Pt1-1,4175,4876,background
GSE288483,GSM8768679_Pt1-1,GSE288483 | Pt1-1,4241,4991,background
GSE288483,GSM8768679_Pt1-1,GSE288483 | Pt1-1,4307,4876,background
GSE288483,GSM8768679_Pt1-1,GSE288483 | Pt1-1,4372,4991,background
GSE288483,GSM8768679_Pt1-1,GSE288483 | Pt1-1,4504,4991,background
GSE288483,GSM8768679_Pt1-1,GSE288483 | Pt1-1,4570,4877,background
GSE288483,GSM8768679_Pt1-1,GSE288483 | Pt1-1,4636,4992,background
GSE288483,GSM8768679_Pt1-1,GSE288483 | Pt1-1,4702,4877,background
GSE288483,GSM8768679_Pt1-1,GSE288483 | Pt1-1,4767,4992,background
GSE288483,GSM8768679_Pt1-1,GSE288483 | Pt1-1,4834,4878,background
GSE288483,GSM8768679_Pt1-1,GSE288483 | Pt1-1,4899,4992,background
GSE288483,GSM8768679_Pt1-1,GSE288483 | Pt1-1,4965,4878,background
GSE288483,GSM8768679_Pt1-1,GSE288483 | Pt1-1,5097,4878,background
GSE288483,GSM8768679_Pt1-1,GSE288483 | Pt1-1,5163,4993,background
GSE288483,GSM8768679_Pt1-1,GSE288483 | Pt1-1,5229,4879,background
GSE288483,GSM8768679_Pt1-1,GSE288483 | Pt1-1,5294,4993,background
GSE288483,GSM8768679_Pt1-1,GSE288483 | Pt1-1,5361,4879,background
GSE288483,GSM8768679_Pt1-1,GSE288483 | Pt1-1,5426,4994,background
GSE288483,GSM8768679_Pt1-1,GSE288483 | Pt1-1,5492,4879,background
GSE288483,GSM8768679_Pt1-1,GSE288483 | Pt1-1,5558,4994,background
GSE288483,GSM8768679_Pt1-1,GSE288483 | Pt1-1,5624,4880,background
GSE288483,GSM8768679_Pt1-1,GSE288483 | Pt1-1,5690,4994,background
GSE288483,GSM8768679_Pt1-1,GSE288483 | Pt1-1,5756,4880,background
GSE288483,GSM8768679_Pt1-1,GSE288483 | Pt1-1,5821,4995,background
GSE288483,GSM8768679_Pt1-1,GSE288483 | Pt1-1,5887,4880,background
GSE288483,GSM8768679_Pt1-1,GSE288483 | Pt1-1,5953,4995,background
GSE288483,GSM8768679_Pt1-1,GSE288483 | Pt1-1,6019,4881,background
GSE288483,GSM8768679_Pt1-1,GSE288483 | Pt1-1,6085,4996,background
GSE288483,GSM8768679_Pt1-1,GSE288483 | Pt1-1,6151,4881,background
GSE288483,GSM8768679_Pt1-1,GSE288483 | Pt1-1,6216,4996,background
GSE288483,GSM8768679_Pt1-1,GSE288483 | Pt1-1,6283,4881,background
GSE288483,GSM8768679_Pt1-1,GSE288483 | Pt1-1,6348,4996,background
GSE288483,GSM8768679_Pt1-1,GSE288483 | Pt1-1,6414,4882,background
GSE288483,GSM8768679_Pt1-1,GSE288483 | Pt1-1,6480,4997,background
GSE288483,GSM8768679_Pt1-1,GSE288483 | Pt1-1,6546,4882,background
GSE288483,GSM8768679_Pt1-1,GSE288483 | Pt1-1,6612,4997,background
GSE288483,GSM8768679_Pt1-1,GSE288483 | Pt1-1,6678,4883,background
GSE288483,GSM8768679_Pt1-1,GSE288483 | Pt1-1,6743,4997,background
GSE288483,GSM8768679_Pt1-1,GSE288483 | Pt1-1,6809,4883,background
GSE288483,GSM8768679_Pt1-1,GSE288483 | Pt1-1,6875,4998,background
GSE288483,GSM8768679_Pt1-1,GSE288483 | Pt1-1,6941,4883,background
GSE288483,GSM8768679_Pt1-1,GSE288483 | Pt1-1,7007,4998,background
GSE288483,GSM8768679_Pt1-1,GSE288483 | Pt1-1,7073,4884,background
GSE288483,GSM8768679_Pt1-1,GSE288483 | Pt1-1,7138,4998,background
GSE288483,GSM8768679_Pt1-1,GSE288483 | Pt1-1,7205,4884,background
GSE288483,GSM8768679_Pt1-1,GSE288483 | Pt1-1,7270,4999,background
GSE288483,GSM8768679_Pt1-1,GSE288483 | Pt1-1,7336,4884,background
GSE288483,GSM8768679_Pt1-1,GSE288483 | Pt1-1,7402,4999,background
GSE288483,GSM8768679_Pt1-1,GSE288483 | Pt1-1,7468,4885,background
GSE288483,GSM8768679_Pt1-1,GSE288483 | Pt1-1,7534,4999,background
GSE288483,GSM8768679_Pt1-1,GSE288483 | Pt1-1,7600,4885,background
GSE288483,GSM8768679_Pt1-1,GSE288483 | Pt1-1,7665,5000,background
GSE288483,GSM8768679_Pt1-1,GSE288483 | Pt1-1,2791,5216,background
GSE288483,GSM8768679_Pt1-1,GSE288483 | Pt1-1,2857,5101,background
GSE288483,GSM8768679_Pt1-1,GSE288483 | Pt1-1,2923,5216,background
GSE288483,GSM8768679_Pt1-1,GSE288483 | Pt1-1,2989,5102,background
GSE288483,GSM8768679_Pt1-1,GSE288483 | Pt1-1,3054,5217,background
GSE288483,GSM8768679_Pt1-1,GSE288483 | Pt1-1,3121,5102,background
GSE288483,GSM8768679_Pt1-1,GSE288483 | Pt1-1,3186,5217,background
GSE288483,GSM8768679_Pt1-1,GSE288483 | Pt1-1,3252,5102,background
GSE288483,GSM8768679_Pt1-1,GSE288483 | Pt1-1,3318,5217,background
GSE288483,GSM8768679_Pt1-1,GSE288483 | Pt1-1,3384,5103,background
GSE288483,GSM8768679_Pt1-1,GSE288483 | Pt1-1,3450,5218,background
GSE288483,GSM8768679_Pt1-1,GSE288483 | Pt1-1,3516,5103,background
GSE288483,GSM8768679_Pt1-1,GSE288483 | Pt1-1,3581,5218,background
GSE288483,GSM8768679_Pt1-1,GSE288483 | Pt1-1,3647,5104,background
GSE288483,GSM8768679_Pt1-1,GSE288483 | Pt1-1,3713,5218,background
GSE288483,GSM8768679_Pt1-1,GSE288483 | Pt1-1,3779,5104,background
GSE288483,GSM8768679_Pt1-1,GSE288483 | Pt1-1,3845,5219,background
GSE288483,GSM8768679_Pt1-1,GSE288483 | Pt1-1,3911,5104,background
GSE288483,GSM8768679_Pt1-1,GSE288483 | Pt1-1,3976,5219,background
GSE288483,GSM8768679_Pt1-1,GSE288483 | Pt1-1,4043,5105,background
GSE288483,GSM8768679_Pt1-1,GSE288483 | Pt1-1,4108,5219,background
GSE288483,GSM8768679_Pt1-1,GSE288483 | Pt1-1,4174,5105,background
GSE288483,GSM8768679_Pt1-1,GSE288483 | Pt1-1,4240,5220,background
GSE288483,GSM8768679_Pt1-1,GSE288483 | Pt1-1,4306,5105,background
GSE288483,GSM8768679_Pt1-1,GSE288483 | Pt1-1,4372,5220,background
GSE288483,GSM8768679_Pt1-1,GSE288483 | Pt1-1,4438,5106,background
GSE288483,GSM8768679_Pt1-1,GSE288483 | Pt1-1,4767,5221,background
GSE288483,GSM8768679_Pt1-1,GSE288483 | Pt1-1,4899,5222,background
GSE288483,GSM8768679_Pt1-1,GSE288483 | Pt1-1,4965,5107,background
GSE288483,GSM8768679_Pt1-1,GSE288483 | Pt1-1,5030,5222,background
GSE288483,GSM8768679_Pt1-1,GSE288483 | Pt1-1,5096,5107,background
GSE288483,GSM8768679_Pt1-1,GSE288483 | Pt1-1,5162,5222,background
GSE288483,GSM8768679_Pt1-1,GSE288483 | Pt1-1,5228,5108,background
GSE288483,GSM8768679_Pt1-1,GSE288483 | Pt1-1,5294,5223,background
GSE288483,GSM8768679_Pt1-1,GSE288483 | Pt1-1,5360,5108,background
GSE288483,GSM8768679_Pt1-1,GSE288483 | Pt1-1,5425,5223,background
GSE288483,GSM8768679_Pt1-1,GSE288483 | Pt1-1,5492,5109,background
GSE288483,GSM8768679_Pt1-1,GSE288483 | Pt1-1,5557,5223,background
GSE288483,GSM8768679_Pt1-1,GSE288483 | Pt1-1,5623,5109,background
GSE288483,GSM8768679_Pt1-1,GSE288483 | Pt1-1,5689,5224,background
GSE288483,GSM8768679_Pt1-1,GSE288483 | Pt1-1,5755,5109,background
GSE288483,GSM8768679_Pt1-1,GSE288483 | Pt1-1,5821,5224,background
GSE288483,GSM8768679_Pt1-1,GSE288483 | Pt1-1,5887,5110,background
GSE288483,GSM8768679_Pt1-1,GSE288483 | Pt1-1,5952,5224,background
GSE288483,GSM8768679_Pt1-1,GSE288483 | Pt1-1,6019,5110,background
GSE288483,GSM8768679_Pt1-1,GSE288483 | Pt1-1,6084,5225,background
GSE288483,GSM8768679_Pt1-1,GSE288483 | Pt1-1,6150,5110,background
GSE288483,GSM8768679_Pt1-1,GSE288483 | Pt1-1,6216,5225,background
GSE288483,GSM8768679_Pt1-1,GSE288483 | Pt1-1,6282,5111,background
GSE288483,GSM8768679_Pt1-1,GSE288483 | Pt1-1,6348,5225,background
GSE288483,GSM8768679_Pt1-1,GSE288483 | Pt1-1,6414,5111,background
GSE288483,GSM8768679_Pt1-1,GSE288483 | Pt1-1,6479,5226,background
GSE288483,GSM8768679_Pt1-1,GSE288483 | Pt1-1,6545,5111,background
GSE288483,GSM8768679_Pt1-1,GSE288483 | Pt1-1,6611,5226,background
GSE288483,GSM8768679_Pt1-1,GSE288483 | Pt1-1,6677,5112,background
GSE288483,GSM8768679_Pt1-1,GSE288483 | Pt1-1,6743,5227,background
GSE288483,GSM8768679_Pt1-1,GSE288483 | Pt1-1,6809,5112,background
GSE288483,GSM8768679_Pt1-1,GSE288483 | Pt1-1,6874,5227,background
GSE288483,GSM8768679_Pt1-1,GSE288483 | Pt1-1,6941,5112,background
GSE288483,GSM8768679_Pt1-1,GSE288483 | Pt1-1,7006,5227,background
GSE288483,GSM8768679_Pt1-1,GSE288483 | Pt1-1,7072,5113,background
GSE288483,GSM8768679_Pt1-1,GSE288483 | Pt1-1,7138,5228,background
GSE288483,GSM8768679_Pt1-1,GSE288483 | Pt1-1,7204,5113,background
GSE288483,GSM8768679_Pt1-1,GSE288483 | Pt1-1,7270,5228,background
GSE288483,GSM8768679_Pt1-1,GSE288483 | Pt1-1,7336,5114,background
GSE288483,GSM8768679_Pt1-1,GSE288483 | Pt1-1,7401,5228,background
GSE288483,GSM8768679_Pt1-1,GSE288483 | Pt1-1,7467,5114,background
GSE288483,GSM8768679_Pt1-1,GSE288483 | Pt1-1,7533,5229,background
GSE288483,GSM8768679_Pt1-1,GSE288483 | Pt1-1,7599,5114,background
GSE288483,GSM8768679_Pt1-1,GSE288483 | Pt1-1,7665,5229,background
GSE288483,GSM8768679_Pt1-1,GSE288483 | Pt1-1,2857,5331,background
GSE288483,GSM8768679_Pt1-1,GSE288483 | Pt1-1,2922,5445,background
GSE288483,GSM8768679_Pt1-1,GSE288483 | Pt1-1,2988,5331,background
GSE288483,GSM8768679_Pt1-1,GSE288483 | Pt1-1,3054,5446,background
GSE288483,GSM8768679_Pt1-1,GSE288483 | Pt1-1,3120,5331,background
GSE288483,GSM8768679_Pt1-1,GSE288483 | Pt1-1,3186,5446,background
GSE288483,GSM8768679_Pt1-1,GSE288483 | Pt1-1,3252,5332,background
GSE288483,GSM8768679_Pt1-1,GSE288483 | Pt1-1,3317,5446,background
GSE288483,GSM8768679_Pt1-1,GSE288483 | Pt1-1,3383,5332,background
GSE288483,GSM8768679_Pt1-1,GSE288483 | Pt1-1,3449,5447,background
GSE288483,GSM8768679_Pt1-1,GSE288483 | Pt1-1,3515,5332,background
GSE288483,GSM8768679_Pt1-1,GSE288483 | Pt1-1,3581,5447,background
GSE288483,GSM8768679_Pt1-1,GSE288483 | Pt1-1,3647,5333,background
GSE288483,GSM8768679_Pt1-1,GSE288483 | Pt1-1,3712,5448,background
GSE288483,GSM8768679_Pt1-1,GSE288483 | Pt1-1,3779,5333,background
GSE288483,GSM8768679_Pt1-1,GSE288483 | Pt1-1,3844,5448,background
GSE288483,GSM8768679_Pt1-1,GSE288483 | Pt1-1,3910,5333,background
GSE288483,GSM8768679_Pt1-1,GSE288483 | Pt1-1,3976,5448,background
GSE288483,GSM8768679_Pt1-1,GSE288483 | Pt1-1,4042,5334,background
GSE288483,GSM8768679_Pt1-1,GSE288483 | Pt1-1,4108,5449,background
GSE288483,GSM8768679_Pt1-1,GSE288483 | Pt1-1,4174,5334,background
GSE288483,GSM8768679_Pt1-1,GSE288483 | Pt1-1,4239,5449,background
GSE288483,GSM8768679_Pt1-1,GSE288483 | Pt1-1,4305,5335,background
GSE288483,GSM8768679_Pt1-1,GSE288483 | Pt1-1,4371,5449,background
GSE288483,GSM8768679_Pt1-1,GSE288483 | Pt1-1,4437,5335,background
GSE288483,GSM8768679_Pt1-1,GSE288483 | Pt1-1,4634,5450,background
GSE288483,GSM8768679_Pt1-1,GSE288483 | Pt1-1,4701,5336,background
GSE288483,GSM8768679_Pt1-1,GSE288483 | Pt1-1,4766,5450,background
GSE288483,GSM8768679_Pt1-1,GSE288483 | Pt1-1,4832,5336,background
GSE288483,GSM8768679_Pt1-1,GSE288483 | Pt1-1,4898,5451,background
GSE288483,GSM8768679_Pt1-1,GSE288483 | Pt1-1,4964,5336,background
GSE288483,GSM8768679_Pt1-1,GSE288483 | Pt1-1,5030,5451,background
GSE288483,GSM8768679_Pt1-1,GSE288483 | Pt1-1,5096,5337,background
GSE288483,GSM8768679_Pt1-1,GSE288483 | Pt1-1,5161,5451,background
GSE288483,GSM8768679_Pt1-1,GSE288483 | Pt1-1,5228,5337,background
GSE288483,GSM8768679_Pt1-1,GSE288483 | Pt1-1,5293,5452,background
GSE288483,GSM8768679_Pt1-1,GSE288483 | Pt1-1,5359,5337,background
GSE288483,GSM8768679_Pt1-1,GSE288483 | Pt1-1,5425,5452,background
GSE288483,GSM8768679_Pt1-1,GSE288483 | Pt1-1,5491,5338,background
GSE288483,GSM8768679_Pt1-1,GSE288483 | Pt1-1,5557,5453,background
GSE288483,GSM8768679_Pt1-1,GSE288483 | Pt1-1,5623,5338,background
GSE288483,GSM8768679_Pt1-1,GSE288483 | Pt1-1,5688,5453,background
GSE288483,GSM8768679_Pt1-1,GSE288483 | Pt1-1,5754,5338,background
GSE288483,GSM8768679_Pt1-1,GSE288483 | Pt1-1,5820,5453,background
GSE288483,GSM8768679_Pt1-1,GSE288483 | Pt1-1,5886,5339,background
GSE288483,GSM8768679_Pt1-1,GSE288483 | Pt1-1,5952,5454,background
GSE288483,GSM8768679_Pt1-1,GSE288483 | Pt1-1,6150,5340,background
GSE288483,GSM8768679_Pt1-1,GSE288483 | Pt1-1,6215,5454,background
GSE288483,GSM8768679_Pt1-1,GSE288483 | Pt1-1,6281,5340,background
GSE288483,GSM8768679_Pt1-1,GSE288483 | Pt1-1,6347,5455,background
GSE288483,GSM8768679_Pt1-1,GSE288483 | Pt1-1,6413,5340,background
GSE288483,GSM8768679_Pt1-1,GSE288483 | Pt1-1,6479,5455,background
GSE288483,GSM8768679_Pt1-1,GSE288483 | Pt1-1,6545,5341,background
GSE288483,GSM8768679_Pt1-1,GSE288483 | Pt1-1,6610,5455,background
GSE288483,GSM8768679_Pt1-1,GSE288483 | Pt1-1,6677,5341,background
GSE288483,GSM8768679_Pt1-1,GSE288483 | Pt1-1,6742,5456,background
GSE288483,GSM8768679_Pt1-1,GSE288483 | Pt1-1,6808,5341,background
GSE288483,GSM8768679_Pt1-1,GSE288483 | Pt1-1,6874,5456,background
GSE288483,GSM8768679_Pt1-1,GSE288483 | Pt1-1,6940,5342,background
GSE288483,GSM8768679_Pt1-1,GSE288483 | Pt1-1,7006,5456,background
GSE288483,GSM8768679_Pt1-1,GSE288483 | Pt1-1,7072,5342,background
GSE288483,GSM8768679_Pt1-1,GSE288483 | Pt1-1,7137,5457,background
GSE288483,GSM8768679_Pt1-1,GSE288483 | Pt1-1,7203,5342,background
GSE288483,GSM8768679_Pt1-1,GSE288483 | Pt1-1,7269,5457,background
GSE288483,GSM8768679_Pt1-1,GSE288483 | Pt1-1,7335,5343,background
GSE288483,GSM8768679_Pt1-1,GSE288483 | Pt1-1,7401,5457,background
GSE288483,GSM8768679_Pt1-1,GSE288483 | Pt1-1,7467,5343,background
GSE288483,GSM8768679_Pt1-1,GSE288483 | Pt1-1,7532,5458,background
GSE288483,GSM8768679_Pt1-1,GSE288483 | Pt1-1,7599,5343,background
GSE288483,GSM8768679_Pt1-1,GSE288483 | Pt1-1,7664,5458,background
GSE288483,GSM8768679_Pt1-1,GSE288483 | Pt1-1,7730,5344,background
GSE288483,GSM8768679_Pt1-1,GSE288483 | Pt1-1,2856,5560,background
GSE288483,GSM8768679_Pt1-1,GSE288483 | Pt1-1,2921,5675,background
GSE288483,GSM8768679_Pt1-1,GSE288483 | Pt1-1,2988,5560,background
GSE288483,GSM8768679_Pt1-1,GSE288483 | Pt1-1,3053,5675,background
GSE288483,GSM8768679_Pt1-1,GSE288483 | Pt1-1,3119,5561,background
GSE288483,GSM8768679_Pt1-1,GSE288483 | Pt1-1,3185,5675,background
GSE288483,GSM8768679_Pt1-1,GSE288483 | Pt1-1,3251,5561,background
GSE288483,GSM8768679_Pt1-1,GSE288483 | Pt1-1,3317,5676,background
GSE288483,GSM8768679_Pt1-1,GSE288483 | Pt1-1,3383,5561,background
GSE288483,GSM8768679_Pt1-1,GSE288483 | Pt1-1,3448,5676,background
GSE288483,GSM8768679_Pt1-1,GSE288483 | Pt1-1,3515,5562,background
GSE288483,GSM8768679_Pt1-1,GSE288483 | Pt1-1,3580,5676,background
GSE288483,GSM8768679_Pt1-1,GSE288483 | Pt1-1,3646,5562,background
GSE288483,GSM8768679_Pt1-1,GSE288483 | Pt1-1,3712,5677,background
GSE288483,GSM8768679_Pt1-1,GSE288483 | Pt1-1,3778,5562,background
GSE288483,GSM8768679_Pt1-1,GSE288483 | Pt1-1,3844,5677,background
GSE288483,GSM8768679_Pt1-1,GSE288483 | Pt1-1,3910,5563,background
GSE288483,GSM8768679_Pt1-1,GSE288483 | Pt1-1,3975,5677,background
GSE288483,GSM8768679_Pt1-1,GSE288483 | Pt1-1,4041,5563,background
GSE288483,GSM8768679_Pt1-1,GSE288483 | Pt1-1,4107,5678,background
GSE288483,GSM8768679_Pt1-1,GSE288483 | Pt1-1,4173,5563,background
GSE288483,GSM8768679_Pt1-1,GSE288483 | Pt1-1,4239,5678,background
GSE288483,GSM8768679_Pt1-1,GSE288483 | Pt1-1,4305,5564,background
GSE288483,GSM8768679_Pt1-1,GSE288483 | Pt1-1,4370,5679,background
GSE288483,GSM8768679_Pt1-1,GSE288483 | Pt1-1,4437,5564,background
GSE288483,GSM8768679_Pt1-1,GSE288483 | Pt1-1,4502,5679,background
GSE288483,GSM8768679_Pt1-1,GSE288483 | Pt1-1,4568,5564,background
GSE288483,GSM8768679_Pt1-1,GSE288483 | Pt1-1,4634,5679,background
GSE288483,GSM8768679_Pt1-1,GSE288483 | Pt1-1,4700,5565,background
GSE288483,GSM8768679_Pt1-1,GSE288483 | Pt1-1,4766,5680,background
GSE288483,GSM8768679_Pt1-1,GSE288483 | Pt1-1,4832,5565,background
GSE288483,GSM8768679_Pt1-1,GSE288483 | Pt1-1,4897,5680,background
GSE288483,GSM8768679_Pt1-1,GSE288483 | Pt1-1,4963,5566,background
GSE288483,GSM8768679_Pt1-1,GSE288483 | Pt1-1,5029,5680,background
GSE288483,GSM8768679_Pt1-1,GSE288483 | Pt1-1,5095,5566,background
GSE288483,GSM8768679_Pt1-1,GSE288483 | Pt1-1,5161,5681,background
GSE288483,GSM8768679_Pt1-1,GSE288483 | Pt1-1,5227,5566,background
GSE288483,GSM8768679_Pt1-1,GSE288483 | Pt1-1,5292,5681,background
GSE288483,GSM8768679_Pt1-1,GSE288483 | Pt1-1,5359,5567,background
GSE288483,GSM8768679_Pt1-1,GSE288483 | Pt1-1,5424,5681,background
GSE288483,GSM8768679_Pt1-1,GSE288483 | Pt1-1,5490,5567,background
GSE288483,GSM8768679_Pt1-1,GSE288483 | Pt1-1,5556,5682,background
GSE288483,GSM8768679_Pt1-1,GSE288483 | Pt1-1,5622,5567,background
GSE288483,GSM8768679_Pt1-1,GSE288483 | Pt1-1,5688,5682,background
GSE288483,GSM8768679_Pt1-1,GSE288483 | Pt1-1,5754,5568,background
GSE288483,GSM8768679_Pt1-1,GSE288483 | Pt1-1,5819,5682,background
GSE288483,GSM8768679_Pt1-1,GSE288483 | Pt1-1,5886,5568,background
GSE288483,GSM8768679_Pt1-1,GSE288483 | Pt1-1,5951,5683,background
GSE288483,GSM8768679_Pt1-1,GSE288483 | Pt1-1,6017,5568,background
GSE288483,GSM8768679_Pt1-1,GSE288483 | Pt1-1,6083,5683,background
GSE288483,GSM8768679_Pt1-1,GSE288483 | Pt1-1,6149,5569,background
GSE288483,GSM8768679_Pt1-1,GSE288483 | Pt1-1,6215,5683,background
GSE288483,GSM8768679_Pt1-1,GSE288483 | Pt1-1,6346,5684,background
GSE288483,GSM8768679_Pt1-1,GSE288483 | Pt1-1,6412,5569,background
GSE288483,GSM8768679_Pt1-1,GSE288483 | Pt1-1,6478,5684,background
GSE288483,GSM8768679_Pt1-1,GSE288483 | Pt1-1,6544,5570,background
GSE288483,GSM8768679_Pt1-1,GSE288483 | Pt1-1,6610,5685,background
GSE288483,GSM8768679_Pt1-1,GSE288483 | Pt1-1,6676,5570,background
GSE288483,GSM8768679_Pt1-1,GSE288483 | Pt1-1,6741,5685,background
GSE288483,GSM8768679_Pt1-1,GSE288483 | Pt1-1,6808,5570,background
GSE288483,GSM8768679_Pt1-1,GSE288483 | Pt1-1,6873,5685,background
GSE288483,GSM8768679_Pt1-1,GSE288483 | Pt1-1,6939,5571,background
GSE288483,GSM8768679_Pt1-1,GSE288483 | Pt1-1,7005,5686,background
GSE288483,GSM8768679_Pt1-1,GSE288483 | Pt1-1,7071,5571,background
GSE288483,GSM8768679_Pt1-1,GSE288483 | Pt1-1,7137,5686,background
GSE288483,GSM8768679_Pt1-1,GSE288483 | Pt1-1,7203,5572,background
GSE288483,GSM8768679_Pt1-1,GSE288483 | Pt1-1,7268,5686,background
GSE288483,GSM8768679_Pt1-1,GSE288483 | Pt1-1,7335,5572,background
GSE288483,GSM8768679_Pt1-1,GSE288483 | Pt1-1,7400,5687,background
GSE288483,GSM8768679_Pt1-1,GSE288483 | Pt1-1,7466,5572,background
GSE288483,GSM8768679_Pt1-1,GSE288483 | Pt1-1,7532,5687,background
GSE288483,GSM8768679_Pt1-1,GSE288483 | Pt1-1,7598,5573,background
GSE288483,GSM8768679_Pt1-1,GSE288483 | Pt1-1,7664,5687,background
GSE288483,GSM8768679_Pt1-1,GSE288483 | Pt1-1,2855,5789,background
GSE288483,GSM8768679_Pt1-1,GSE288483 | Pt1-1,2921,5904,background
GSE288483,GSM8768679_Pt1-1,GSE288483 | Pt1-1,2987,5789,background
GSE288483,GSM8768679_Pt1-1,GSE288483 | Pt1-1,3053,5904,background
GSE288483,GSM8768679_Pt1-1,GSE288483 | Pt1-1,3119,5790,background
GSE288483,GSM8768679_Pt1-1,GSE288483 | Pt1-1,3184,5905,background
GSE288483,GSM8768679_Pt1-1,GSE288483 | Pt1-1,3250,5790,background
GSE288483,GSM8768679_Pt1-1,GSE288483 | Pt1-1,3316,5905,background
GSE288483,GSM8768679_Pt1-1,GSE288483 | Pt1-1,3382,5790,background
GSE288483,GSM8768679_Pt1-1,GSE288483 | Pt1-1,3448,5905,background
GSE288483,GSM8768679_Pt1-1,GSE288483 | Pt1-1,3514,5791,background
GSE288483,GSM8768679_Pt1-1,GSE288483 | Pt1-1,3579,5906,background
GSE288483,GSM8768679_Pt1-1,GSE288483 | Pt1-1,3646,5791,background
GSE288483,GSM8768679_Pt1-1,GSE288483 | Pt1-1,3711,5906,background
GSE288483,GSM8768679_Pt1-1,GSE288483 | Pt1-1,3777,5792,background
GSE288483,GSM8768679_Pt1-1,GSE288483 | Pt1-1,3843,5906,background
GSE288483,GSM8768679_Pt1-1,GSE288483 | Pt1-1,3909,5792,background
GSE288483,GSM8768679_Pt1-1,GSE288483 | Pt1-1,3975,5907,background
GSE288483,GSM8768679_Pt1-1,GSE288483 | Pt1-1,4041,5792,background
GSE288483,GSM8768679_Pt1-1,GSE288483 | Pt1-1,4106,5907,background
GSE288483,GSM8768679_Pt1-1,GSE288483 | Pt1-1,4173,5793,background
GSE288483,GSM8768679_Pt1-1,GSE288483 | Pt1-1,4238,5907,background
GSE288483,GSM8768679_Pt1-1,GSE288483 | Pt1-1,4304,5793,background
GSE288483,GSM8768679_Pt1-1,GSE288483 | Pt1-1,4370,5908,background
GSE288483,GSM8768679_Pt1-1,GSE288483 | Pt1-1,4436,5793,background
GSE288483,GSM8768679_Pt1-1,GSE288483 | Pt1-1,4502,5908,background
GSE288483,GSM8768679_Pt1-1,GSE288483 | Pt1-1,4568,5794,background
GSE288483,GSM8768679_Pt1-1,GSE288483 | Pt1-1,4633,5908,background
GSE288483,GSM8768679_Pt1-1,GSE288483 | Pt1-1,4699,5794,background
GSE288483,GSM8768679_Pt1-1,GSE288483 | Pt1-1,4765,5909,background
GSE288483,GSM8768679_Pt1-1,GSE288483 | Pt1-1,4831,5794,background
GSE288483,GSM8768679_Pt1-1,GSE288483 | Pt1-1,4897,5909,background
GSE288483,GSM8768679_Pt1-1,GSE288483 | Pt1-1,4963,5795,background
GSE288483,GSM8768679_Pt1-1,GSE288483 | Pt1-1,5028,5909,background
GSE288483,GSM8768679_Pt1-1,GSE288483 | Pt1-1,5095,5795,background
GSE288483,GSM8768679_Pt1-1,GSE288483 | Pt1-1,5160,5910,background
GSE288483,GSM8768679_Pt1-1,GSE288483 | Pt1-1,5226,5795,background
GSE288483,GSM8768679_Pt1-1,GSE288483 | Pt1-1,5292,5910,background
GSE288483,GSM8768679_Pt1-1,GSE288483 | Pt1-1,5358,5796,background
GSE288483,GSM8768679_Pt1-1,GSE288483 | Pt1-1,5424,5911,background
GSE288483,GSM8768679_Pt1-1,GSE288483 | Pt1-1,5490,5796,background
GSE288483,GSM8768679_Pt1-1,GSE288483 | Pt1-1,5555,5911,background
GSE288483,GSM8768679_Pt1-1,GSE288483 | Pt1-1,5621,5796,background
GSE288483,GSM8768679_Pt1-1,GSE288483 | Pt1-1,5687,5911,background
GSE288483,GSM8768679_Pt1-1,GSE288483 | Pt1-1,5753,5797,background
GSE288483,GSM8768679_Pt1-1,GSE288483 | Pt1-1,5819,5912,background
GSE288483,GSM8768679_Pt1-1,GSE288483 | Pt1-1,5885,5797,background
GSE288483,GSM8768679_Pt1-1,GSE288483 | Pt1-1,5950,5912,background
GSE288483,GSM8768679_Pt1-1,GSE288483 | Pt1-1,6017,5798,background
GSE288483,GSM8768679_Pt1-1,GSE288483 | Pt1-1,6082,5912,background
GSE288483,GSM8768679_Pt1-1,GSE288483 | Pt1-1,6148,5798,background
GSE288483,GSM8768679_Pt1-1,GSE288483 | Pt1-1,6214,5913,background
GSE288483,GSM8768679_Pt1-1,GSE288483 | Pt1-1,6280,5798,background
GSE288483,GSM8768679_Pt1-1,GSE288483 | Pt1-1,6346,5913,background
GSE288483,GSM8768679_Pt1-1,GSE288483 | Pt1-1,6412,5799,background
GSE288483,GSM8768679_Pt1-1,GSE288483 | Pt1-1,6477,5913,background
GSE288483,GSM8768679_Pt1-1,GSE288483 | Pt1-1,6544,5799,background
GSE288483,GSM8768679_Pt1-1,GSE288483 | Pt1-1,6609,5914,background
GSE288483,GSM8768679_Pt1-1,GSE288483 | Pt1-1,6675,5799,background
GSE288483,GSM8768679_Pt1-1,GSE288483 | Pt1-1,6741,5914,background
GSE288483,GSM8768679_Pt1-1,GSE288483 | Pt1-1,6807,5800,background
GSE288483,GSM8768679_Pt1-1,GSE288483 | Pt1-1,6873,5914,background
GSE288483,GSM8768679_Pt1-1,GSE288483 | Pt1-1,6939,5800,background
GSE288483,GSM8768679_Pt1-1,GSE288483 | Pt1-1,7004,5915,background
GSE288483,GSM8768679_Pt1-1,GSE288483 | Pt1-1,7070,5800,background
GSE288483,GSM8768679_Pt1-1,GSE288483 | Pt1-1,7136,5915,background
GSE288483,GSM8768679_Pt1-1,GSE288483 | Pt1-1,7202,5801,background
GSE288483,GSM8768679_Pt1-1,GSE288483 | Pt1-1,7268,5916,background
GSE288483,GSM8768679_Pt1-1,GSE288483 | Pt1-1,7334,5801,background
GSE288483,GSM8768679_Pt1-1,GSE288483 | Pt1-1,7399,5916,background
GSE288483,GSM8768679_Pt1-1,GSE288483 | Pt1-1,7466,5801,background
GSE288483,GSM8768679_Pt1-1,GSE288483 | Pt1-1,7531,5916,background
GSE288483,GSM8768679_Pt1-1,GSE288483 | Pt1-1,7597,5802,background
GSE288483,GSM8768679_Pt1-1,GSE288483 | Pt1-1,7663,5917,background
GSE288483,GSM8768679_Pt1-1,GSE288483 | Pt1-1,2920,6133,background
GSE288483,GSM8768679_Pt1-1,GSE288483 | Pt1-1,2986,6019,background
GSE288483,GSM8768679_Pt1-1,GSE288483 | Pt1-1,3052,6133,background
GSE288483,GSM8768679_Pt1-1,GSE288483 | Pt1-1,3118,6019,background
GSE288483,GSM8768679_Pt1-1,GSE288483 | Pt1-1,3184,6134,background
GSE288483,GSM8768679_Pt1-1,GSE288483 | Pt1-1,3250,6019,background
GSE288483,GSM8768679_Pt1-1,GSE288483 | Pt1-1,3315,6134,background
GSE288483,GSM8768679_Pt1-1,GSE288483 | Pt1-1,3382,6020,background
GSE288483,GSM8768679_Pt1-1,GSE288483 | Pt1-1,3447,6134,background
GSE288483,GSM8768679_Pt1-1,GSE288483 | Pt1-1,3513,6020,background
GSE288483,GSM8768679_Pt1-1,GSE288483 | Pt1-1,3579,6135,background
GSE288483,GSM8768679_Pt1-1,GSE288483 | Pt1-1,3645,6020,background
GSE288483,GSM8768679_Pt1-1,GSE288483 | Pt1-1,3711,6135,background
GSE288483,GSM8768679_Pt1-1,GSE288483 | Pt1-1,3777,6021,background
GSE288483,GSM8768679_Pt1-1,GSE288483 | Pt1-1,3842,6135,background
GSE288483,GSM8768679_Pt1-1,GSE288483 | Pt1-1,3908,6021,background
GSE288483,GSM8768679_Pt1-1,GSE288483 | Pt1-1,3974,6136,background
GSE288483,GSM8768679_Pt1-1,GSE288483 | Pt1-1,4040,6021,background
GSE288483,GSM8768679_Pt1-1,GSE288483 | Pt1-1,4106,6136,background
GSE288483,GSM8768679_Pt1-1,GSE288483 | Pt1-1,4172,6022,background
GSE288483,GSM8768679_Pt1-1,GSE288483 | Pt1-1,4237,6137,background
GSE288483,GSM8768679_Pt1-1,GSE288483 | Pt1-1,4304,6022,background
GSE288483,GSM8768679_Pt1-1,GSE288483 | Pt1-1,4369,6137,background
GSE288483,GSM8768679_Pt1-1,GSE288483 | Pt1-1,4435,6022,background
GSE288483,GSM8768679_Pt1-1,GSE288483 | Pt1-1,4501,6137,background
GSE288483,GSM8768679_Pt1-1,GSE288483 | Pt1-1,4567,6023,background
GSE288483,GSM8768679_Pt1-1,GSE288483 | Pt1-1,4633,6138,background
GSE288483,GSM8768679_Pt1-1,GSE288483 | Pt1-1,4699,6023,background
GSE288483,GSM8768679_Pt1-1,GSE288483 | Pt1-1,4764,6138,background
GSE288483,GSM8768679_Pt1-1,GSE288483 | Pt1-1,4831,6024,background
GSE288483,GSM8768679_Pt1-1,GSE288483 | Pt1-1,4896,6138,background
GSE288483,GSM8768679_Pt1-1,GSE288483 | Pt1-1,4962,6024,background
GSE288483,GSM8768679_Pt1-1,GSE288483 | Pt1-1,5028,6139,background
GSE288483,GSM8768679_Pt1-1,GSE288483 | Pt1-1,5094,6024,background
GSE288483,GSM8768679_Pt1-1,GSE288483 | Pt1-1,5160,6139,background
GSE288483,GSM8768679_Pt1-1,GSE288483 | Pt1-1,5226,6025,background
GSE288483,GSM8768679_Pt1-1,GSE288483 | Pt1-1,5291,6139,background
GSE288483,GSM8768679_Pt1-1,GSE288483 | Pt1-1,5357,6025,background
GSE288483,GSM8768679_Pt1-1,GSE288483 | Pt1-1,5423,6140,background
GSE288483,GSM8768679_Pt1-1,GSE288483 | Pt1-1,5489,6025,background
GSE288483,GSM8768679_Pt1-1,GSE288483 | Pt1-1,5555,6140,background
GSE288483,GSM8768679_Pt1-1,GSE288483 | Pt1-1,5621,6026,background
GSE288483,GSM8768679_Pt1-1,GSE288483 | Pt1-1,5686,6140,background
GSE288483,GSM8768679_Pt1-1,GSE288483 | Pt1-1,5753,6026,background
GSE288483,GSM8768679_Pt1-1,GSE288483 | Pt1-1,5818,6141,background
GSE288483,GSM8768679_Pt1-1,GSE288483 | Pt1-1,5884,6026,background
GSE288483,GSM8768679_Pt1-1,GSE288483 | Pt1-1,5950,6141,background
GSE288483,GSM8768679_Pt1-1,GSE288483 | Pt1-1,6016,6027,background
GSE288483,GSM8768679_Pt1-1,GSE288483 | Pt1-1,6082,6142,background
GSE288483,GSM8768679_Pt1-1,GSE288483 | Pt1-1,6148,6027,background
GSE288483,GSM8768679_Pt1-1,GSE288483 | Pt1-1,6213,6142,background
GSE288483,GSM8768679_Pt1-1,GSE288483 | Pt1-1,6279,6027,background
GSE288483,GSM8768679_Pt1-1,GSE288483 | Pt1-1,6345,6142,background
GSE288483,GSM8768679_Pt1-1,GSE288483 | Pt1-1,6411,6028,background
GSE288483,GSM8768679_Pt1-1,GSE288483 | Pt1-1,6477,6143,background
GSE288483,GSM8768679_Pt1-1,GSE288483 | Pt1-1,6543,6028,background
GSE288483,GSM8768679_Pt1-1,GSE288483 | Pt1-1,6608,6143,background
GSE288483,GSM8768679_Pt1-1,GSE288483 | Pt1-1,6675,6029,background
GSE288483,GSM8768679_Pt1-1,GSE288483 | Pt1-1,6740,6143,background
GSE288483,GSM8768679_Pt1-1,GSE288483 | Pt1-1,6806,6029,background
GSE288483,GSM8768679_Pt1-1,GSE288483 | Pt1-1,6872,6144,background
GSE288483,GSM8768679_Pt1-1,GSE288483 | Pt1-1,6938,6029,background
GSE288483,GSM8768679_Pt1-1,GSE288483 | Pt1-1,7004,6144,background
GSE288483,GSM8768679_Pt1-1,GSE288483 | Pt1-1,7070,6030,background
GSE288483,GSM8768679_Pt1-1,GSE288483 | Pt1-1,7135,6144,background
GSE288483,GSM8768679_Pt1-1,GSE288483 | Pt1-1,7202,6030,background
GSE288483,GSM8768679_Pt1-1,GSE288483 | Pt1-1,7267,6145,background
GSE288483,GSM8768679_Pt1-1,GSE288483 | Pt1-1,7333,6030,background
GSE288483,GSM8768679_Pt1-1,GSE288483 | Pt1-1,7399,6145,background
GSE288483,GSM8768679_Pt1-1,GSE288483 | Pt1-1,7465,6031,background
GSE288483,GSM8768679_Pt1-1,GSE288483 | Pt1-1,7531,6145,background
GSE288483,GSM8768679_Pt1-1,GSE288483 | Pt1-1,7597,6031,background
GSE288483,GSM8768679_Pt1-1,GSE288483 | Pt1-1,7662,6146,background
GSE288483,GSM8768679_Pt1-1,GSE288483 | Pt1-1,3183,6363,background
GSE288483,GSM8768679_Pt1-1,GSE288483 | Pt1-1,3249,6248,background
GSE288483,GSM8768679_Pt1-1,GSE288483 | Pt1-1,3315,6363,background
GSE288483,GSM8768679_Pt1-1,GSE288483 | Pt1-1,3381,6249,background
GSE288483,GSM8768679_Pt1-1,GSE288483 | Pt1-1,3446,6364,background
GSE288483,GSM8768679_Pt1-1,GSE288483 | Pt1-1,3513,6249,background
GSE288483,GSM8768679_Pt1-1,GSE288483 | Pt1-1,3578,6364,background
GSE288483,GSM8768679_Pt1-1,GSE288483 | Pt1-1,3644,6250,background
GSE288483,GSM8768679_Pt1-1,GSE288483 | Pt1-1,3710,6364,background
GSE288483,GSM8768679_Pt1-1,GSE288483 | Pt1-1,3776,6250,background
GSE288483,GSM8768679_Pt1-1,GSE288483 | Pt1-1,4040,6251,background
GSE288483,GSM8768679_Pt1-1,GSE288483 | Pt1-1,4105,6365,background
GSE288483,GSM8768679_Pt1-1,GSE288483 | Pt1-1,4171,6251,background
GSE288483,GSM8768679_Pt1-1,GSE288483 | Pt1-1,4237,6366,background
GSE288483,GSM8768679_Pt1-1,GSE288483 | Pt1-1,4303,6251,background
GSE288483,GSM8768679_Pt1-1,GSE288483 | Pt1-1,4369,6366,background
GSE288483,GSM8768679_Pt1-1,GSE288483 | Pt1-1,4435,6252,background
GSE288483,GSM8768679_Pt1-1,GSE288483 | Pt1-1,4500,6366,background
GSE288483,GSM8768679_Pt1-1,GSE288483 | Pt1-1,4566,6252,background
GSE288483,GSM8768679_Pt1-1,GSE288483 | Pt1-1,4698,6252,background
GSE288483,GSM8768679_Pt1-1,GSE288483 | Pt1-1,4764,6367,background
GSE288483,GSM8768679_Pt1-1,GSE288483 | Pt1-1,4830,6253,background
GSE288483,GSM8768679_Pt1-1,GSE288483 | Pt1-1,4895,6368,background
GSE288483,GSM8768679_Pt1-1,GSE288483 | Pt1-1,4962,6253,background
GSE288483,GSM8768679_Pt1-1,GSE288483 | Pt1-1,5027,6368,background
GSE288483,GSM8768679_Pt1-1,GSE288483 | Pt1-1,5093,6253,background
GSE288483,GSM8768679_Pt1-1,GSE288483 | Pt1-1,5159,6368,background
GSE288483,GSM8768679_Pt1-1,GSE288483 | Pt1-1,5225,6254,background
GSE288483,GSM8768679_Pt1-1,GSE288483 | Pt1-1,5291,6369,background
GSE288483,GSM8768679_Pt1-1,GSE288483 | Pt1-1,5357,6254,background
GSE288483,GSM8768679_Pt1-1,GSE288483 | Pt1-1,5422,6369,background
GSE288483,GSM8768679_Pt1-1,GSE288483 | Pt1-1,5489,6255,background
GSE288483,GSM8768679_Pt1-1,GSE288483 | Pt1-1,5554,6369,background
GSE288483,GSM8768679_Pt1-1,GSE288483 | Pt1-1,5620,6255,background
GSE288483,GSM8768679_Pt1-1,GSE288483 | Pt1-1,5686,6370,background
GSE288483,GSM8768679_Pt1-1,GSE288483 | Pt1-1,5752,6255,background
GSE288483,GSM8768679_Pt1-1,GSE288483 | Pt1-1,5818,6370,background
GSE288483,GSM8768679_Pt1-1,GSE288483 | Pt1-1,5884,6256,background
GSE288483,GSM8768679_Pt1-1,GSE288483 | Pt1-1,5949,6370,background
GSE288483,GSM8768679_Pt1-1,GSE288483 | Pt1-1,6015,6256,background
GSE288483,GSM8768679_Pt1-1,GSE288483 | Pt1-1,6081,6371,background
GSE288483,GSM8768679_Pt1-1,GSE288483 | Pt1-1,6147,6256,background
GSE288483,GSM8768679_Pt1-1,GSE288483 | Pt1-1,6213,6371,background
GSE288483,GSM8768679_Pt1-1,GSE288483 | Pt1-1,6279,6257,background
GSE288483,GSM8768679_Pt1-1,GSE288483 | Pt1-1,6344,6371,background
GSE288483,GSM8768679_Pt1-1,GSE288483 | Pt1-1,6411,6257,background
GSE288483,GSM8768679_Pt1-1,GSE288483 | Pt1-1,6476,6372,background
GSE288483,GSM8768679_Pt1-1,GSE288483 | Pt1-1,6542,6257,background
GSE288483,GSM8768679_Pt1-1,GSE288483 | Pt1-1,6608,6372,background
GSE288483,GSM8768679_Pt1-1,GSE288483 | Pt1-1,6674,6258,background
GSE288483,GSM8768679_Pt1-1,GSE288483 | Pt1-1,6740,6373,background
GSE288483,GSM8768679_Pt1-1,GSE288483 | Pt1-1,6806,6258,background
GSE288483,GSM8768679_Pt1-1,GSE288483 | Pt1-1,6871,6373,background
GSE288483,GSM8768679_Pt1-1,GSE288483 | Pt1-1,6937,6258,background
GSE288483,GSM8768679_Pt1-1,GSE288483 | Pt1-1,7003,6373,background
GSE288483,GSM8768679_Pt1-1,GSE288483 | Pt1-1,7069,6259,background
GSE288483,GSM8768679_Pt1-1,GSE288483 | Pt1-1,7135,6374,background
GSE288483,GSM8768679_Pt1-1,GSE288483 | Pt1-1,7201,6259,background
GSE288483,GSM8768679_Pt1-1,GSE288483 | Pt1-1,7266,6374,background
GSE288483,GSM8768679_Pt1-1,GSE288483 | Pt1-1,7333,6260,background
GSE288483,GSM8768679_Pt1-1,GSE288483 | Pt1-1,7398,6374,background
GSE288483,GSM8768679_Pt1-1,GSE288483 | Pt1-1,7464,6260,background
GSE288483,GSM8768679_Pt1-1,GSE288483 | Pt1-1,7530,6375,background
GSE288483,GSM8768679_Pt1-1,GSE288483 | Pt1-1,7596,6260,background
GSE288483,GSM8768679_Pt1-1,GSE288483 | Pt1-1,7662,6375,background
GSE288483,GSM8768679_Pt1-1,GSE288483 | Pt1-1,7728,6261,background
GSE288483,GSM8768679_Pt1-1,GSE288483 | Pt1-1,3182,6592,background
GSE288483,GSM8768679_Pt1-1,GSE288483 | Pt1-1,3249,6478,background
GSE288483,GSM8768679_Pt1-1,GSE288483 | Pt1-1,3314,6592,background
GSE288483,GSM8768679_Pt1-1,GSE288483 | Pt1-1,3380,6478,background
GSE288483,GSM8768679_Pt1-1,GSE288483 | Pt1-1,3446,6593,background
GSE288483,GSM8768679_Pt1-1,GSE288483 | Pt1-1,3512,6478,background
GSE288483,GSM8768679_Pt1-1,GSE288483 | Pt1-1,3578,6593,background
GSE288483,GSM8768679_Pt1-1,GSE288483 | Pt1-1,3644,6479,background
GSE288483,GSM8768679_Pt1-1,GSE288483 | Pt1-1,3973,6594,background
GSE288483,GSM8768679_Pt1-1,GSE288483 | Pt1-1,4039,6480,background
GSE288483,GSM8768679_Pt1-1,GSE288483 | Pt1-1,4104,6595,background
GSE288483,GSM8768679_Pt1-1,GSE288483 | Pt1-1,4171,6480,background
GSE288483,GSM8768679_Pt1-1,GSE288483 | Pt1-1,4236,6595,background
GSE288483,GSM8768679_Pt1-1,GSE288483 | Pt1-1,4302,6481,background
GSE288483,GSM8768679_Pt1-1,GSE288483 | Pt1-1,4368,6595,background
GSE288483,GSM8768679_Pt1-1,GSE288483 | Pt1-1,4434,6481,background
GSE288483,GSM8768679_Pt1-1,GSE288483 | Pt1-1,4631,6596,background
GSE288483,GSM8768679_Pt1-1,GSE288483 | Pt1-1,4698,6482,background
GSE288483,GSM8768679_Pt1-1,GSE288483 | Pt1-1,4763,6596,background
GSE288483,GSM8768679_Pt1-1,GSE288483 | Pt1-1,4829,6482,background
GSE288483,GSM8768679_Pt1-1,GSE288483 | Pt1-1,4895,6597,background
GSE288483,GSM8768679_Pt1-1,GSE288483 | Pt1-1,4961,6482,background
GSE288483,GSM8768679_Pt1-1,GSE288483 | Pt1-1,5027,6597,background
GSE288483,GSM8768679_Pt1-1,GSE288483 | Pt1-1,5093,6483,background
GSE288483,GSM8768679_Pt1-1,GSE288483 | Pt1-1,5158,6597,background
GSE288483,GSM8768679_Pt1-1,GSE288483 | Pt1-1,5224,6483,background
GSE288483,GSM8768679_Pt1-1,GSE288483 | Pt1-1,5290,6598,background
GSE288483,GSM8768679_Pt1-1,GSE288483 | Pt1-1,5356,6483,background
GSE288483,GSM8768679_Pt1-1,GSE288483 | Pt1-1,5422,6598,background
GSE288483,GSM8768679_Pt1-1,GSE288483 | Pt1-1,5488,6484,background
GSE288483,GSM8768679_Pt1-1,GSE288483 | Pt1-1,5553,6599,background
GSE288483,GSM8768679_Pt1-1,GSE288483 | Pt1-1,5620,6484,background
GSE288483,GSM8768679_Pt1-1,GSE288483 | Pt1-1,5685,6599,background
GSE288483,GSM8768679_Pt1-1,GSE288483 | Pt1-1,5751,6484,background
GSE288483,GSM8768679_Pt1-1,GSE288483 | Pt1-1,5817,6599,background
GSE288483,GSM8768679_Pt1-1,GSE288483 | Pt1-1,5883,6485,background
GSE288483,GSM8768679_Pt1-1,GSE288483 | Pt1-1,5949,6600,background
GSE288483,GSM8768679_Pt1-1,GSE288483 | Pt1-1,6015,6485,background
GSE288483,GSM8768679_Pt1-1,GSE288483 | Pt1-1,6080,6600,background
GSE288483,GSM8768679_Pt1-1,GSE288483 | Pt1-1,6147,6486,background
GSE288483,GSM8768679_Pt1-1,GSE288483 | Pt1-1,6212,6600,background
GSE288483,GSM8768679_Pt1-1,GSE288483 | Pt1-1,6278,6486,background
GSE288483,GSM8768679_Pt1-1,GSE288483 | Pt1-1,6344,6601,background
GSE288483,GSM8768679_Pt1-1,GSE288483 | Pt1-1,6410,6486,background
GSE288483,GSM8768679_Pt1-1,GSE288483 | Pt1-1,6476,6601,background
GSE288483,GSM8768679_Pt1-1,GSE288483 | Pt1-1,6542,6487,background
GSE288483,GSM8768679_Pt1-1,GSE288483 | Pt1-1,6607,6601,background
GSE288483,GSM8768679_Pt1-1,GSE288483 | Pt1-1,6673,6487,background
GSE288483,GSM8768679_Pt1-1,GSE288483 | Pt1-1,6739,6602,background
GSE288483,GSM8768679_Pt1-1,GSE288483 | Pt1-1,6805,6487,background
GSE288483,GSM8768679_Pt1-1,GSE288483 | Pt1-1,6871,6602,background
GSE288483,GSM8768679_Pt1-1,GSE288483 | Pt1-1,6937,6488,background
GSE288483,GSM8768679_Pt1-1,GSE288483 | Pt1-1,7002,6602,background
GSE288483,GSM8768679_Pt1-1,GSE288483 | Pt1-1,7069,6488,background
GSE288483,GSM8768679_Pt1-1,GSE288483 | Pt1-1,7134,6603,background
GSE288483,GSM8768679_Pt1-1,GSE288483 | Pt1-1,7200,6488,background
GSE288483,GSM8768679_Pt1-1,GSE288483 | Pt1-1,7266,6603,background
GSE288483,GSM8768679_Pt1-1,GSE288483 | Pt1-1,7332,6489,background
GSE288483,GSM8768679_Pt1-1,GSE288483 | Pt1-1,7398,6603,background
GSE288483,GSM8768679_Pt1-1,GSE288483 | Pt1-1,7464,6489,background
GSE288483,GSM8768679_Pt1-1,GSE288483 | Pt1-1,7529,6604,background
GSE288483,GSM8768679_Pt1-1,GSE288483 | Pt1-1,7595,6489,background
GSE288483,GSM8768679_Pt1-1,GSE288483 | Pt1-1,7661,6604,background
GSE288483,GSM8768679_Pt1-1,GSE288483 | Pt1-1,7727,6490,background
GSE288483,GSM8768679_Pt1-1,GSE288483 | Pt1-1,7793,6605,background
GSE288483,GSM8768679_Pt1-1,GSE288483 | Pt1-1,3116,6707,background
GSE288483,GSM8768679_Pt1-1,GSE288483 | Pt1-1,3248,6707,background
GSE288483,GSM8768679_Pt1-1,GSE288483 | Pt1-1,4038,6709,background
GSE288483,GSM8768679_Pt1-1,GSE288483 | Pt1-1,4104,6824,background
GSE288483,GSM8768679_Pt1-1,GSE288483 | Pt1-1,4170,6709,background
GSE288483,GSM8768679_Pt1-1,GSE288483 | Pt1-1,4236,6824,background
GSE288483,GSM8768679_Pt1-1,GSE288483 | Pt1-1,4302,6710,background
GSE288483,GSM8768679_Pt1-1,GSE288483 | Pt1-1,4499,6825,background
GSE288483,GSM8768679_Pt1-1,GSE288483 | Pt1-1,4565,6710,background
GSE288483,GSM8768679_Pt1-1,GSE288483 | Pt1-1,4631,6825,background
GSE288483,GSM8768679_Pt1-1,GSE288483 | Pt1-1,4697,6711,background
GSE288483,GSM8768679_Pt1-1,GSE288483 | Pt1-1,4762,6826,background
GSE288483,GSM8768679_Pt1-1,GSE288483 | Pt1-1,4829,6711,background
GSE288483,GSM8768679_Pt1-1,GSE288483 | Pt1-1,4894,6826,background
GSE288483,GSM8768679_Pt1-1,GSE288483 | Pt1-1,4960,6712,background
GSE288483,GSM8768679_Pt1-1,GSE288483 | Pt1-1,5026,6826,background
GSE288483,GSM8768679_Pt1-1,GSE288483 | Pt1-1,5092,6712,background
GSE288483,GSM8768679_Pt1-1,GSE288483 | Pt1-1,5158,6827,background
GSE288483,GSM8768679_Pt1-1,GSE288483 | Pt1-1,5224,6712,background
GSE288483,GSM8768679_Pt1-1,GSE288483 | Pt1-1,5356,6713,background
GSE288483,GSM8768679_Pt1-1,GSE288483 | Pt1-1,5421,6827,background
GSE288483,GSM8768679_Pt1-1,GSE288483 | Pt1-1,5487,6713,background
GSE288483,GSM8768679_Pt1-1,GSE288483 | Pt1-1,5553,6828,background
GSE288483,GSM8768679_Pt1-1,GSE288483 | Pt1-1,5619,6713,background
GSE288483,GSM8768679_Pt1-1,GSE288483 | Pt1-1,5685,6828,background
GSE288483,GSM8768679_Pt1-1,GSE288483 | Pt1-1,5751,6714,background
GSE288483,GSM8768679_Pt1-1,GSE288483 | Pt1-1,5816,6828,background
GSE288483,GSM8768679_Pt1-1,GSE288483 | Pt1-1,5882,6714,background
GSE288483,GSM8768679_Pt1-1,GSE288483 | Pt1-1,5948,6829,background
GSE288483,GSM8768679_Pt1-1,GSE288483 | Pt1-1,6014,6714,background
GSE288483,GSM8768679_Pt1-1,GSE288483 | Pt1-1,6080,6829,background
GSE288483,GSM8768679_Pt1-1,GSE288483 | Pt1-1,6146,6715,background
GSE288483,GSM8768679_Pt1-1,GSE288483 | Pt1-1,6211,6829,background
GSE288483,GSM8768679_Pt1-1,GSE288483 | Pt1-1,6278,6715,background
GSE288483,GSM8768679_Pt1-1,GSE288483 | Pt1-1,6343,6830,background
GSE288483,GSM8768679_Pt1-1,GSE288483 | Pt1-1,6409,6715,background
GSE288483,GSM8768679_Pt1-1,GSE288483 | Pt1-1,6475,6830,background
GSE288483,GSM8768679_Pt1-1,GSE288483 | Pt1-1,6541,6716,background
GSE288483,GSM8768679_Pt1-1,GSE288483 | Pt1-1,6607,6831,background
GSE288483,GSM8768679_Pt1-1,GSE288483 | Pt1-1,6673,6716,background
GSE288483,GSM8768679_Pt1-1,GSE288483 | Pt1-1,6738,6831,background
GSE288483,GSM8768679_Pt1-1,GSE288483 | Pt1-1,6805,6716,background
GSE288483,GSM8768679_Pt1-1,GSE288483 | Pt1-1,6870,6831,background
GSE288483,GSM8768679_Pt1-1,GSE288483 | Pt1-1,6936,6717,background
GSE288483,GSM8768679_Pt1-1,GSE288483 | Pt1-1,7002,6832,background
GSE288483,GSM8768679_Pt1-1,GSE288483 | Pt1-1,7068,6717,background
GSE288483,GSM8768679_Pt1-1,GSE288483 | Pt1-1,7134,6832,background
GSE288483,GSM8768679_Pt1-1,GSE288483 | Pt1-1,7200,6718,background
GSE288483,GSM8768679_Pt1-1,GSE288483 | Pt1-1,7265,6832,background
GSE288483,GSM8768679_Pt1-1,GSE288483 | Pt1-1,7331,6718,background
GSE288483,GSM8768679_Pt1-1,GSE288483 | Pt1-1,7397,6833,background
GSE288483,GSM8768679_Pt1-1,GSE288483 | Pt1-1,7463,6718,background
GSE288483,GSM8768679_Pt1-1,GSE288483 | Pt1-1,7529,6833,background
GSE288483,GSM8768679_Pt1-1,GSE288483 | Pt1-1,7595,6719,background
GSE288483,GSM8768679_Pt1-1,GSE288483 | Pt1-1,7660,6833,background
GSE288483,GSM8768679_Pt1-1,GSE288483 | Pt1-1,7727,6719,background
GSE288483,GSM8768679_Pt1-1,GSE288483 | Pt1-1,7792,6834,background
GSE288483,GSM8768679_Pt1-1,GSE288483 | Pt1-1,3049,7050,background
GSE288483,GSM8768679_Pt1-1,GSE288483 | Pt1-1,3181,7051,background
GSE288483,GSM8768679_Pt1-1,GSE288483 | Pt1-1,3313,7051,background
GSE288483,GSM8768679_Pt1-1,GSE288483 | Pt1-1,3379,6936,background
GSE288483,GSM8768679_Pt1-1,GSE288483 | Pt1-1,3445,7051,background
GSE288483,GSM8768679_Pt1-1,GSE288483 | Pt1-1,3576,7052,background
GSE288483,GSM8768679_Pt1-1,GSE288483 | Pt1-1,3708,7052,background
GSE288483,GSM8768679_Pt1-1,GSE288483 | Pt1-1,3840,7052,background
GSE288483,GSM8768679_Pt1-1,GSE288483 | Pt1-1,3972,7053,background
GSE288483,GSM8768679_Pt1-1,GSE288483 | Pt1-1,4103,7053,background
GSE288483,GSM8768679_Pt1-1,GSE288483 | Pt1-1,4235,7053,background
GSE288483,GSM8768679_Pt1-1,GSE288483 | Pt1-1,4367,7054,background
GSE288483,GSM8768679_Pt1-1,GSE288483 | Pt1-1,4498,7054,background
GSE288483,GSM8768679_Pt1-1,GSE288483 | Pt1-1,4565,6940,background
GSE288483,GSM8768679_Pt1-1,GSE288483 | Pt1-1,4630,7054,background
GSE288483,GSM8768679_Pt1-1,GSE288483 | Pt1-1,4696,6940,background
GSE288483,GSM8768679_Pt1-1,GSE288483 | Pt1-1,4762,7055,background
GSE288483,GSM8768679_Pt1-1,GSE288483 | Pt1-1,4828,6940,background
GSE288483,GSM8768679_Pt1-1,GSE288483 | Pt1-1,4894,7055,background
GSE288483,GSM8768679_Pt1-1,GSE288483 | Pt1-1,4960,6941,background
GSE288483,GSM8768679_Pt1-1,GSE288483 | Pt1-1,5025,7055,background
GSE288483,GSM8768679_Pt1-1,GSE288483 | Pt1-1,5091,6941,background
GSE288483,GSM8768679_Pt1-1,GSE288483 | Pt1-1,5157,7056,background
GSE288483,GSM8768679_Pt1-1,GSE288483 | Pt1-1,5223,6941,background
GSE288483,GSM8768679_Pt1-1,GSE288483 | Pt1-1,5289,7056,background
GSE288483,GSM8768679_Pt1-1,GSE288483 | Pt1-1,5420,7057,background
GSE288483,GSM8768679_Pt1-1,GSE288483 | Pt1-1,5487,6942,background
GSE288483,GSM8768679_Pt1-1,GSE288483 | Pt1-1,5552,7057,background
GSE288483,GSM8768679_Pt1-1,GSE288483 | Pt1-1,5618,6942,background
GSE288483,GSM8768679_Pt1-1,GSE288483 | Pt1-1,5684,7057,background
GSE288483,GSM8768679_Pt1-1,GSE288483 | Pt1-1,5750,6943,background
GSE288483,GSM8768679_Pt1-1,GSE288483 | Pt1-1,5816,7058,background
GSE288483,GSM8768679_Pt1-1,GSE288483 | Pt1-1,5882,6943,background
GSE288483,GSM8768679_Pt1-1,GSE288483 | Pt1-1,5947,7058,background
GSE288483,GSM8768679_Pt1-1,GSE288483 | Pt1-1,6014,6944,background
GSE288483,GSM8768679_Pt1-1,GSE288483 | Pt1-1,6079,7058,background
GSE288483,GSM8768679_Pt1-1,GSE288483 | Pt1-1,6145,6944,background
GSE288483,GSM8768679_Pt1-1,GSE288483 | Pt1-1,6211,7059,background
GSE288483,GSM8768679_Pt1-1,GSE288483 | Pt1-1,6277,6944,background
GSE288483,GSM8768679_Pt1-1,GSE288483 | Pt1-1,6343,7059,background
GSE288483,GSM8768679_Pt1-1,GSE288483 | Pt1-1,6409,6945,background
GSE288483,GSM8768679_Pt1-1,GSE288483 | Pt1-1,6474,7059,background
GSE288483,GSM8768679_Pt1-1,GSE288483 | Pt1-1,6540,6945,background
GSE288483,GSM8768679_Pt1-1,GSE288483 | Pt1-1,6606,7060,background
GSE288483,GSM8768679_Pt1-1,GSE288483 | Pt1-1,6672,6945,background
GSE288483,GSM8768679_Pt1-1,GSE288483 | Pt1-1,6738,7060,background
GSE288483,GSM8768679_Pt1-1,GSE288483 | Pt1-1,6804,6946,background
GSE288483,GSM8768679_Pt1-1,GSE288483 | Pt1-1,6869,7060,background
GSE288483,GSM8768679_Pt1-1,GSE288483 | Pt1-1,6936,6946,background
GSE288483,GSM8768679_Pt1-1,GSE288483 | Pt1-1,7001,7061,background
GSE288483,GSM8768679_Pt1-1,GSE288483 | Pt1-1,7067,6946,background
GSE288483,GSM8768679_Pt1-1,GSE288483 | Pt1-1,7133,7061,background
GSE288483,GSM8768679_Pt1-1,GSE288483 | Pt1-1,7199,6947,background
GSE288483,GSM8768679_Pt1-1,GSE288483 | Pt1-1,7265,7062,background
GSE288483,GSM8768679_Pt1-1,GSE288483 | Pt1-1,7331,6947,background
GSE288483,GSM8768679_Pt1-1,GSE288483 | Pt1-1,7396,7062,background
GSE288483,GSM8768679_Pt1-1,GSE288483 | Pt1-1,7463,6947,background
GSE288483,GSM8768679_Pt1-1,GSE288483 | Pt1-1,7528,7062,background
GSE288483,GSM8768679_Pt1-1,GSE288483 | Pt1-1,7594,6948,background
GSE288483,GSM8768679_Pt1-1,GSE288483 | Pt1-1,7660,7063,background
GSE288483,GSM8768679_Pt1-1,GSE288483 | Pt1-1,7726,6948,background
GSE288483,GSM8768679_Pt1-1,GSE288483 | Pt1-1,7792,7063,background
GSE288483,GSM8768679_Pt1-1,GSE288483 | Pt1-1,7858,6949,background
GSE288483,GSM8768679_Pt1-1,GSE288483 | Pt1-1,3049,7279,background
GSE288483,GSM8768679_Pt1-1,GSE288483 | Pt1-1,3115,7165,background
GSE288483,GSM8768679_Pt1-1,GSE288483 | Pt1-1,3181,7280,background
GSE288483,GSM8768679_Pt1-1,GSE288483 | Pt1-1,3247,7165,background
GSE288483,GSM8768679_Pt1-1,GSE288483 | Pt1-1,3312,7280,background
GSE288483,GSM8768679_Pt1-1,GSE288483 | Pt1-1,3378,7166,background
GSE288483,GSM8768679_Pt1-1,GSE288483 | Pt1-1,3444,7280,background
GSE288483,GSM8768679_Pt1-1,GSE288483 | Pt1-1,3510,7166,background
GSE288483,GSM8768679_Pt1-1,GSE288483 | Pt1-1,3576,7281,background
GSE288483,GSM8768679_Pt1-1,GSE288483 | Pt1-1,3642,7166,background
GSE288483,GSM8768679_Pt1-1,GSE288483 | Pt1-1,3707,7281,background
GSE288483,GSM8768679_Pt1-1,GSE288483 | Pt1-1,3774,7167,background
GSE288483,GSM8768679_Pt1-1,GSE288483 | Pt1-1,3839,7281,background
GSE288483,GSM8768679_Pt1-1,GSE288483 | Pt1-1,3905,7167,background
GSE288483,GSM8768679_Pt1-1,GSE288483 | Pt1-1,3971,7282,background
GSE288483,GSM8768679_Pt1-1,GSE288483 | Pt1-1,4037,7167,background
GSE288483,GSM8768679_Pt1-1,GSE288483 | Pt1-1,4103,7282,background
GSE288483,GSM8768679_Pt1-1,GSE288483 | Pt1-1,4169,7168,background
GSE288483,GSM8768679_Pt1-1,GSE288483 | Pt1-1,4234,7283,background
GSE288483,GSM8768679_Pt1-1,GSE288483 | Pt1-1,4301,7168,background
GSE288483,GSM8768679_Pt1-1,GSE288483 | Pt1-1,4366,7283,background
GSE288483,GSM8768679_Pt1-1,GSE288483 | Pt1-1,4432,7168,background
GSE288483,GSM8768679_Pt1-1,GSE288483 | Pt1-1,4498,7283,background
GSE288483,GSM8768679_Pt1-1,GSE288483 | Pt1-1,4564,7169,background
GSE288483,GSM8768679_Pt1-1,GSE288483 | Pt1-1,4630,7284,background
GSE288483,GSM8768679_Pt1-1,GSE288483 | Pt1-1,4696,7169,background
GSE288483,GSM8768679_Pt1-1,GSE288483 | Pt1-1,4761,7284,background
GSE288483,GSM8768679_Pt1-1,GSE288483 | Pt1-1,4827,7170,background
GSE288483,GSM8768679_Pt1-1,GSE288483 | Pt1-1,4893,7284,background
GSE288483,GSM8768679_Pt1-1,GSE288483 | Pt1-1,4959,7170,background
GSE288483,GSM8768679_Pt1-1,GSE288483 | Pt1-1,5025,7285,background
GSE288483,GSM8768679_Pt1-1,GSE288483 | Pt1-1,5091,7170,background
GSE288483,GSM8768679_Pt1-1,GSE288483 | Pt1-1,5156,7285,background
GSE288483,GSM8768679_Pt1-1,GSE288483 | Pt1-1,5223,7171,background
GSE288483,GSM8768679_Pt1-1,GSE288483 | Pt1-1,5288,7285,background
GSE288483,GSM8768679_Pt1-1,GSE288483 | Pt1-1,5354,7171,background
GSE288483,GSM8768679_Pt1-1,GSE288483 | Pt1-1,5420,7286,background
GSE288483,GSM8768679_Pt1-1,GSE288483 | Pt1-1,5486,7171,background
GSE288483,GSM8768679_Pt1-1,GSE288483 | Pt1-1,5552,7286,background
GSE288483,GSM8768679_Pt1-1,GSE288483 | Pt1-1,5618,7172,background
GSE288483,GSM8768679_Pt1-1,GSE288483 | Pt1-1,5683,7286,background
GSE288483,GSM8768679_Pt1-1,GSE288483 | Pt1-1,5749,7172,background
GSE288483,GSM8768679_Pt1-1,GSE288483 | Pt1-1,5815,7287,background
GSE288483,GSM8768679_Pt1-1,GSE288483 | Pt1-1,5881,7172,background
GSE288483,GSM8768679_Pt1-1,GSE288483 | Pt1-1,5947,7287,background
GSE288483,GSM8768679_Pt1-1,GSE288483 | Pt1-1,6013,7173,background
GSE288483,GSM8768679_Pt1-1,GSE288483 | Pt1-1,6078,7288,background
GSE288483,GSM8768679_Pt1-1,GSE288483 | Pt1-1,6145,7173,background
GSE288483,GSM8768679_Pt1-1,GSE288483 | Pt1-1,6210,7288,background
GSE288483,GSM8768679_Pt1-1,GSE288483 | Pt1-1,6276,7173,background
GSE288483,GSM8768679_Pt1-1,GSE288483 | Pt1-1,6342,7288,background
GSE288483,GSM8768679_Pt1-1,GSE288483 | Pt1-1,6408,7174,background
GSE288483,GSM8768679_Pt1-1,GSE288483 | Pt1-1,6474,7289,background
GSE288483,GSM8768679_Pt1-1,GSE288483 | Pt1-1,6540,7174,background
GSE288483,GSM8768679_Pt1-1,GSE288483 | Pt1-1,6605,7289,background
GSE288483,GSM8768679_Pt1-1,GSE288483 | Pt1-1,6672,7175,background
GSE288483,GSM8768679_Pt1-1,GSE288483 | Pt1-1,6737,7289,background
GSE288483,GSM8768679_Pt1-1,GSE288483 | Pt1-1,6803,7175,background
GSE288483,GSM8768679_Pt1-1,GSE288483 | Pt1-1,6869,7290,background
GSE288483,GSM8768679_Pt1-1,GSE288483 | Pt1-1,6935,7175,background
GSE288483,GSM8768679_Pt1-1,GSE288483 | Pt1-1,7001,7290,background
GSE288483,GSM8768679_Pt1-1,GSE288483 | Pt1-1,7067,7176,background
GSE288483,GSM8768679_Pt1-1,GSE288483 | Pt1-1,7132,7290,background
GSE288483,GSM8768679_Pt1-1,GSE288483 | Pt1-1,7198,7176,background
GSE288483,GSM8768679_Pt1-1,GSE288483 | Pt1-1,7264,7291,background
GSE288483,GSM8768679_Pt1-1,GSE288483 | Pt1-1,7330,7176,background
GSE288483,GSM8768679_Pt1-1,GSE288483 | Pt1-1,7396,7291,background
GSE288483,GSM8768679_Pt1-1,GSE288483 | Pt1-1,7462,7177,background
GSE288483,GSM8768679_Pt1-1,GSE288483 | Pt1-1,7527,7291,background
GSE288483,GSM8768679_Pt1-1,GSE288483 | Pt1-1,7594,7177,background
GSE288483,GSM8768679_Pt1-1,GSE288483 | Pt1-1,7659,7292,background
GSE288483,GSM8768679_Pt1-1,GSE288483 | Pt1-1,7725,7177,background
GSE288483,GSM8768679_Pt1-1,GSE288483 | Pt1-1,7791,7292,background
GSE288483,GSM8768679_Pt1-1,GSE288483 | Pt1-1,7857,7178,background
GSE288483,GSM8768679_Pt1-1,GSE288483 | Pt1-1,3114,7394,background
GSE288483,GSM8768679_Pt1-1,GSE288483 | Pt1-1,3246,7394,background
GSE288483,GSM8768679_Pt1-1,GSE288483 | Pt1-1,3378,7395,background
GSE288483,GSM8768679_Pt1-1,GSE288483 | Pt1-1,3510,7395,background
GSE288483,GSM8768679_Pt1-1,GSE288483 | Pt1-1,3575,7510,background
GSE288483,GSM8768679_Pt1-1,GSE288483 | Pt1-1,3641,7396,background
GSE288483,GSM8768679_Pt1-1,GSE288483 | Pt1-1,3707,7510,background
GSE288483,GSM8768679_Pt1-1,GSE288483 | Pt1-1,3773,7396,background
GSE288483,GSM8768679_Pt1-1,GSE288483 | Pt1-1,3839,7511,background
GSE288483,GSM8768679_Pt1-1,GSE288483 | Pt1-1,3905,7396,background
GSE288483,GSM8768679_Pt1-1,GSE288483 | Pt1-1,3970,7511,background
GSE288483,GSM8768679_Pt1-1,GSE288483 | Pt1-1,4036,7397,background
GSE288483,GSM8768679_Pt1-1,GSE288483 | Pt1-1,4102,7511,background
GSE288483,GSM8768679_Pt1-1,GSE288483 | Pt1-1,4168,7397,background
GSE288483,GSM8768679_Pt1-1,GSE288483 | Pt1-1,4234,7512,background
GSE288483,GSM8768679_Pt1-1,GSE288483 | Pt1-1,4300,7397,background
GSE288483,GSM8768679_Pt1-1,GSE288483 | Pt1-1,4365,7512,background
GSE288483,GSM8768679_Pt1-1,GSE288483 | Pt1-1,4432,7398,background
GSE288483,GSM8768679_Pt1-1,GSE288483 | Pt1-1,4497,7512,background
GSE288483,GSM8768679_Pt1-1,GSE288483 | Pt1-1,4563,7398,background
GSE288483,GSM8768679_Pt1-1,GSE288483 | Pt1-1,4629,7513,background
GSE288483,GSM8768679_Pt1-1,GSE288483 | Pt1-1,4695,7398,background
GSE288483,GSM8768679_Pt1-1,GSE288483 | Pt1-1,4761,7513,background
GSE288483,GSM8768679_Pt1-1,GSE288483 | Pt1-1,4827,7399,background
GSE288483,GSM8768679_Pt1-1,GSE288483 | Pt1-1,4892,7514,background
GSE288483,GSM8768679_Pt1-1,GSE288483 | Pt1-1,4959,7399,background
GSE288483,GSM8768679_Pt1-1,GSE288483 | Pt1-1,5024,7514,background
GSE288483,GSM8768679_Pt1-1,GSE288483 | Pt1-1,5090,7399,background
GSE288483,GSM8768679_Pt1-1,GSE288483 | Pt1-1,5156,7514,background
GSE288483,GSM8768679_Pt1-1,GSE288483 | Pt1-1,5222,7400,background
GSE288483,GSM8768679_Pt1-1,GSE288483 | Pt1-1,5288,7515,background
GSE288483,GSM8768679_Pt1-1,GSE288483 | Pt1-1,5354,7400,background
GSE288483,GSM8768679_Pt1-1,GSE288483 | Pt1-1,5419,7515,background
GSE288483,GSM8768679_Pt1-1,GSE288483 | Pt1-1,5485,7401,background
GSE288483,GSM8768679_Pt1-1,GSE288483 | Pt1-1,5551,7515,background
GSE288483,GSM8768679_Pt1-1,GSE288483 | Pt1-1,5617,7401,background
GSE288483,GSM8768679_Pt1-1,GSE288483 | Pt1-1,5683,7516,background
GSE288483,GSM8768679_Pt1-1,GSE288483 | Pt1-1,5749,7401,background
GSE288483,GSM8768679_Pt1-1,GSE288483 | Pt1-1,5814,7516,background
GSE288483,GSM8768679_Pt1-1,GSE288483 | Pt1-1,5881,7402,background
GSE288483,GSM8768679_Pt1-1,GSE288483 | Pt1-1,5946,7516,background
GSE288483,GSM8768679_Pt1-1,GSE288483 | Pt1-1,6012,7402,background
GSE288483,GSM8768679_Pt1-1,GSE288483 | Pt1-1,6078,7517,background
GSE288483,GSM8768679_Pt1-1,GSE288483 | Pt1-1,6144,7402,background
GSE288483,GSM8768679_Pt1-1,GSE288483 | Pt1-1,6210,7517,background
GSE288483,GSM8768679_Pt1-1,GSE288483 | Pt1-1,6276,7403,background
GSE288483,GSM8768679_Pt1-1,GSE288483 | Pt1-1,6341,7517,background
GSE288483,GSM8768679_Pt1-1,GSE288483 | Pt1-1,6408,7403,background
GSE288483,GSM8768679_Pt1-1,GSE288483 | Pt1-1,6473,7518,background
GSE288483,GSM8768679_Pt1-1,GSE288483 | Pt1-1,6539,7403,background
GSE288483,GSM8768679_Pt1-1,GSE288483 | Pt1-1,6605,7518,background
GSE288483,GSM8768679_Pt1-1,GSE288483 | Pt1-1,6671,7404,background
GSE288483,GSM8768679_Pt1-1,GSE288483 | Pt1-1,6737,7519,background
GSE288483,GSM8768679_Pt1-1,GSE288483 | Pt1-1,6803,7404,background
GSE288483,GSM8768679_Pt1-1,GSE288483 | Pt1-1,6868,7519,background
GSE288483,GSM8768679_Pt1-1,GSE288483 | Pt1-1,6934,7404,background
GSE288483,GSM8768679_Pt1-1,GSE288483 | Pt1-1,7000,7519,background
GSE288483,GSM8768679_Pt1-1,GSE288483 | Pt1-1,7066,7405,background
GSE288483,GSM8768679_Pt1-1,GSE288483 | Pt1-1,7132,7520,background
GSE288483,GSM8768679_Pt1-1,GSE288483 | Pt1-1,7198,7405,background
GSE288483,GSM8768679_Pt1-1,GSE288483 | Pt1-1,7263,7520,background
GSE288483,GSM8768679_Pt1-1,GSE288483 | Pt1-1,7330,7406,background
GSE288483,GSM8768679_Pt1-1,GSE288483 | Pt1-1,7395,7520,background
GSE288483,GSM8768679_Pt1-1,GSE288483 | Pt1-1,7461,7406,background
GSE288483,GSM8768679_Pt1-1,GSE288483 | Pt1-1,7527,7521,background
GSE288483,GSM8768679_Pt1-1,GSE288483 | Pt1-1,7593,7406,background
GSE288483,GSM8768679_Pt1-1,GSE288483 | Pt1-1,7659,7521,background
GSE288483,GSM8768679_Pt1-1,GSE288483 | Pt1-1,7725,7407,background
GSE288483,GSM8768679_Pt1-1,GSE288483 | Pt1-1,7790,7521,background
GSE288483,GSM8768679_Pt1-1,GSE288483 | Pt1-1,7856,7407,background
GSE288483,GSM8768679_Pt1-1,GSE288483 | Pt1-1,7922,7522,background
GSE288483,GSM8768679_Pt1-1,GSE288483 | Pt1-1,4233,7741,background
GSE288483,GSM8768679_Pt1-1,GSE288483 | Pt1-1,4299,7627,background
GSE288483,GSM8768679_Pt1-1,GSE288483 | Pt1-1,4365,7741,background
GSE288483,GSM8768679_Pt1-1,GSE288483 | Pt1-1,4431,7627,background
GSE288483,GSM8768679_Pt1-1,GSE288483 | Pt1-1,4497,7742,background
GSE288483,GSM8768679_Pt1-1,GSE288483 | Pt1-1,4563,7627,background
GSE288483,GSM8768679_Pt1-1,GSE288483 | Pt1-1,4628,7742,background
GSE288483,GSM8768679_Pt1-1,GSE288483 | Pt1-1,4694,7628,background
GSE288483,GSM8768679_Pt1-1,GSE288483 | Pt1-1,4760,7742,background
GSE288483,GSM8768679_Pt1-1,GSE288483 | Pt1-1,4826,7628,background
GSE288483,GSM8768679_Pt1-1,GSE288483 | Pt1-1,4892,7743,background
GSE288483,GSM8768679_Pt1-1,GSE288483 | Pt1-1,4958,7628,background
GSE288483,GSM8768679_Pt1-1,GSE288483 | Pt1-1,5023,7743,background
GSE288483,GSM8768679_Pt1-1,GSE288483 | Pt1-1,5090,7629,background
GSE288483,GSM8768679_Pt1-1,GSE288483 | Pt1-1,5155,7743,background
GSE288483,GSM8768679_Pt1-1,GSE288483 | Pt1-1,5221,7629,background
GSE288483,GSM8768679_Pt1-1,GSE288483 | Pt1-1,5287,7744,background
GSE288483,GSM8768679_Pt1-1,GSE288483 | Pt1-1,5353,7629,background
GSE288483,GSM8768679_Pt1-1,GSE288483 | Pt1-1,5485,7630,background
GSE288483,GSM8768679_Pt1-1,GSE288483 | Pt1-1,5617,7630,background
GSE288483,GSM8768679_Pt1-1,GSE288483 | Pt1-1,5682,7745,background
GSE288483,GSM8768679_Pt1-1,GSE288483 | Pt1-1,5748,7630,background
GSE288483,GSM8768679_Pt1-1,GSE288483 | Pt1-1,5814,7745,background
GSE288483,GSM8768679_Pt1-1,GSE288483 | Pt1-1,5880,7631,background
GSE288483,GSM8768679_Pt1-1,GSE288483 | Pt1-1,5946,7746,background
GSE288483,GSM8768679_Pt1-1,GSE288483 | Pt1-1,6012,7631,background
GSE288483,GSM8768679_Pt1-1,GSE288483 | Pt1-1,6077,7746,background
GSE288483,GSM8768679_Pt1-1,GSE288483 | Pt1-1,6143,7632,background
GSE288483,GSM8768679_Pt1-1,GSE288483 | Pt1-1,6209,7746,background
GSE288483,GSM8768679_Pt1-1,GSE288483 | Pt1-1,6275,7632,background
GSE288483,GSM8768679_Pt1-1,GSE288483 | Pt1-1,6341,7747,background
GSE288483,GSM8768679_Pt1-1,GSE288483 | Pt1-1,6407,7632,background
GSE288483,GSM8768679_Pt1-1,GSE288483 | Pt1-1,6472,7747,background
GSE288483,GSM8768679_Pt1-1,GSE288483 | Pt1-1,6539,7633,background
GSE288483,GSM8768679_Pt1-1,GSE288483 | Pt1-1,6604,7747,background
GSE288483,GSM8768679_Pt1-1,GSE288483 | Pt1-1,6670,7633,background
GSE288483,GSM8768679_Pt1-1,GSE288483 | Pt1-1,6736,7748,background
GSE288483,GSM8768679_Pt1-1,GSE288483 | Pt1-1,6802,7633,background
GSE288483,GSM8768679_Pt1-1,GSE288483 | Pt1-1,6868,7748,background
GSE288483,GSM8768679_Pt1-1,GSE288483 | Pt1-1,6934,7634,background
GSE288483,GSM8768679_Pt1-1,GSE288483 | Pt1-1,6999,7748,background
GSE288483,GSM8768679_Pt1-1,GSE288483 | Pt1-1,7066,7634,background
GSE288483,GSM8768679_Pt1-1,GSE288483 | Pt1-1,7131,7749,background
GSE288483,GSM8768679_Pt1-1,GSE288483 | Pt1-1,7197,7634,background
GSE288483,GSM8768679_Pt1-1,GSE288483 | Pt1-1,7263,7749,background
GSE288483,GSM8768679_Pt1-1,GSE288483 | Pt1-1,7329,7635,background
GSE288483,GSM8768679_Pt1-1,GSE288483 | Pt1-1,7395,7749,background
GSE288483,GSM8768679_Pt1-1,GSE288483 | Pt1-1,7461,7635,background
GSE288483,GSM8768679_Pt1-1,GSE288483 | Pt1-1,7526,7750,background
GSE288483,GSM8768679_Pt1-1,GSE288483 | Pt1-1,7592,7635,background
GSE288483,GSM8768679_Pt1-1,GSE288483 | Pt1-1,7658,7750,background
GSE288483,GSM8768679_Pt1-1,GSE288483 | Pt1-1,7724,7636,background
GSE288483,GSM8768679_Pt1-1,GSE288483 | Pt1-1,7790,7751,background
GSE288483,GSM8768679_Pt1-1,GSE288483 | Pt1-1,7856,7636,background
GSE288483,GSM8768679_Pt1-1,GSE288483 | Pt1-1,7921,7751,background
GSE288483,GSM8768679_Pt1-1,GSE288483 | Pt1-1,3640,7854,background
GSE288483,GSM8768679_Pt1-1,GSE288483 | Pt1-1,3706,7969,background
GSE288483,GSM8768679_Pt1-1,GSE288483 | Pt1-1,3772,7854,background
GSE288483,GSM8768679_Pt1-1,GSE288483 | Pt1-1,3837,7969,background
GSE288483,GSM8768679_Pt1-1,GSE288483 | Pt1-1,3903,7855,background
GSE288483,GSM8768679_Pt1-1,GSE288483 | Pt1-1,3969,7969,background
GSE288483,GSM8768679_Pt1-1,GSE288483 | Pt1-1,4035,7855,background
GSE288483,GSM8768679_Pt1-1,GSE288483 | Pt1-1,4101,7970,background
GSE288483,GSM8768679_Pt1-1,GSE288483 | Pt1-1,4167,7855,background
GSE288483,GSM8768679_Pt1-1,GSE288483 | Pt1-1,4233,7970,background
GSE288483,GSM8768679_Pt1-1,GSE288483 | Pt1-1,4299,7856,background
GSE288483,GSM8768679_Pt1-1,GSE288483 | Pt1-1,4364,7971,background
GSE288483,GSM8768679_Pt1-1,GSE288483 | Pt1-1,4430,7856,background
GSE288483,GSM8768679_Pt1-1,GSE288483 | Pt1-1,4496,7971,background
GSE288483,GSM8768679_Pt1-1,GSE288483 | Pt1-1,4562,7856,background
GSE288483,GSM8768679_Pt1-1,GSE288483 | Pt1-1,4628,7971,background
GSE288483,GSM8768679_Pt1-1,GSE288483 | Pt1-1,4694,7857,background
GSE288483,GSM8768679_Pt1-1,GSE288483 | Pt1-1,4759,7972,background
GSE288483,GSM8768679_Pt1-1,GSE288483 | Pt1-1,4826,7857,background
GSE288483,GSM8768679_Pt1-1,GSE288483 | Pt1-1,4891,7972,background
GSE288483,GSM8768679_Pt1-1,GSE288483 | Pt1-1,4957,7858,background
GSE288483,GSM8768679_Pt1-1,GSE288483 | Pt1-1,5023,7972,background
GSE288483,GSM8768679_Pt1-1,GSE288483 | Pt1-1,5089,7858,background
GSE288483,GSM8768679_Pt1-1,GSE288483 | Pt1-1,5155,7973,background
GSE288483,GSM8768679_Pt1-1,GSE288483 | Pt1-1,5221,7858,background
GSE288483,GSM8768679_Pt1-1,GSE288483 | Pt1-1,5286,7973,background
GSE288483,GSM8768679_Pt1-1,GSE288483 | Pt1-1,5748,7860,background
GSE288483,GSM8768679_Pt1-1,GSE288483 | Pt1-1,5813,7974,background
GSE288483,GSM8768679_Pt1-1,GSE288483 | Pt1-1,5879,7860,background
GSE288483,GSM8768679_Pt1-1,GSE288483 | Pt1-1,5945,7975,background
GSE288483,GSM8768679_Pt1-1,GSE288483 | Pt1-1,6011,7860,background
GSE288483,GSM8768679_Pt1-1,GSE288483 | Pt1-1,6077,7975,background
GSE288483,GSM8768679_Pt1-1,GSE288483 | Pt1-1,6143,7861,background
GSE288483,GSM8768679_Pt1-1,GSE288483 | Pt1-1,6275,7861,background
GSE288483,GSM8768679_Pt1-1,GSE288483 | Pt1-1,6406,7861,background
GSE288483,GSM8768679_Pt1-1,GSE288483 | Pt1-1,6538,7862,background
GSE288483,GSM8768679_Pt1-1,GSE288483 | Pt1-1,6670,7862,background
GSE288483,GSM8768679_Pt1-1,GSE288483 | Pt1-1,6801,7862,background
GSE288483,GSM8768679_Pt1-1,GSE288483 | Pt1-1,6933,7863,background
GSE288483,GSM8768679_Pt1-1,GSE288483 | Pt1-1,7065,7863,background
GSE288483,GSM8768679_Pt1-1,GSE288483 | Pt1-1,7197,7864,background
GSE288483,GSM8768679_Pt1-1,GSE288483 | Pt1-1,3771,8084,background
GSE288483,GSM8768679_Pt1-1,GSE288483 | Pt1-1,3837,8198,background
GSE288483,GSM8768679_Pt1-1,GSE288483 | Pt1-1,3903,8084,background
GSE288483,GSM8768679_Pt1-1,GSE288483 | Pt1-1,3968,8199,background
GSE288483,GSM8768679_Pt1-1,GSE288483 | Pt1-1,4035,8084,background
GSE288483,GSM8768679_Pt1-1,GSE288483 | Pt1-1,4166,8085,background
GSE288483,GSM8768679_Pt1-1,GSE288483 | Pt1-1,4298,8085,background
GSE288483,GSM8768679_Pt1-1,GSE288483 | Pt1-1,4430,8085,background
GSE288483,GSM8768679_Pt1-1,GSE288483 | Pt1-1,4825,8086,background
GSE288483,GSM8768679_Pt1-1,GSE288483 | Pt1-1,4957,8087,background
GSE288483,GSM8768679_Pt1-1,GSE288483 | Pt1-1,5088,8087,background
GSE288483,GSM8768679_Pt1-1,GSE288483 | Pt1-1,5220,8087,background
10x_human_ovarian_cancer_ffpe_visium,10x_human_ovarian_cancer_ffpe_visium,10x Visium | 10x Visium,5337,2176,TLS-high
10x_human_ovarian_cancer_ffpe_visium,10x_human_ovarian_cancer_ffpe_visium,10x Visium | 10x Visium,5698,2051,TLS-high
10x_human_ovarian_cancer_ffpe_visium,10x_human_ovarian_cancer_ffpe_visium,10x Visium | 10x Visium,5409,2302,TLS-high
10x_human_ovarian_cancer_ffpe_visium,10x_human_ovarian_cancer_ffpe_visium,10x Visium | 10x Visium,5481,2428,TLS-high
10x_human_ovarian_cancer_ffpe_visium,10x_human_ovarian_cancer_ffpe_visium,10x Visium | 10x Visium,5698,2303,TLS-high
10x_human_ovarian_cancer_ffpe_visium,10x_human_ovarian_cancer_ffpe_visium,10x Visium | 10x Visium,5770,2428,TLS-high
10x_human_ovarian_cancer_ffpe_visium,10x_human_ovarian_cancer_ffpe_visium,10x Visium | 10x Visium,5914,2429,TLS-high
10x_human_ovarian_cancer_ffpe_visium,10x_human_ovarian_cancer_ffpe_visium,10x Visium | 10x Visium,6636,2430,TLS-high
10x_human_ovarian_cancer_ffpe_visium,10x_human_ovarian_cancer_ffpe_visium,10x Visium | 10x Visium,6781,2430,TLS-high
10x_human_ovarian_cancer_ffpe_visium,10x_human_ovarian_cancer_ffpe_visium,10x Visium | 10x Visium,5192,2679,TLS-high
10x_human_ovarian_cancer_ffpe_visium,10x_human_ovarian_cancer_ffpe_visium,10x Visium | 10x Visium,5264,2553,TLS-high
10x_human_ovarian_cancer_ffpe_visium,10x_human_ovarian_cancer_ffpe_visium,10x Visium | 10x Visium,5336,2679,TLS-high
10x_human_ovarian_cancer_ffpe_visium,10x_human_ovarian_cancer_ffpe_visium,10x Visium | 10x Visium,5409,2553,TLS-high
10x_human_ovarian_cancer_ffpe_visium,10x_human_ovarian_cancer_ffpe_visium,10x Visium | 10x Visium,5481,2679,TLS-high
10x_human_ovarian_cancer_ffpe_visium,10x_human_ovarian_cancer_ffpe_visium,10x Visium | 10x Visium,5698,2554,TLS-high
10x_human_ovarian_cancer_ffpe_visium,10x_human_ovarian_cancer_ffpe_visium,10x Visium | 10x Visium,5770,2680,TLS-high
10x_human_ovarian_cancer_ffpe_visium,10x_human_ovarian_cancer_ffpe_visium,10x Visium | 10x Visium,5914,2680,TLS-high
10x_human_ovarian_cancer_ffpe_visium,10x_human_ovarian_cancer_ffpe_visium,10x Visium | 10x Visium,5986,2554,TLS-high
10x_human_ovarian_cancer_ffpe_visium,10x_human_ovarian_cancer_ffpe_visium,10x Visium | 10x Visium,6131,2555,TLS-high
10x_human_ovarian_cancer_ffpe_visium,10x_human_ovarian_cancer_ffpe_visium,10x Visium | 10x Visium,6347,2681,TLS-high
10x_human_ovarian_cancer_ffpe_visium,10x_human_ovarian_cancer_ffpe_visium,10x Visium | 10x Visium,6420,2555,TLS-high
10x_human_ovarian_cancer_ffpe_visium,10x_human_ovarian_cancer_ffpe_visium,10x Visium | 10x Visium,6925,2681,TLS-high
10x_human_ovarian_cancer_ffpe_visium,10x_human_ovarian_cancer_ffpe_visium,10x Visium | 10x Visium,6997,2556,TLS-high
10x_human_ovarian_cancer_ffpe_visium,10x_human_ovarian_cancer_ffpe_visium,10x Visium | 10x Visium,8296,2558,TLS-high
10x_human_ovarian_cancer_ffpe_visium,10x_human_ovarian_cancer_ffpe_visium,10x Visium | 10x Visium,4325,2929,TLS-high
10x_human_ovarian_cancer_ffpe_visium,10x_human_ovarian_cancer_ffpe_visium,10x Visium | 10x Visium,4975,2804,TLS-high
10x_human_ovarian_cancer_ffpe_visium,10x_human_ovarian_cancer_ffpe_visium,10x Visium | 10x Visium,5264,2804,TLS-high
10x_human_ovarian_cancer_ffpe_visium,10x_human_ovarian_cancer_ffpe_visium,10x Visium | 10x Visium,5408,2805,TLS-high
10x_human_ovarian_cancer_ffpe_visium,10x_human_ovarian_cancer_ffpe_visium,10x Visium | 10x Visium,5480,2930,TLS-high
10x_human_ovarian_cancer_ffpe_visium,10x_human_ovarian_cancer_ffpe_visium,10x Visium | 10x Visium,5553,2805,TLS-high
10x_human_ovarian_cancer_ffpe_visium,10x_human_ovarian_cancer_ffpe_visium,10x Visium | 10x Visium,5625,2931,TLS-high
10x_human_ovarian_cancer_ffpe_visium,10x_human_ovarian_cancer_ffpe_visium,10x Visium | 10x Visium,5697,2805,TLS-high
10x_human_ovarian_cancer_ffpe_visium,10x_human_ovarian_cancer_ffpe_visium,10x Visium | 10x Visium,5769,2931,TLS-high
10x_human_ovarian_cancer_ffpe_visium,10x_human_ovarian_cancer_ffpe_visium,10x Visium | 10x Visium,5842,2805,TLS-high
10x_human_ovarian_cancer_ffpe_visium,10x_human_ovarian_cancer_ffpe_visium,10x Visium | 10x Visium,5986,2806,TLS-high
10x_human_ovarian_cancer_ffpe_visium,10x_human_ovarian_cancer_ffpe_visium,10x Visium | 10x Visium,6058,2931,TLS-high
10x_human_ovarian_cancer_ffpe_visium,10x_human_ovarian_cancer_ffpe_visium,10x Visium | 10x Visium,6202,2932,TLS-high
10x_human_ovarian_cancer_ffpe_visium,10x_human_ovarian_cancer_ffpe_visium,10x Visium | 10x Visium,6419,2806,TLS-high
10x_human_ovarian_cancer_ffpe_visium,10x_human_ovarian_cancer_ffpe_visium,10x Visium | 10x Visium,7141,2807,TLS-high
10x_human_ovarian_cancer_ffpe_visium,10x_human_ovarian_cancer_ffpe_visium,10x Visium | 10x Visium,7430,2808,TLS-high
10x_human_ovarian_cancer_ffpe_visium,10x_human_ovarian_cancer_ffpe_visium,10x Visium | 10x Visium,7502,2934,TLS-high
10x_human_ovarian_cancer_ffpe_visium,10x_human_ovarian_cancer_ffpe_visium,10x Visium | 10x Visium,8007,2809,TLS-high
10x_human_ovarian_cancer_ffpe_visium,10x_human_ovarian_cancer_ffpe_visium,10x Visium | 10x Visium,3892,3179,TLS-high
10x_human_ovarian_cancer_ffpe_visium,10x_human_ovarian_cancer_ffpe_visium,10x Visium | 10x Visium,4253,3054,TLS-high
10x_human_ovarian_cancer_ffpe_visium,10x_human_ovarian_cancer_ffpe_visium,10x Visium | 10x Visium,4686,3055,TLS-high
10x_human_ovarian_cancer_ffpe_visium,10x_human_ovarian_cancer_ffpe_visium,10x Visium | 10x Visium,4831,3055,TLS-high
10x_human_ovarian_cancer_ffpe_visium,10x_human_ovarian_cancer_ffpe_visium,10x Visium | 10x Visium,5119,3055,TLS-high
10x_human_ovarian_cancer_ffpe_visium,10x_human_ovarian_cancer_ffpe_visium,10x Visium | 10x Visium,5191,3181,TLS-high
10x_human_ovarian_cancer_ffpe_visium,10x_human_ovarian_cancer_ffpe_visium,10x Visium | 10x Visium,5264,3056,TLS-high
10x_human_ovarian_cancer_ffpe_visium,10x_human_ovarian_cancer_ffpe_visium,10x Visium | 10x Visium,5408,3056,TLS-high
10x_human_ovarian_cancer_ffpe_visium,10x_human_ovarian_cancer_ffpe_visium,10x Visium | 10x Visium,5480,3182,TLS-high
10x_human_ovarian_cancer_ffpe_visium,10x_human_ovarian_cancer_ffpe_visium,10x Visium | 10x Visium,5624,3182,TLS-high
10x_human_ovarian_cancer_ffpe_visium,10x_human_ovarian_cancer_ffpe_visium,10x Visium | 10x Visium,5986,3057,TLS-high
10x_human_ovarian_cancer_ffpe_visium,10x_human_ovarian_cancer_ffpe_visium,10x Visium | 10x Visium,6130,3057,TLS-high
10x_human_ovarian_cancer_ffpe_visium,10x_human_ovarian_cancer_ffpe_visium,10x Visium | 10x Visium,6491,3183,TLS-high
10x_human_ovarian_cancer_ffpe_visium,10x_human_ovarian_cancer_ffpe_visium,10x Visium | 10x Visium,7357,3185,TLS-high
10x_human_ovarian_cancer_ffpe_visium,10x_human_ovarian_cancer_ffpe_visium,10x Visium | 10x Visium,3891,3430,TLS-high
10x_human_ovarian_cancer_ffpe_visium,10x_human_ovarian_cancer_ffpe_visium,10x Visium | 10x Visium,4180,3431,TLS-high
10x_human_ovarian_cancer_ffpe_visium,10x_human_ovarian_cancer_ffpe_visium,10x Visium | 10x Visium,4686,3306,TLS-high
10x_human_ovarian_cancer_ffpe_visium,10x_human_ovarian_cancer_ffpe_visium,10x Visium | 10x Visium,4758,3432,TLS-high
10x_human_ovarian_cancer_ffpe_visium,10x_human_ovarian_cancer_ffpe_visium,10x Visium | 10x Visium,5047,3432,TLS-high
10x_human_ovarian_cancer_ffpe_visium,10x_human_ovarian_cancer_ffpe_visium,10x Visium | 10x Visium,5191,3432,TLS-high
10x_human_ovarian_cancer_ffpe_visium,10x_human_ovarian_cancer_ffpe_visium,10x Visium | 10x Visium,5624,3433,TLS-high
10x_human_ovarian_cancer_ffpe_visium,10x_human_ovarian_cancer_ffpe_visium,10x Visium | 10x Visium,5985,3308,TLS-high
10x_human_ovarian_cancer_ffpe_visium,10x_human_ovarian_cancer_ffpe_visium,10x Visium | 10x Visium,6130,3308,TLS-high
10x_human_ovarian_cancer_ffpe_visium,10x_human_ovarian_cancer_ffpe_visium,10x Visium | 10x Visium,6202,3434,TLS-high
10x_human_ovarian_cancer_ffpe_visium,10x_human_ovarian_cancer_ffpe_visium,10x Visium | 10x Visium,6418,3309,TLS-high
10x_human_ovarian_cancer_ffpe_visium,10x_human_ovarian_cancer_ffpe_visium,10x Visium | 10x Visium,6490,3434,TLS-high
10x_human_ovarian_cancer_ffpe_visium,10x_human_ovarian_cancer_ffpe_visium,10x Visium | 10x Visium,6563,3309,TLS-high
10x_human_ovarian_cancer_ffpe_visium,10x_human_ovarian_cancer_ffpe_visium,10x Visium | 10x Visium,6635,3435,TLS-high
10x_human_ovarian_cancer_ffpe_visium,10x_human_ovarian_cancer_ffpe_visium,10x Visium | 10x Visium,3025,3680,TLS-high
10x_human_ovarian_cancer_ffpe_visium,10x_human_ovarian_cancer_ffpe_visium,10x Visium | 10x Visium,3242,3555,TLS-high
10x_human_ovarian_cancer_ffpe_visium,10x_human_ovarian_cancer_ffpe_visium,10x Visium | 10x Visium,3675,3556,TLS-high
10x_human_ovarian_cancer_ffpe_visium,10x_human_ovarian_cancer_ffpe_visium,10x Visium | 10x Visium,3747,3681,TLS-high
10x_human_ovarian_cancer_ffpe_visium,10x_human_ovarian_cancer_ffpe_visium,10x Visium | 10x Visium,3963,3556,TLS-high
10x_human_ovarian_cancer_ffpe_visium,10x_human_ovarian_cancer_ffpe_visium,10x Visium | 10x Visium,4108,3556,TLS-high
10x_human_ovarian_cancer_ffpe_visium,10x_human_ovarian_cancer_ffpe_visium,10x Visium | 10x Visium,4252,3556,TLS-high
10x_human_ovarian_cancer_ffpe_visium,10x_human_ovarian_cancer_ffpe_visium,10x Visium | 10x Visium,4830,3557,TLS-high
10x_human_ovarian_cancer_ffpe_visium,10x_human_ovarian_cancer_ffpe_visium,10x Visium | 10x Visium,5119,3558,TLS-high
10x_human_ovarian_cancer_ffpe_visium,10x_human_ovarian_cancer_ffpe_visium,10x Visium | 10x Visium,5263,3558,TLS-high
10x_human_ovarian_cancer_ffpe_visium,10x_human_ovarian_cancer_ffpe_visium,10x Visium | 10x Visium,5407,3558,TLS-high
10x_human_ovarian_cancer_ffpe_visium,10x_human_ovarian_cancer_ffpe_visium,10x Visium | 10x Visium,5696,3559,TLS-high
10x_human_ovarian_cancer_ffpe_visium,10x_human_ovarian_cancer_ffpe_visium,10x Visium | 10x Visium,6274,3560,TLS-high
10x_human_ovarian_cancer_ffpe_visium,10x_human_ovarian_cancer_ffpe_visium,10x Visium | 10x Visium,6418,3560,TLS-high
10x_human_ovarian_cancer_ffpe_visium,10x_human_ovarian_cancer_ffpe_visium,10x Visium | 10x Visium,6562,3560,TLS-high
10x_human_ovarian_cancer_ffpe_visium,10x_human_ovarian_cancer_ffpe_visium,10x Visium | 10x Visium,6707,3560,TLS-high
10x_human_ovarian_cancer_ffpe_visium,10x_human_ovarian_cancer_ffpe_visium,10x Visium | 10x Visium,7067,3687,TLS-high
10x_human_ovarian_cancer_ffpe_visium,10x_human_ovarian_cancer_ffpe_visium,10x Visium | 10x Visium,7934,3688,TLS-high
10x_human_ovarian_cancer_ffpe_visium,10x_human_ovarian_cancer_ffpe_visium,10x Visium | 10x Visium,8078,3688,TLS-high
10x_human_ovarian_cancer_ffpe_visium,10x_human_ovarian_cancer_ffpe_visium,10x Visium | 10x Visium,2736,3931,TLS-high
10x_human_ovarian_cancer_ffpe_visium,10x_human_ovarian_cancer_ffpe_visium,10x Visium | 10x Visium,2808,3805,TLS-high
10x_human_ovarian_cancer_ffpe_visium,10x_human_ovarian_cancer_ffpe_visium,10x Visium | 10x Visium,3024,3931,TLS-high
10x_human_ovarian_cancer_ffpe_visium,10x_human_ovarian_cancer_ffpe_visium,10x Visium | 10x Visium,3097,3806,TLS-high
10x_human_ovarian_cancer_ffpe_visium,10x_human_ovarian_cancer_ffpe_visium,10x Visium | 10x Visium,3241,3806,TLS-high
10x_human_ovarian_cancer_ffpe_visium,10x_human_ovarian_cancer_ffpe_visium,10x Visium | 10x Visium,3386,3806,TLS-high
10x_human_ovarian_cancer_ffpe_visium,10x_human_ovarian_cancer_ffpe_visium,10x Visium | 10x Visium,3530,3807,TLS-high
10x_human_ovarian_cancer_ffpe_visium,10x_human_ovarian_cancer_ffpe_visium,10x Visium | 10x Visium,3746,3933,TLS-high
10x_human_ovarian_cancer_ffpe_visium,10x_human_ovarian_cancer_ffpe_visium,10x Visium | 10x Visium,3819,3807,TLS-high
10x_human_ovarian_cancer_ffpe_visium,10x_human_ovarian_cancer_ffpe_visium,10x Visium | 10x Visium,4107,3807,TLS-high
10x_human_ovarian_cancer_ffpe_visium,10x_human_ovarian_cancer_ffpe_visium,10x Visium | 10x Visium,4324,3933,TLS-high
10x_human_ovarian_cancer_ffpe_visium,10x_human_ovarian_cancer_ffpe_visium,10x Visium | 10x Visium,4396,3808,TLS-high
10x_human_ovarian_cancer_ffpe_visium,10x_human_ovarian_cancer_ffpe_visium,10x Visium | 10x Visium,5334,3935,TLS-high
10x_human_ovarian_cancer_ffpe_visium,10x_human_ovarian_cancer_ffpe_visium,10x Visium | 10x Visium,5551,3810,TLS-high
10x_human_ovarian_cancer_ffpe_visium,10x_human_ovarian_cancer_ffpe_visium,10x Visium | 10x Visium,5768,3936,TLS-high
10x_human_ovarian_cancer_ffpe_visium,10x_human_ovarian_cancer_ffpe_visium,10x Visium | 10x Visium,6056,3936,TLS-high
10x_human_ovarian_cancer_ffpe_visium,10x_human_ovarian_cancer_ffpe_visium,10x Visium | 10x Visium,6490,3937,TLS-high
10x_human_ovarian_cancer_ffpe_visium,10x_human_ovarian_cancer_ffpe_visium,10x Visium | 10x Visium,6634,3937,TLS-high
10x_human_ovarian_cancer_ffpe_visium,10x_human_ovarian_cancer_ffpe_visium,10x Visium | 10x Visium,6778,3937,TLS-high
10x_human_ovarian_cancer_ffpe_visium,10x_human_ovarian_cancer_ffpe_visium,10x Visium | 10x Visium,8006,3814,TLS-high
10x_human_ovarian_cancer_ffpe_visium,10x_human_ovarian_cancer_ffpe_visium,10x Visium | 10x Visium,8150,3814,TLS-high
10x_human_ovarian_cancer_ffpe_visium,10x_human_ovarian_cancer_ffpe_visium,10x Visium | 10x Visium,9233,3941,TLS-high
10x_human_ovarian_cancer_ffpe_visium,10x_human_ovarian_cancer_ffpe_visium,10x Visium | 10x Visium,2591,4182,TLS-high
10x_human_ovarian_cancer_ffpe_visium,10x_human_ovarian_cancer_ffpe_visium,10x Visium | 10x Visium,2663,4056,TLS-high
10x_human_ovarian_cancer_ffpe_visium,10x_human_ovarian_cancer_ffpe_visium,10x Visium | 10x Visium,2735,4182,TLS-high
10x_human_ovarian_cancer_ffpe_visium,10x_human_ovarian_cancer_ffpe_visium,10x Visium | 10x Visium,2808,4057,TLS-high
10x_human_ovarian_cancer_ffpe_visium,10x_human_ovarian_cancer_ffpe_visium,10x Visium | 10x Visium,2880,4182,TLS-high
10x_human_ovarian_cancer_ffpe_visium,10x_human_ovarian_cancer_ffpe_visium,10x Visium | 10x Visium,2952,4057,TLS-high
10x_human_ovarian_cancer_ffpe_visium,10x_human_ovarian_cancer_ffpe_visium,10x Visium | 10x Visium,3385,4058,TLS-high
10x_human_ovarian_cancer_ffpe_visium,10x_human_ovarian_cancer_ffpe_visium,10x Visium | 10x Visium,3818,4058,TLS-high
10x_human_ovarian_cancer_ffpe_visium,10x_human_ovarian_cancer_ffpe_visium,10x Visium | 10x Visium,3963,4058,TLS-high
10x_human_ovarian_cancer_ffpe_visium,10x_human_ovarian_cancer_ffpe_visium,10x Visium | 10x Visium,4323,4185,TLS-high
10x_human_ovarian_cancer_ffpe_visium,10x_human_ovarian_cancer_ffpe_visium,10x Visium | 10x Visium,4468,4185,TLS-high
10x_human_ovarian_cancer_ffpe_visium,10x_human_ovarian_cancer_ffpe_visium,10x Visium | 10x Visium,5478,4186,TLS-high
10x_human_ovarian_cancer_ffpe_visium,10x_human_ovarian_cancer_ffpe_visium,10x Visium | 10x Visium,5551,4061,TLS-high
10x_human_ovarian_cancer_ffpe_visium,10x_human_ovarian_cancer_ffpe_visium,10x Visium | 10x Visium,5623,4187,TLS-high
10x_human_ovarian_cancer_ffpe_visium,10x_human_ovarian_cancer_ffpe_visium,10x Visium | 10x Visium,5840,4061,TLS-high
10x_human_ovarian_cancer_ffpe_visium,10x_human_ovarian_cancer_ffpe_visium,10x Visium | 10x Visium,6200,4188,TLS-high
10x_human_ovarian_cancer_ffpe_visium,10x_human_ovarian_cancer_ffpe_visium,10x Visium | 10x Visium,6778,4189,TLS-high
10x_human_ovarian_cancer_ffpe_visium,10x_human_ovarian_cancer_ffpe_visium,10x Visium | 10x Visium,6922,4189,TLS-high
10x_human_ovarian_cancer_ffpe_visium,10x_human_ovarian_cancer_ffpe_visium,10x Visium | 10x Visium,7428,4064,TLS-high
10x_human_ovarian_cancer_ffpe_visium,10x_human_ovarian_cancer_ffpe_visium,10x Visium | 10x Visium,7789,4190,TLS-high
10x_human_ovarian_cancer_ffpe_visium,10x_human_ovarian_cancer_ffpe_visium,10x Visium | 10x Visium,9377,4193,TLS-high
10x_human_ovarian_cancer_ffpe_visium,10x_human_ovarian_cancer_ffpe_visium,10x Visium | 10x Visium,9449,4067,TLS-high
10x_human_ovarian_cancer_ffpe_visium,10x_human_ovarian_cancer_ffpe_visium,10x Visium | 10x Visium,10099,4194,TLS-high
10x_human_ovarian_cancer_ffpe_visium,10x_human_ovarian_cancer_ffpe_visium,10x Visium | 10x Visium,2735,4433,TLS-high
10x_human_ovarian_cancer_ffpe_visium,10x_human_ovarian_cancer_ffpe_visium,10x Visium | 10x Visium,2807,4308,TLS-high
10x_human_ovarian_cancer_ffpe_visium,10x_human_ovarian_cancer_ffpe_visium,10x Visium | 10x Visium,2952,4308,TLS-high
10x_human_ovarian_cancer_ffpe_visium,10x_human_ovarian_cancer_ffpe_visium,10x Visium | 10x Visium,3024,4434,TLS-high
10x_human_ovarian_cancer_ffpe_visium,10x_human_ovarian_cancer_ffpe_visium,10x Visium | 10x Visium,4179,4436,TLS-high
10x_human_ovarian_cancer_ffpe_visium,10x_human_ovarian_cancer_ffpe_visium,10x Visium | 10x Visium,4395,4310,TLS-high
10x_human_ovarian_cancer_ffpe_visium,10x_human_ovarian_cancer_ffpe_visium,10x Visium | 10x Visium,4467,4436,TLS-high
10x_human_ovarian_cancer_ffpe_visium,10x_human_ovarian_cancer_ffpe_visium,10x Visium | 10x Visium,4612,4436,TLS-high
10x_human_ovarian_cancer_ffpe_visium,10x_human_ovarian_cancer_ffpe_visium,10x Visium | 10x Visium,4684,4311,TLS-high
10x_human_ovarian_cancer_ffpe_visium,10x_human_ovarian_cancer_ffpe_visium,10x Visium | 10x Visium,5117,4312,TLS-high
10x_human_ovarian_cancer_ffpe_visium,10x_human_ovarian_cancer_ffpe_visium,10x Visium | 10x Visium,5262,4312,TLS-high
10x_human_ovarian_cancer_ffpe_visium,10x_human_ovarian_cancer_ffpe_visium,10x Visium | 10x Visium,5695,4312,TLS-high
10x_human_ovarian_cancer_ffpe_visium,10x_human_ovarian_cancer_ffpe_visium,10x Visium | 10x Visium,5767,4438,TLS-high
10x_human_ovarian_cancer_ffpe_visium,10x_human_ovarian_cancer_ffpe_visium,10x Visium | 10x Visium,6417,4314,TLS-high
10x_human_ovarian_cancer_ffpe_visium,10x_human_ovarian_cancer_ffpe_visium,10x Visium | 10x Visium,7355,4441,TLS-high
10x_human_ovarian_cancer_ffpe_visium,10x_human_ovarian_cancer_ffpe_visium,10x Visium | 10x Visium,7716,4316,TLS-high
10x_human_ovarian_cancer_ffpe_visium,10x_human_ovarian_cancer_ffpe_visium,10x Visium | 10x Visium,9304,4318,TLS-high
10x_human_ovarian_cancer_ffpe_visium,10x_human_ovarian_cancer_ffpe_visium,10x Visium | 10x Visium,9449,4318,TLS-high
10x_human_ovarian_cancer_ffpe_visium,10x_human_ovarian_cancer_ffpe_visium,10x Visium | 10x Visium,2590,4684,TLS-high
10x_human_ovarian_cancer_ffpe_visium,10x_human_ovarian_cancer_ffpe_visium,10x Visium | 10x Visium,2662,4559,TLS-high
10x_human_ovarian_cancer_ffpe_visium,10x_human_ovarian_cancer_ffpe_visium,10x Visium | 10x Visium,4467,4687,TLS-high
10x_human_ovarian_cancer_ffpe_visium,10x_human_ovarian_cancer_ffpe_visium,10x Visium | 10x Visium,5550,4563,TLS-high
10x_human_ovarian_cancer_ffpe_visium,10x_human_ovarian_cancer_ffpe_visium,10x Visium | 10x Visium,5911,4690,TLS-high
10x_human_ovarian_cancer_ffpe_visium,10x_human_ovarian_cancer_ffpe_visium,10x Visium | 10x Visium,6200,4690,TLS-high
10x_human_ovarian_cancer_ffpe_visium,10x_human_ovarian_cancer_ffpe_visium,10x Visium | 10x Visium,6272,4565,TLS-high
10x_human_ovarian_cancer_ffpe_visium,10x_human_ovarian_cancer_ffpe_visium,10x Visium | 10x Visium,6416,4565,TLS-high
10x_human_ovarian_cancer_ffpe_visium,10x_human_ovarian_cancer_ffpe_visium,10x Visium | 10x Visium,7138,4566,TLS-high
10x_human_ovarian_cancer_ffpe_visium,10x_human_ovarian_cancer_ffpe_visium,10x Visium | 10x Visium,7788,4693,TLS-high
10x_human_ovarian_cancer_ffpe_visium,10x_human_ovarian_cancer_ffpe_visium,10x Visium | 10x Visium,9520,4695,TLS-high
10x_human_ovarian_cancer_ffpe_visium,10x_human_ovarian_cancer_ffpe_visium,10x Visium | 10x Visium,10098,4696,TLS-high
10x_human_ovarian_cancer_ffpe_visium,10x_human_ovarian_cancer_ffpe_visium,10x Visium | 10x Visium,10242,4696,TLS-high
10x_human_ovarian_cancer_ffpe_visium,10x_human_ovarian_cancer_ffpe_visium,10x Visium | 10x Visium,3167,4936,TLS-high
10x_human_ovarian_cancer_ffpe_visium,10x_human_ovarian_cancer_ffpe_visium,10x Visium | 10x Visium,3600,4937,TLS-high
10x_human_ovarian_cancer_ffpe_visium,10x_human_ovarian_cancer_ffpe_visium,10x Visium | 10x Visium,4250,4813,TLS-high
10x_human_ovarian_cancer_ffpe_visium,10x_human_ovarian_cancer_ffpe_visium,10x Visium | 10x Visium,4539,4813,TLS-high
10x_human_ovarian_cancer_ffpe_visium,10x_human_ovarian_cancer_ffpe_visium,10x Visium | 10x Visium,4755,4939,TLS-high
10x_human_ovarian_cancer_ffpe_visium,10x_human_ovarian_cancer_ffpe_visium,10x Visium | 10x Visium,4900,4939,TLS-high
10x_human_ovarian_cancer_ffpe_visium,10x_human_ovarian_cancer_ffpe_visium,10x Visium | 10x Visium,4972,4814,TLS-high
10x_human_ovarian_cancer_ffpe_visium,10x_human_ovarian_cancer_ffpe_visium,10x Visium | 10x Visium,5622,4940,TLS-high
10x_human_ovarian_cancer_ffpe_visium,10x_human_ovarian_cancer_ffpe_visium,10x Visium | 10x Visium,6777,4942,TLS-high
10x_human_ovarian_cancer_ffpe_visium,10x_human_ovarian_cancer_ffpe_visium,10x Visium | 10x Visium,7787,4944,TLS-high
10x_human_ovarian_cancer_ffpe_visium,10x_human_ovarian_cancer_ffpe_visium,10x Visium | 10x Visium,9015,4820,TLS-high
10x_human_ovarian_cancer_ffpe_visium,10x_human_ovarian_cancer_ffpe_visium,10x Visium | 10x Visium,9304,4821,TLS-high
10x_human_ovarian_cancer_ffpe_visium,10x_human_ovarian_cancer_ffpe_visium,10x Visium | 10x Visium,9376,4946,TLS-high
10x_human_ovarian_cancer_ffpe_visium,10x_human_ovarian_cancer_ffpe_visium,10x Visium | 10x Visium,9520,4947,TLS-high
10x_human_ovarian_cancer_ffpe_visium,10x_human_ovarian_cancer_ffpe_visium,10x Visium | 10x Visium,9664,4947,TLS-high
10x_human_ovarian_cancer_ffpe_visium,10x_human_ovarian_cancer_ffpe_visium,10x Visium | 10x Visium,9737,4821,TLS-high
10x_human_ovarian_cancer_ffpe_visium,10x_human_ovarian_cancer_ffpe_visium,10x Visium | 10x Visium,9809,4947,TLS-high
10x_human_ovarian_cancer_ffpe_visium,10x_human_ovarian_cancer_ffpe_visium,10x Visium | 10x Visium,9881,4821,TLS-high
10x_human_ovarian_cancer_ffpe_visium,10x_human_ovarian_cancer_ffpe_visium,10x Visium | 10x Visium,9953,4947,TLS-high
10x_human_ovarian_cancer_ffpe_visium,10x_human_ovarian_cancer_ffpe_visium,10x Visium | 10x Visium,10459,4822,TLS-high
10x_human_ovarian_cancer_ffpe_visium,10x_human_ovarian_cancer_ffpe_visium,10x Visium | 10x Visium,3384,5062,TLS-high
10x_human_ovarian_cancer_ffpe_visium,10x_human_ovarian_cancer_ffpe_visium,10x Visium | 10x Visium,5044,5191,TLS-high
10x_human_ovarian_cancer_ffpe_visium,10x_human_ovarian_cancer_ffpe_visium,10x Visium | 10x Visium,5116,5065,TLS-high
10x_human_ovarian_cancer_ffpe_visium,10x_human_ovarian_cancer_ffpe_visium,10x Visium | 10x Visium,5838,5066,TLS-high
10x_human_ovarian_cancer_ffpe_visium,10x_human_ovarian_cancer_ffpe_visium,10x Visium | 10x Visium,6560,5067,TLS-high
10x_human_ovarian_cancer_ffpe_visium,10x_human_ovarian_cancer_ffpe_visium,10x Visium | 10x Visium,6632,5193,TLS-high
10x_human_ovarian_cancer_ffpe_visium,10x_human_ovarian_cancer_ffpe_visium,10x Visium | 10x Visium,9592,5072,TLS-high
10x_human_ovarian_cancer_ffpe_visium,10x_human_ovarian_cancer_ffpe_visium,10x Visium | 10x Visium,9664,5198,TLS-high
10x_human_ovarian_cancer_ffpe_visium,10x_human_ovarian_cancer_ffpe_visium,10x Visium | 10x Visium,9881,5073,TLS-high
10x_human_ovarian_cancer_ffpe_visium,10x_human_ovarian_cancer_ffpe_visium,10x Visium | 10x Visium,10097,5199,TLS-high
10x_human_ovarian_cancer_ffpe_visium,10x_human_ovarian_cancer_ffpe_visium,10x Visium | 10x Visium,10169,5073,TLS-high
10x_human_ovarian_cancer_ffpe_visium,10x_human_ovarian_cancer_ffpe_visium,10x Visium | 10x Visium,10241,5199,TLS-high
10x_human_ovarian_cancer_ffpe_visium,10x_human_ovarian_cancer_ffpe_visium,10x Visium | 10x Visium,3094,5313,TLS-high
10x_human_ovarian_cancer_ffpe_visium,10x_human_ovarian_cancer_ffpe_visium,10x Visium | 10x Visium,3455,5439,TLS-high
10x_human_ovarian_cancer_ffpe_visium,10x_human_ovarian_cancer_ffpe_visium,10x Visium | 10x Visium,5549,5317,TLS-high
10x_human_ovarian_cancer_ffpe_visium,10x_human_ovarian_cancer_ffpe_visium,10x Visium | 10x Visium,5693,5317,TLS-high
10x_human_ovarian_cancer_ffpe_visium,10x_human_ovarian_cancer_ffpe_visium,10x Visium | 10x Visium,9952,5450,TLS-high
10x_human_ovarian_cancer_ffpe_visium,10x_human_ovarian_cancer_ffpe_visium,10x Visium | 10x Visium,10169,5324,TLS-high
10x_human_ovarian_cancer_ffpe_visium,10x_human_ovarian_cancer_ffpe_visium,10x Visium | 10x Visium,3888,5691,TLS-high
10x_human_ovarian_cancer_ffpe_visium,10x_human_ovarian_cancer_ffpe_visium,10x Visium | 10x Visium,3960,5566,TLS-high
10x_human_ovarian_cancer_ffpe_visium,10x_human_ovarian_cancer_ffpe_visium,10x Visium | 10x Visium,4032,5692,TLS-high
10x_human_ovarian_cancer_ffpe_visium,10x_human_ovarian_cancer_ffpe_visium,10x Visium | 10x Visium,4177,5692,TLS-high
10x_human_ovarian_cancer_ffpe_visium,10x_human_ovarian_cancer_ffpe_visium,10x Visium | 10x Visium,5115,5568,TLS-high
10x_human_ovarian_cancer_ffpe_visium,10x_human_ovarian_cancer_ffpe_visium,10x Visium | 10x Visium,7281,5571,TLS-high
10x_human_ovarian_cancer_ffpe_visium,10x_human_ovarian_cancer_ffpe_visium,10x Visium | 10x Visium,8580,5573,TLS-high
10x_human_ovarian_cancer_ffpe_visium,10x_human_ovarian_cancer_ffpe_visium,10x Visium | 10x Visium,9663,5700,TLS-high
10x_human_ovarian_cancer_ffpe_visium,10x_human_ovarian_cancer_ffpe_visium,10x Visium | 10x Visium,9880,5575,TLS-high
10x_human_ovarian_cancer_ffpe_visium,10x_human_ovarian_cancer_ffpe_visium,10x Visium | 10x Visium,9952,5701,TLS-high
10x_human_ovarian_cancer_ffpe_visium,10x_human_ovarian_cancer_ffpe_visium,10x Visium | 10x Visium,10024,5575,TLS-high
10x_human_ovarian_cancer_ffpe_visium,10x_human_ovarian_cancer_ffpe_visium,10x Visium | 10x Visium,10818,5702,TLS-high
10x_human_ovarian_cancer_ffpe_visium,10x_human_ovarian_cancer_ffpe_visium,10x Visium | 10x Visium,3310,5942,TLS-high
10x_human_ovarian_cancer_ffpe_visium,10x_human_ovarian_cancer_ffpe_visium,10x Visium | 10x Visium,3960,5817,TLS-high
10x_human_ovarian_cancer_ffpe_visium,10x_human_ovarian_cancer_ffpe_visium,10x Visium | 10x Visium,4249,5817,TLS-high
10x_human_ovarian_cancer_ffpe_visium,10x_human_ovarian_cancer_ffpe_visium,10x Visium | 10x Visium,5187,5945,TLS-high
10x_human_ovarian_cancer_ffpe_visium,10x_human_ovarian_cancer_ffpe_visium,10x Visium | 10x Visium,7497,5948,TLS-high
10x_human_ovarian_cancer_ffpe_visium,10x_human_ovarian_cancer_ffpe_visium,10x Visium | 10x Visium,7569,5823,TLS-high
10x_human_ovarian_cancer_ffpe_visium,10x_human_ovarian_cancer_ffpe_visium,10x Visium | 10x Visium,7641,5948,TLS-high
10x_human_ovarian_cancer_ffpe_visium,10x_human_ovarian_cancer_ffpe_visium,10x Visium | 10x Visium,7714,5823,TLS-high
10x_human_ovarian_cancer_ffpe_visium,10x_human_ovarian_cancer_ffpe_visium,10x Visium | 10x Visium,8363,5950,TLS-high
10x_human_ovarian_cancer_ffpe_visium,10x_human_ovarian_cancer_ffpe_visium,10x Visium | 10x Visium,8508,5950,TLS-high
10x_human_ovarian_cancer_ffpe_visium,10x_human_ovarian_cancer_ffpe_visium,10x Visium | 10x Visium,8652,5950,TLS-high
10x_human_ovarian_cancer_ffpe_visium,10x_human_ovarian_cancer_ffpe_visium,10x Visium | 10x Visium,9013,5825,TLS-high
10x_human_ovarian_cancer_ffpe_visium,10x_human_ovarian_cancer_ffpe_visium,10x Visium | 10x Visium,9302,5825,TLS-high
10x_human_ovarian_cancer_ffpe_visium,10x_human_ovarian_cancer_ffpe_visium,10x Visium | 10x Visium,9518,5951,TLS-high
10x_human_ovarian_cancer_ffpe_visium,10x_human_ovarian_cancer_ffpe_visium,10x Visium | 10x Visium,9951,5952,TLS-high
10x_human_ovarian_cancer_ffpe_visium,10x_human_ovarian_cancer_ffpe_visium,10x Visium | 10x Visium,7063,6199,TLS-high
10x_human_ovarian_cancer_ffpe_visium,10x_human_ovarian_cancer_ffpe_visium,10x Visium | 10x Visium,7425,6074,TLS-high
10x_human_ovarian_cancer_ffpe_visium,10x_human_ovarian_cancer_ffpe_visium,10x Visium | 10x Visium,7569,6074,TLS-high
10x_human_ovarian_cancer_ffpe_visium,10x_human_ovarian_cancer_ffpe_visium,10x Visium | 10x Visium,7713,6074,TLS-high
10x_human_ovarian_cancer_ffpe_visium,10x_human_ovarian_cancer_ffpe_visium,10x Visium | 10x Visium,8002,6075,TLS-high
10x_human_ovarian_cancer_ffpe_visium,10x_human_ovarian_cancer_ffpe_visium,10x Visium | 10x Visium,8147,6075,TLS-high
10x_human_ovarian_cancer_ffpe_visium,10x_human_ovarian_cancer_ffpe_visium,10x Visium | 10x Visium,8363,6201,TLS-high
10x_human_ovarian_cancer_ffpe_visium,10x_human_ovarian_cancer_ffpe_visium,10x Visium | 10x Visium,8652,6201,TLS-high
10x_human_ovarian_cancer_ffpe_visium,10x_human_ovarian_cancer_ffpe_visium,10x Visium | 10x Visium,8796,6201,TLS-high
10x_human_ovarian_cancer_ffpe_visium,10x_human_ovarian_cancer_ffpe_visium,10x Visium | 10x Visium,9013,6076,TLS-high
10x_human_ovarian_cancer_ffpe_visium,10x_human_ovarian_cancer_ffpe_visium,10x Visium | 10x Visium,9085,6202,TLS-high
10x_human_ovarian_cancer_ffpe_visium,10x_human_ovarian_cancer_ffpe_visium,10x Visium | 10x Visium,9229,6202,TLS-high
10x_human_ovarian_cancer_ffpe_visium,10x_human_ovarian_cancer_ffpe_visium,10x Visium | 10x Visium,9302,6077,TLS-high
10x_human_ovarian_cancer_ffpe_visium,10x_human_ovarian_cancer_ffpe_visium,10x Visium | 10x Visium,2515,6317,TLS-high
10x_human_ovarian_cancer_ffpe_visium,10x_human_ovarian_cancer_ffpe_visium,10x Visium | 10x Visium,2587,6443,TLS-high
10x_human_ovarian_cancer_ffpe_visium,10x_human_ovarian_cancer_ffpe_visium,10x Visium | 10x Visium,2660,6317,TLS-high
10x_human_ovarian_cancer_ffpe_visium,10x_human_ovarian_cancer_ffpe_visium,10x Visium | 10x Visium,3165,6444,TLS-high
10x_human_ovarian_cancer_ffpe_visium,10x_human_ovarian_cancer_ffpe_visium,10x Visium | 10x Visium,3237,6318,TLS-high
10x_human_ovarian_cancer_ffpe_visium,10x_human_ovarian_cancer_ffpe_visium,10x Visium | 10x Visium,3742,6445,TLS-high
10x_human_ovarian_cancer_ffpe_visium,10x_human_ovarian_cancer_ffpe_visium,10x Visium | 10x Visium,3815,6319,TLS-high
10x_human_ovarian_cancer_ffpe_visium,10x_human_ovarian_cancer_ffpe_visium,10x Visium | 10x Visium,7207,6450,TLS-high
10x_human_ovarian_cancer_ffpe_visium,10x_human_ovarian_cancer_ffpe_visium,10x Visium | 10x Visium,7280,6325,TLS-high
10x_human_ovarian_cancer_ffpe_visium,10x_human_ovarian_cancer_ffpe_visium,10x Visium | 10x Visium,7352,6450,TLS-high
10x_human_ovarian_cancer_ffpe_visium,10x_human_ovarian_cancer_ffpe_visium,10x Visium | 10x Visium,7424,6325,TLS-high
10x_human_ovarian_cancer_ffpe_visium,10x_human_ovarian_cancer_ffpe_visium,10x Visium | 10x Visium,8362,6452,TLS-high
10x_human_ovarian_cancer_ffpe_visium,10x_human_ovarian_cancer_ffpe_visium,10x Visium | 10x Visium,8435,6327,TLS-high
10x_human_ovarian_cancer_ffpe_visium,10x_human_ovarian_cancer_ffpe_visium,10x Visium | 10x Visium,8724,6327,TLS-high
10x_human_ovarian_cancer_ffpe_visium,10x_human_ovarian_cancer_ffpe_visium,10x Visium | 10x Visium,9662,6454,TLS-high
10x_human_ovarian_cancer_ffpe_visium,10x_human_ovarian_cancer_ffpe_visium,10x Visium | 10x Visium,9734,6329,TLS-high
10x_human_ovarian_cancer_ffpe_visium,10x_human_ovarian_cancer_ffpe_visium,10x Visium | 10x Visium,9879,6329,TLS-high
10x_human_ovarian_cancer_ffpe_visium,10x_human_ovarian_cancer_ffpe_visium,10x Visium | 10x Visium,2659,6569,TLS-high
10x_human_ovarian_cancer_ffpe_visium,10x_human_ovarian_cancer_ffpe_visium,10x Visium | 10x Visium,4464,6697,TLS-high
10x_human_ovarian_cancer_ffpe_visium,10x_human_ovarian_cancer_ffpe_visium,10x Visium | 10x Visium,4969,6572,TLS-high
10x_human_ovarian_cancer_ffpe_visium,10x_human_ovarian_cancer_ffpe_visium,10x Visium | 10x Visium,5763,6699,TLS-high
10x_human_ovarian_cancer_ffpe_visium,10x_human_ovarian_cancer_ffpe_visium,10x Visium | 10x Visium,6918,6701,TLS-high
10x_human_ovarian_cancer_ffpe_visium,10x_human_ovarian_cancer_ffpe_visium,10x Visium | 10x Visium,7135,6576,TLS-high
10x_human_ovarian_cancer_ffpe_visium,10x_human_ovarian_cancer_ffpe_visium,10x Visium | 10x Visium,8218,6703,TLS-high
10x_human_ovarian_cancer_ffpe_visium,10x_human_ovarian_cancer_ffpe_visium,10x Visium | 10x Visium,8362,6703,TLS-high
10x_human_ovarian_cancer_ffpe_visium,10x_human_ovarian_cancer_ffpe_visium,10x Visium | 10x Visium,8434,6578,TLS-high
10x_human_ovarian_cancer_ffpe_visium,10x_human_ovarian_cancer_ffpe_visium,10x Visium | 10x Visium,8579,6578,TLS-high
10x_human_ovarian_cancer_ffpe_visium,10x_human_ovarian_cancer_ffpe_visium,10x Visium | 10x Visium,3236,6821,TLS-high
10x_human_ovarian_cancer_ffpe_visium,10x_human_ovarian_cancer_ffpe_visium,10x Visium | 10x Visium,4680,6823,TLS-high
10x_human_ovarian_cancer_ffpe_visium,10x_human_ovarian_cancer_ffpe_visium,10x Visium | 10x Visium,5041,6949,TLS-high
10x_human_ovarian_cancer_ffpe_visium,10x_human_ovarian_cancer_ffpe_visium,10x Visium | 10x Visium,6340,6951,TLS-high
10x_human_ovarian_cancer_ffpe_visium,10x_human_ovarian_cancer_ffpe_visium,10x Visium | 10x Visium,6413,6826,TLS-high
10x_human_ovarian_cancer_ffpe_visium,10x_human_ovarian_cancer_ffpe_visium,10x Visium | 10x Visium,6702,6826,TLS-high
10x_human_ovarian_cancer_ffpe_visium,10x_human_ovarian_cancer_ffpe_visium,10x Visium | 10x Visium,8217,6954,TLS-high
10x_human_ovarian_cancer_ffpe_visium,10x_human_ovarian_cancer_ffpe_visium,10x Visium | 10x Visium,8362,6954,TLS-high
10x_human_ovarian_cancer_ffpe_visium,10x_human_ovarian_cancer_ffpe_visium,10x Visium | 10x Visium,10167,6832,TLS-high
10x_human_ovarian_cancer_ffpe_visium,10x_human_ovarian_cancer_ffpe_visium,10x Visium | 10x Visium,10239,6957,TLS-high
10x_human_ovarian_cancer_ffpe_visium,10x_human_ovarian_cancer_ffpe_visium,10x Visium | 10x Visium,3452,7198,TLS-high
10x_human_ovarian_cancer_ffpe_visium,10x_human_ovarian_cancer_ffpe_visium,10x Visium | 10x Visium,4319,7199,TLS-high
10x_human_ovarian_cancer_ffpe_visium,10x_human_ovarian_cancer_ffpe_visium,10x Visium | 10x Visium,6701,7077,TLS-high
10x_human_ovarian_cancer_ffpe_visium,10x_human_ovarian_cancer_ffpe_visium,10x Visium | 10x Visium,8217,7205,TLS-high
10x_human_ovarian_cancer_ffpe_visium,10x_human_ovarian_cancer_ffpe_visium,10x Visium | 10x Visium,4607,7451,TLS-high
10x_human_ovarian_cancer_ffpe_visium,10x_human_ovarian_cancer_ffpe_visium,10x Visium | 10x Visium,4824,7326,TLS-high
10x_human_ovarian_cancer_ffpe_visium,10x_human_ovarian_cancer_ffpe_visium,10x Visium | 10x Visium,5906,7453,TLS-high
10x_human_ovarian_cancer_ffpe_visium,10x_human_ovarian_cancer_ffpe_visium,10x Visium | 10x Visium,6701,7329,TLS-high
10x_human_ovarian_cancer_ffpe_visium,10x_human_ovarian_cancer_ffpe_visium,10x Visium | 10x Visium,7061,7455,TLS-high
10x_human_ovarian_cancer_ffpe_visium,10x_human_ovarian_cancer_ffpe_visium,10x Visium | 10x Visium,7134,7329,TLS-high
10x_human_ovarian_cancer_ffpe_visium,10x_human_ovarian_cancer_ffpe_visium,10x Visium | 10x Visium,3452,7700,TLS-high
10x_human_ovarian_cancer_ffpe_visium,10x_human_ovarian_cancer_ffpe_visium,10x Visium | 10x Visium,5112,7577,TLS-high
10x_human_ovarian_cancer_ffpe_visium,10x_human_ovarian_cancer_ffpe_visium,10x Visium | 10x Visium,7061,7706,TLS-high
10x_human_ovarian_cancer_ffpe_visium,10x_human_ovarian_cancer_ffpe_visium,10x Visium | 10x Visium,9877,7585,TLS-high
10x_human_ovarian_cancer_ffpe_visium,10x_human_ovarian_cancer_ffpe_visium,10x Visium | 10x Visium,10454,7586,TLS-high
10x_human_ovarian_cancer_ffpe_visium,10x_human_ovarian_cancer_ffpe_visium,10x Visium | 10x Visium,2946,7825,TLS-high
10x_human_ovarian_cancer_ffpe_visium,10x_human_ovarian_cancer_ffpe_visium,10x Visium | 10x Visium,5761,7955,TLS-high
10x_human_ovarian_cancer_ffpe_visium,10x_human_ovarian_cancer_ffpe_visium,10x Visium | 10x Visium,6844,7831,TLS-high
10x_human_ovarian_cancer_ffpe_visium,10x_human_ovarian_cancer_ffpe_visium,10x Visium | 10x Visium,10670,7963,TLS-high
10x_human_ovarian_cancer_ffpe_visium,10x_human_ovarian_cancer_ffpe_visium,10x Visium | 10x Visium,10743,7838,TLS-high
10x_human_ovarian_cancer_ffpe_visium,10x_human_ovarian_cancer_ffpe_visium,10x Visium | 10x Visium,3956,8078,TLS-high
10x_human_ovarian_cancer_ffpe_visium,10x_human_ovarian_cancer_ffpe_visium,10x Visium | 10x Visium,10381,8214,TLS-high
10x_human_ovarian_cancer_ffpe_visium,10x_human_ovarian_cancer_ffpe_visium,10x Visium | 10x Visium,10814,8214,TLS-high
10x_human_ovarian_cancer_ffpe_visium,10x_human_ovarian_cancer_ffpe_visium,10x Visium | 10x Visium,3667,8329,TLS-high
10x_human_ovarian_cancer_ffpe_visium,10x_human_ovarian_cancer_ffpe_visium,10x Visium | 10x Visium,5905,8458,TLS-high
10x_human_ovarian_cancer_ffpe_visium,10x_human_ovarian_cancer_ffpe_visium,10x Visium | 10x Visium,2656,8578,TLS-high
10x_human_ovarian_cancer_ffpe_visium,10x_human_ovarian_cancer_ffpe_visium,10x Visium | 10x Visium,4605,8707,TLS-high
10x_human_ovarian_cancer_ffpe_visium,10x_human_ovarian_cancer_ffpe_visium,10x Visium | 10x Visium,5616,8709,TLS-high
10x_human_ovarian_cancer_ffpe_visium,10x_human_ovarian_cancer_ffpe_visium,10x Visium | 10x Visium,6121,8584,TLS-high
10x_human_ovarian_cancer_ffpe_visium,10x_human_ovarian_cancer_ffpe_visium,10x Visium | 10x Visium,6193,8710,TLS-high
10x_human_ovarian_cancer_ffpe_visium,10x_human_ovarian_cancer_ffpe_visium,10x Visium | 10x Visium,2872,8956,TLS-high
10x_human_ovarian_cancer_ffpe_visium,10x_human_ovarian_cancer_ffpe_visium,10x Visium | 10x Visium,2944,8830,TLS-high
10x_human_ovarian_cancer_ffpe_visium,10x_human_ovarian_cancer_ffpe_visium,10x Visium | 10x Visium,3161,8956,TLS-high
10x_human_ovarian_cancer_ffpe_visium,10x_human_ovarian_cancer_ffpe_visium,10x Visium | 10x Visium,5615,8960,TLS-high
10x_human_ovarian_cancer_ffpe_visium,10x_human_ovarian_cancer_ffpe_visium,10x Visium | 10x Visium,5976,8835,TLS-high
10x_human_ovarian_cancer_ffpe_visium,10x_human_ovarian_cancer_ffpe_visium,10x Visium | 10x Visium,6121,8835,TLS-high
10x_human_ovarian_cancer_ffpe_visium,10x_human_ovarian_cancer_ffpe_visium,10x Visium | 10x Visium,10452,8842,TLS-high
10x_human_ovarian_cancer_ffpe_visium,10x_human_ovarian_cancer_ffpe_visium,10x Visium | 10x Visium,2727,9207,TLS-high
10x_human_ovarian_cancer_ffpe_visium,10x_human_ovarian_cancer_ffpe_visium,10x Visium | 10x Visium,3233,9082,TLS-high
10x_human_ovarian_cancer_ffpe_visium,10x_human_ovarian_cancer_ffpe_visium,10x Visium | 10x Visium,3305,9207,TLS-high
10x_human_ovarian_cancer_ffpe_visium,10x_human_ovarian_cancer_ffpe_visium,10x Visium | 10x Visium,4243,9083,TLS-high
10x_human_ovarian_cancer_ffpe_visium,10x_human_ovarian_cancer_ffpe_visium,10x Visium | 10x Visium,4388,9084,TLS-high
10x_human_ovarian_cancer_ffpe_visium,10x_human_ovarian_cancer_ffpe_visium,10x Visium | 10x Visium,4460,9209,TLS-high
10x_human_ovarian_cancer_ffpe_visium,10x_human_ovarian_cancer_ffpe_visium,10x Visium | 10x Visium,4532,9084,TLS-high
10x_human_ovarian_cancer_ffpe_visium,10x_human_ovarian_cancer_ffpe_visium,10x Visium | 10x Visium,4821,9084,TLS-high
10x_human_ovarian_cancer_ffpe_visium,10x_human_ovarian_cancer_ffpe_visium,10x Visium | 10x Visium,10019,9092,TLS-high
10x_human_ovarian_cancer_ffpe_visium,10x_human_ovarian_cancer_ffpe_visium,10x Visium | 10x Visium,10091,9218,TLS-high
10x_human_ovarian_cancer_ffpe_visium,10x_human_ovarian_cancer_ffpe_visium,10x Visium | 10x Visium,3160,9458,TLS-high
10x_human_ovarian_cancer_ffpe_visium,10x_human_ovarian_cancer_ffpe_visium,10x Visium | 10x Visium,3810,9585,TLS-high
10x_human_ovarian_cancer_ffpe_visium,10x_human_ovarian_cancer_ffpe_visium,10x Visium | 10x Visium,3954,9585,TLS-high
10x_human_ovarian_cancer_ffpe_visium,10x_human_ovarian_cancer_ffpe_visium,10x Visium | 10x Visium,4748,9712,TLS-high
10x_human_ovarian_cancer_ffpe_visium,10x_human_ovarian_cancer_ffpe_visium,10x Visium | 10x Visium,5253,9587,TLS-high
10x_human_ovarian_cancer_ffpe_visium,10x_human_ovarian_cancer_ffpe_visium,10x Visium | 10x Visium,9657,9720,TLS-high
10x_human_ovarian_cancer_ffpe_visium,10x_human_ovarian_cancer_ffpe_visium,10x Visium | 10x Visium,3015,9961,TLS-high
10x_human_ovarian_cancer_ffpe_visium,10x_human_ovarian_cancer_ffpe_visium,10x Visium | 10x Visium,3159,9961,TLS-high
10x_human_ovarian_cancer_ffpe_visium,10x_human_ovarian_cancer_ffpe_visium,10x Visium | 10x Visium,3304,9961,TLS-high
10x_human_ovarian_cancer_ffpe_visium,10x_human_ovarian_cancer_ffpe_visium,10x Visium | 10x Visium,3448,9961,TLS-high
10x_human_ovarian_cancer_ffpe_visium,10x_human_ovarian_cancer_ffpe_visium,10x Visium | 10x Visium,3087,10086,TLS-high
10x_human_ovarian_cancer_ffpe_visium,10x_human_ovarian_cancer_ffpe_visium,10x Visium | 10x Visium,3231,10087,TLS-high
10x_human_ovarian_cancer_ffpe_visium,10x_human_ovarian_cancer_ffpe_visium,10x Visium | 10x Visium,3376,10087,TLS-high
10x_human_ovarian_cancer_ffpe_visium,10x_human_ovarian_cancer_ffpe_visium,10x Visium | 10x Visium,4964,10089,TLS-high
10x_human_ovarian_cancer_ffpe_visium,10x_human_ovarian_cancer_ffpe_visium,10x Visium | 10x Visium,3520,10338,TLS-high
10x_human_ovarian_cancer_ffpe_visium,10x_human_ovarian_cancer_ffpe_visium,10x Visium | 10x Visium,3664,10339,TLS-high
10x_human_ovarian_cancer_ffpe_visium,10x_human_ovarian_cancer_ffpe_visium,10x Visium | 10x Visium,4025,10465,TLS-high
10x_human_ovarian_cancer_ffpe_visium,10x_human_ovarian_cancer_ffpe_visium,10x Visium | 10x Visium,4963,10341,TLS-high
10x_human_ovarian_cancer_ffpe_visium,10x_human_ovarian_cancer_ffpe_visium,10x Visium | 10x Visium,5468,10718,TLS-high
GSE211956,GSM6506112_SP3,GSE211956 | SP3,5734,3254,TLS-high
GSE211956,GSM6506112_SP3,GSE211956 | SP3,5863,3255,TLS-high
GSE211956,GSM6506112_SP3,GSE211956 | SP3,4307,3699,TLS-high
GSE211956,GSM6506112_SP3,GSE211956 | SP3,5342,3929,TLS-high
GSE211956,GSM6506112_SP3,GSE211956 | SP3,3464,4034,TLS-high
GSE211956,GSM6506112_SP3,GSE211956 | SP3,3528,4147,TLS-high
GSE211956,GSM6506112_SP3,GSE211956 | SP3,6767,4160,TLS-high
GSE211956,GSM6506112_SP3,GSE211956 | SP3,7154,4387,TLS-high
GSE211956,GSM6506112_SP3,GSE211956 | SP3,3850,4487,TLS-high
GSE211956,GSM6506112_SP3,GSE211956 | SP3,7542,4614,TLS-high
GSE211956,GSM6506112_SP3,GSE211956 | SP3,7477,4726,TLS-high
GSE211956,GSM6506112_SP3,GSE211956 | SP3,7671,4840,TLS-high
GSE211956,GSM6506112_SP3,GSE211956 | SP3,2424,4932,TLS-high
GSE211956,GSM6506112_SP3,GSE211956 | SP3,3719,4937,TLS-high
GSE211956,GSM6506112_SP3,GSE211956 | SP3,5533,4944,TLS-high
GSE211956,GSM6506112_SP3,GSE211956 | SP3,7606,4952,TLS-high
GSE211956,GSM6506112_SP3,GSE211956 | SP3,2875,5497,TLS-high
GSE211956,GSM6506112_SP3,GSE211956 | SP3,3070,5385,TLS-high
GSE211956,GSM6506112_SP3,GSE211956 | SP3,6697,5400,TLS-high
GSE211956,GSM6506112_SP3,GSE211956 | SP3,6761,5513,TLS-high
GSE211956,GSM6506112_SP3,GSE211956 | SP3,6891,5513,TLS-high
GSE211956,GSM6506112_SP3,GSE211956 | SP3,7798,5517,TLS-high
GSE211956,GSM6506112_SP3,GSE211956 | SP3,8316,5519,TLS-high
GSE211956,GSM6506112_SP3,GSE211956 | SP3,7019,5739,TLS-high
GSE211956,GSM6506112_SP3,GSE211956 | SP3,4816,5956,TLS-high
GSE211956,GSM6506112_SP3,GSE211956 | SP3,8250,5857,TLS-high
GSE211956,GSM6506112_SP3,GSE211956 | SP3,6435,6075,TLS-high
GSE211956,GSM6506112_SP3,GSE211956 | SP3,6629,6188,TLS-high
GSE211956,GSM6506112_SP3,GSE211956 | SP3,6694,6076,TLS-high
GSE211956,GSM6506112_SP3,GSE211956 | SP3,3908,6403,TLS-high
GSE211956,GSM6506112_SP3,GSE211956 | SP3,6564,6301,TLS-high
GSE211956,GSM6506112_SP3,GSE211956 | SP3,6628,6414,TLS-high
GSE211956,GSM6506112_SP3,GSE211956 | SP3,6693,6301,TLS-high
GSE211956,GSM6506112_SP3,GSE211956 | SP3,3583,6514,TLS-high
GSE211956,GSM6506112_SP3,GSE211956 | SP3,6498,6639,TLS-high
GSE211956,GSM6506112_SP3,GSE211956 | SP3,6627,6639,TLS-high
GSE211956,GSM6506112_SP3,GSE211956 | SP3,3258,6851,TLS-high
GSE211956,GSM6506112_SP3,GSE211956 | SP3,4489,6743,TLS-high
GSE211956,GSM6506112_SP3,GSE211956 | SP3,4813,6857,TLS-high
GSE211956,GSM6506112_SP3,GSE211956 | SP3,6367,6864,TLS-high
GSE211956,GSM6506112_SP3,GSE211956 | SP3,6497,6864,TLS-high
GSE211956,GSM6506112_SP3,GSE211956 | SP3,6562,6752,TLS-high
GSE211956,GSM6506112_SP3,GSE211956 | SP3,3128,7076,TLS-high
GSE211956,GSM6506112_SP3,GSE211956 | SP3,3193,6964,TLS-high
GSE211956,GSM6506112_SP3,GSE211956 | SP3,3322,6964,TLS-high
GSE211956,GSM6506112_SP3,GSE211956 | SP3,4294,7081,TLS-high
GSE211956,GSM6506112_SP3,GSE211956 | SP3,4682,7082,TLS-high
GSE211956,GSM6506112_SP3,GSE211956 | SP3,4812,7083,TLS-high
GSE211956,GSM6506112_SP3,GSE211956 | SP3,4941,7083,TLS-high
GSE211956,GSM6506112_SP3,GSE211956 | SP3,5071,7084,TLS-high
GSE211956,GSM6506112_SP3,GSE211956 | SP3,5200,7084,TLS-high
GSE211956,GSM6506112_SP3,GSE211956 | SP3,6561,6977,TLS-high
GSE211956,GSM6506112_SP3,GSE211956 | SP3,6885,7091,TLS-high
GSE211956,GSM6506112_SP3,GSE211956 | SP3,7144,7092,TLS-high
GSE211956,GSM6506112_SP3,GSE211956 | SP3,7662,7094,TLS-high
GSE211956,GSM6506112_SP3,GSE211956 | SP3,7921,7095,TLS-high
GSE211956,GSM6506112_SP3,GSE211956 | SP3,3774,7304,TLS-high
GSE211956,GSM6506112_SP3,GSE211956 | SP3,3840,7192,TLS-high
GSE211956,GSM6506112_SP3,GSE211956 | SP3,3904,7305,TLS-high
GSE211956,GSM6506112_SP3,GSE211956 | SP3,4099,7193,TLS-high
GSE211956,GSM6506112_SP3,GSE211956 | SP3,4422,7307,TLS-high
GSE211956,GSM6506112_SP3,GSE211956 | SP3,4552,7307,TLS-high
GSE211956,GSM6506112_SP3,GSE211956 | SP3,4617,7195,TLS-high
GSE211956,GSM6506112_SP3,GSE211956 | SP3,4811,7308,TLS-high
GSE211956,GSM6506112_SP3,GSE211956 | SP3,4876,7196,TLS-high
GSE211956,GSM6506112_SP3,GSE211956 | SP3,4940,7309,TLS-high
GSE211956,GSM6506112_SP3,GSE211956 | SP3,5006,7196,TLS-high
GSE211956,GSM6506112_SP3,GSE211956 | SP3,5070,7309,TLS-high
GSE211956,GSM6506112_SP3,GSE211956 | SP3,5135,7197,TLS-high
GSE211956,GSM6506112_SP3,GSE211956 | SP3,5199,7310,TLS-high
GSE211956,GSM6506112_SP3,GSE211956 | SP3,6560,7202,TLS-high
GSE211956,GSM6506112_SP3,GSE211956 | SP3,6754,7316,TLS-high
GSE211956,GSM6506112_SP3,GSE211956 | SP3,6884,7316,TLS-high
GSE211956,GSM6506112_SP3,GSE211956 | SP3,7078,7204,TLS-high
GSE211956,GSM6506112_SP3,GSE211956 | SP3,7531,7319,TLS-high
GSE211956,GSM6506112_SP3,GSE211956 | SP3,7597,7207,TLS-high
GSE211956,GSM6506112_SP3,GSE211956 | SP3,7661,7319,TLS-high
GSE211956,GSM6506112_SP3,GSE211956 | SP3,7726,7207,TLS-high
GSE211956,GSM6506112_SP3,GSE211956 | SP3,7790,7320,TLS-high
GSE211956,GSM6506112_SP3,GSE211956 | SP3,7856,7208,TLS-high
GSE211956,GSM6506112_SP3,GSE211956 | SP3,4357,7419,TLS-high
GSE211956,GSM6506112_SP3,GSE211956 | SP3,4487,7420,TLS-high
GSE211956,GSM6506112_SP3,GSE211956 | SP3,4551,7533,TLS-high
GSE211956,GSM6506112_SP3,GSE211956 | SP3,4616,7420,TLS-high
GSE211956,GSM6506112_SP3,GSE211956 | SP3,4680,7533,TLS-high
GSE211956,GSM6506112_SP3,GSE211956 | SP3,4746,7421,TLS-high
GSE211956,GSM6506112_SP3,GSE211956 | SP3,4810,7534,TLS-high
GSE211956,GSM6506112_SP3,GSE211956 | SP3,4875,7421,TLS-high
GSE211956,GSM6506112_SP3,GSE211956 | SP3,4939,7534,TLS-high
GSE211956,GSM6506112_SP3,GSE211956 | SP3,5005,7422,TLS-high
GSE211956,GSM6506112_SP3,GSE211956 | SP3,5134,7422,TLS-high
GSE211956,GSM6506112_SP3,GSE211956 | SP3,5264,7423,TLS-high
GSE211956,GSM6506112_SP3,GSE211956 | SP3,5523,7424,TLS-high
GSE211956,GSM6506112_SP3,GSE211956 | SP3,6689,7428,TLS-high
GSE211956,GSM6506112_SP3,GSE211956 | SP3,6753,7541,TLS-high
GSE211956,GSM6506112_SP3,GSE211956 | SP3,6818,7429,TLS-high
GSE211956,GSM6506112_SP3,GSE211956 | SP3,6883,7542,TLS-high
GSE211956,GSM6506112_SP3,GSE211956 | SP3,7078,7430,TLS-high
GSE211956,GSM6506112_SP3,GSE211956 | SP3,7466,7431,TLS-high
GSE211956,GSM6506112_SP3,GSE211956 | SP3,7596,7432,TLS-high
GSE211956,GSM6506112_SP3,GSE211956 | SP3,7660,7545,TLS-high
GSE211956,GSM6506112_SP3,GSE211956 | SP3,7725,7432,TLS-high
GSE211956,GSM6506112_SP3,GSE211956 | SP3,4097,7643,TLS-high
GSE211956,GSM6506112_SP3,GSE211956 | SP3,4227,7644,TLS-high
GSE211956,GSM6506112_SP3,GSE211956 | SP3,4291,7757,TLS-high
GSE211956,GSM6506112_SP3,GSE211956 | SP3,4420,7757,TLS-high
GSE211956,GSM6506112_SP3,GSE211956 | SP3,4550,7758,TLS-high
GSE211956,GSM6506112_SP3,GSE211956 | SP3,4615,7646,TLS-high
GSE211956,GSM6506112_SP3,GSE211956 | SP3,4679,7758,TLS-high
GSE211956,GSM6506112_SP3,GSE211956 | SP3,4745,7646,TLS-high
GSE211956,GSM6506112_SP3,GSE211956 | SP3,4874,7647,TLS-high
GSE211956,GSM6506112_SP3,GSE211956 | SP3,5068,7760,TLS-high
GSE211956,GSM6506112_SP3,GSE211956 | SP3,5133,7648,TLS-high
GSE211956,GSM6506112_SP3,GSE211956 | SP3,5198,7761,TLS-high
GSE211956,GSM6506112_SP3,GSE211956 | SP3,5263,7648,TLS-high
GSE211956,GSM6506112_SP3,GSE211956 | SP3,5327,7761,TLS-high
GSE211956,GSM6506112_SP3,GSE211956 | SP3,5392,7649,TLS-high
GSE211956,GSM6506112_SP3,GSE211956 | SP3,4873,7872,TLS-high
GSE211956,GSM6506112_SP3,GSE211956 | SP3,4938,7985,TLS-high
GSE211956,GSM6506112_SP3,GSE211956 | SP3,5003,7872,TLS-high
GSE211956,GSM6506112_SP3,GSE211956 | SP3,5067,7985,TLS-high
GSE211956,GSM6506112_SP3,GSE211956 | SP3,5132,7873,TLS-high
GSE211956,GSM6506112_SP3,GSE211956 | SP3,5262,7874,TLS-high
GSE211956,GSM6506112_SP3,GSE211956 | SP3,5392,7874,TLS-high
GSE211956,GSM6506112_SP3,GSE211956 | SP3,5456,7987,TLS-high
GSE211956,GSM6506112_SP3,GSE211956 | SP3,5585,7988,TLS-high
GSE211956,GSM6506112_SP3,GSE211956 | SP3,4937,8210,TLS-high
GSE211956,GSM6506112_SP3,GSE211956 | SP3,5002,8098,TLS-high
GSE211956,GSM6506112_SP3,GSE211956 | SP3,5066,8211,TLS-high
GSE211956,GSM6506112_SP3,GSE211956 | SP3,5325,8212,TLS-high
GSE211956,GSM6506112_SP3,GSE211956 | SP3,5391,8099,TLS-high
GSE211956,GSM6506112_SP3,GSE211956 | SP3,5455,8212,TLS-high
GSE211956,GSM6506112_SP3,GSE211956 | SP3,5520,8100,TLS-high
GSE211956,GSM6506112_SP3,GSE211956 | SP3,6491,8217,TLS-high
GSE211956,GSM6506112_SP3,GSE211956 | SP3,6621,8217,TLS-high
GSE211956,GSM6506112_SP3,GSE211956 | SP3,6686,8105,TLS-high
GSE211956,GSM6506112_SP3,GSE211956 | SP3,6751,8218,TLS-high
GSE211956,GSM6506112_SP3,GSE211956 | SP3,5001,8323,TLS-high
GSE211956,GSM6506112_SP3,GSE211956 | SP3,5131,8324,TLS-high
GSE211956,GSM6506112_SP3,GSE211956 | SP3,5325,8437,TLS-high
GSE211956,GSM6506112_SP3,GSE211956 | SP3,5390,8325,TLS-high
GSE211956,GSM6506112_SP3,GSE211956 | SP3,5454,8438,TLS-high
GSE211956,GSM6506112_SP3,GSE211956 | SP3,5519,8325,TLS-high
GSE211956,GSM6506112_SP3,GSE211956 | SP3,5972,8440,TLS-high
GSE211956,GSM6506112_SP3,GSE211956 | SP3,6038,8327,TLS-high
GSE211956,GSM6506112_SP3,GSE211956 | SP3,6102,8440,TLS-high
GSE211956,GSM6506112_SP3,GSE211956 | SP3,6231,8441,TLS-high
GSE211956,GSM6506112_SP3,GSE211956 | SP3,6815,8331,TLS-high
GSE211956,GSM6506112_SP3,GSE211956 | SP3,5518,8551,TLS-high
GSE211956,GSM6506112_SP3,GSE211956 | SP3,5583,8664,TLS-high
GSE211956,GSM6506112_SP3,GSE211956 | SP3,6360,8667,TLS-high
GSE224335,GSM7019836_OCCS3v,GSE224335 | OCCS3v,5664,2953,TLS-high
GSE224335,GSM7019836_OCCS3v,GSE224335 | OCCS3v,4482,3188,TLS-high
GSE224335,GSM7019836_OCCS3v,GSE224335 | OCCS3v,4613,3188,TLS-high
GSE224335,GSM7019836_OCCS3v,GSE224335 | OCCS3v,6059,3180,TLS-high
GSE224335,GSM7019836_OCCS3v,GSE224335 | OCCS3v,6387,3063,TLS-high
GSE224335,GSM7019836_OCCS3v,GSE224335 | OCCS3v,4417,3303,TLS-high
GSE224335,GSM7019836_OCCS3v,GSE224335 | OCCS3v,5337,3298,TLS-high
GSE224335,GSM7019836_OCCS3v,GSE224335 | OCCS3v,5468,3297,TLS-high
GSE224335,GSM7019836_OCCS3v,GSE224335 | OCCS3v,4287,3533,TLS-high
GSE224335,GSM7019836_OCCS3v,GSE224335 | OCCS3v,6127,3522,TLS-high
GSE224335,GSM7019836_OCCS3v,GSE224335 | OCCS3v,3697,3879,TLS-high
GSE224335,GSM7019836_OCCS3v,GSE224335 | OCCS3v,5274,3870,TLS-high
GSE224335,GSM7019836_OCCS3v,GSE224335 | OCCS3v,5406,3870,TLS-high
GSE224335,GSM7019836_OCCS3v,GSE224335 | OCCS3v,6063,3866,TLS-high
GSE224335,GSM7019836_OCCS3v,GSE224335 | OCCS3v,6260,3750,TLS-high
GSE224335,GSM7019836_OCCS3v,GSE224335 | OCCS3v,6654,3748,TLS-high
GSE224335,GSM7019836_OCCS3v,GSE224335 | OCCS3v,2910,4112,TLS-high
GSE224335,GSM7019836_OCCS3v,GSE224335 | OCCS3v,3172,4111,TLS-high
GSE224335,GSM7019836_OCCS3v,GSE224335 | OCCS3v,4356,4104,TLS-high
GSE224335,GSM7019836_OCCS3v,GSE224335 | OCCS3v,4552,3989,TLS-high
GSE224335,GSM7019836_OCCS3v,GSE224335 | OCCS3v,5604,3983,TLS-high
GSE224335,GSM7019836_OCCS3v,GSE224335 | OCCS3v,5998,3981,TLS-high
GSE224335,GSM7019836_OCCS3v,GSE224335 | OCCS3v,6722,4091,TLS-high
GSE224335,GSM7019836_OCCS3v,GSE224335 | OCCS3v,2648,4342,TLS-high
GSE224335,GSM7019836_OCCS3v,GSE224335 | OCCS3v,2976,4226,TLS-high
GSE224335,GSM7019836_OCCS3v,GSE224335 | OCCS3v,3239,4225,TLS-high
GSE224335,GSM7019836_OCCS3v,GSE224335 | OCCS3v,5211,4214,TLS-high
GSE224335,GSM7019836_OCCS3v,GSE224335 | OCCS3v,6394,4207,TLS-high
GSE224335,GSM7019836_OCCS3v,GSE224335 | OCCS3v,6460,4321,TLS-high
GSE224335,GSM7019836_OCCS3v,GSE224335 | OCCS3v,7249,4317,TLS-high
GSE224335,GSM7019836_OCCS3v,GSE224335 | OCCS3v,7512,4315,TLS-high
GSE224335,GSM7019836_OCCS3v,GSE224335 | OCCS3v,3175,4568,TLS-high
GSE224335,GSM7019836_OCCS3v,GSE224335 | OCCS3v,3240,4453,TLS-high
GSE224335,GSM7019836_OCCS3v,GSE224335 | OCCS3v,3766,4451,TLS-high
GSE224335,GSM7019836_OCCS3v,GSE224335 | OCCS3v,3832,4565,TLS-high
GSE224335,GSM7019836_OCCS3v,GSE224335 | OCCS3v,4029,4449,TLS-high
GSE224335,GSM7019836_OCCS3v,GSE224335 | OCCS3v,4095,4563,TLS-high
GSE224335,GSM7019836_OCCS3v,GSE224335 | OCCS3v,6395,4436,TLS-high
GSE224335,GSM7019836_OCCS3v,GSE224335 | OCCS3v,2847,4684,TLS-high
GSE224335,GSM7019836_OCCS3v,GSE224335 | OCCS3v,2978,4684,TLS-high
GSE224335,GSM7019836_OCCS3v,GSE224335 | OCCS3v,3045,4798,TLS-high
GSE224335,GSM7019836_OCCS3v,GSE224335 | OCCS3v,3110,4683,TLS-high
GSE224335,GSM7019836_OCCS3v,GSE224335 | OCCS3v,3241,4682,TLS-high
GSE224335,GSM7019836_OCCS3v,GSE224335 | OCCS3v,4096,4792,TLS-high
GSE224335,GSM7019836_OCCS3v,GSE224335 | OCCS3v,4162,4677,TLS-high
GSE224335,GSM7019836_OCCS3v,GSE224335 | OCCS3v,4359,4790,TLS-high
GSE224335,GSM7019836_OCCS3v,GSE224335 | OCCS3v,4622,4789,TLS-high
GSE224335,GSM7019836_OCCS3v,GSE224335 | OCCS3v,4687,4674,TLS-high
GSE224335,GSM7019836_OCCS3v,GSE224335 | OCCS3v,5280,4785,TLS-high
GSE224335,GSM7019836_OCCS3v,GSE224335 | OCCS3v,6726,4777,TLS-high
GSE224335,GSM7019836_OCCS3v,GSE224335 | OCCS3v,6922,4662,TLS-high
GSE224335,GSM7019836_OCCS3v,GSE224335 | OCCS3v,7185,4660,TLS-high
GSE224335,GSM7019836_OCCS3v,GSE224335 | OCCS3v,7251,4774,TLS-high
GSE224335,GSM7019836_OCCS3v,GSE224335 | OCCS3v,7317,4659,TLS-high
GSE224335,GSM7019836_OCCS3v,GSE224335 | OCCS3v,7383,4773,TLS-high
GSE224335,GSM7019836_OCCS3v,GSE224335 | OCCS3v,3374,4910,TLS-high
GSE224335,GSM7019836_OCCS3v,GSE224335 | OCCS3v,3440,5024,TLS-high
GSE224335,GSM7019836_OCCS3v,GSE224335 | OCCS3v,4557,4904,TLS-high
GSE224335,GSM7019836_OCCS3v,GSE224335 | OCCS3v,5412,5013,TLS-high
GSE224335,GSM7019836_OCCS3v,GSE224335 | OCCS3v,7384,5002,TLS-high
GSE224335,GSM7019836_OCCS3v,GSE224335 | OCCS3v,7779,5000,TLS-high
GSE224335,GSM7019836_OCCS3v,GSE224335 | OCCS3v,3375,5139,TLS-high
GSE224335,GSM7019836_OCCS3v,GSE224335 | OCCS3v,5610,5126,TLS-high
GSE224335,GSM7019836_OCCS3v,GSE224335 | OCCS3v,7451,5116,TLS-high
GSE224335,GSM7019836_OCCS3v,GSE224335 | OCCS3v,7582,5115,TLS-high
GSE224335,GSM7019836_OCCS3v,GSE224335 | OCCS3v,7648,5229,TLS-high
GSE224335,GSM7019836_OCCS3v,GSE224335 | OCCS3v,7713,5115,TLS-high
GSE224335,GSM7019836_OCCS3v,GSE224335 | OCCS3v,3640,5366,TLS-high
GSE224335,GSM7019836_OCCS3v,GSE224335 | OCCS3v,4428,5362,TLS-high
GSE224335,GSM7019836_OCCS3v,GSE224335 | OCCS3v,4823,5360,TLS-high
GSE224335,GSM7019836_OCCS3v,GSE224335 | OCCS3v,5020,5473,TLS-high
GSE224335,GSM7019836_OCCS3v,GSE224335 | OCCS3v,6072,5467,TLS-high
GSE224335,GSM7019836_OCCS3v,GSE224335 | OCCS3v,6269,5352,TLS-high
GSE224335,GSM7019836_OCCS3v,GSE224335 | OCCS3v,6926,5348,TLS-high
GSE224335,GSM7019836_OCCS3v,GSE224335 | OCCS3v,7124,5461,TLS-high
GSE224335,GSM7019836_OCCS3v,GSE224335 | OCCS3v,7452,5345,TLS-high
GSE224335,GSM7019836_OCCS3v,GSE224335 | OCCS3v,5022,5702,TLS-high
GSE224335,GSM7019836_OCCS3v,GSE224335 | OCCS3v,6731,5692,TLS-high
GSE224335,GSM7019836_OCCS3v,GSE224335 | OCCS3v,6994,5691,TLS-high
GSE224335,GSM7019836_OCCS3v,GSE224335 | OCCS3v,6601,5922,TLS-high
GSE224335,GSM7019836_OCCS3v,GSE224335 | OCCS3v,7323,5803,TLS-high
GSE224335,GSM7019836_OCCS3v,GSE224335 | OCCS3v,5352,6043,TLS-high
GSE224335,GSM7019836_OCCS3v,GSE224335 | OCCS3v,6010,6039,TLS-high
GSE224335,GSM7019836_OCCS3v,GSE224335 | OCCS3v,6404,6037,TLS-high
GSE224335,GSM7019836_OCCS3v,GSE224335 | OCCS3v,6274,6266,TLS-high
GSE224335,GSM7019836_OCCS3v,GSE224335 | OCCS3v,7063,6262,TLS-high
GSE224335,GSM7019836_OCCS3v,GSE224335 | OCCS3v,6999,6606,TLS-high
GSE224335,GSM7019836_OCCS3v,GSE224335 | OCCS3v,6343,6838,TLS-high
GSE224335,GSM7019836_OCCS3v,GSE224335 | OCCS3v,6870,7064,TLS-high
GSE224335,GSM7019836_OCCS3v,GSE224335 | OCCS3v,6935,6949,TLS-high
GSE274657,GSM8454235_Patient_8,GSE274657 | Patient_8,7163,8596,TLS-high
GSE274657,GSM8454235_Patient_8,GSE274657 | Patient_8,7030,8594,TLS-high
GSE274657,GSM8454235_Patient_8,GSE274657 | Patient_8,6897,8592,TLS-high
GSE274657,GSM8454235_Patient_8,GSE274657 | Patient_8,6764,8590,TLS-high
GSE274657,GSM8454235_Patient_8,GSE274657 | Patient_8,6631,8588,TLS-high
GSE274657,GSM8454235_Patient_8,GSE274657 | Patient_8,6365,8584,TLS-high
GSE274657,GSM8454235_Patient_8,GSE274657 | Patient_8,6232,8582,TLS-high
GSE274657,GSM8454235_Patient_8,GSE274657 | Patient_8,6099,8580,TLS-high
GSE274657,GSM8454235_Patient_8,GSE274657 | Patient_8,5966,8578,TLS-high
GSE274657,GSM8454235_Patient_8,GSE274657 | Patient_8,5833,8576,TLS-high
GSE274657,GSM8454235_Patient_8,GSE274657 | Patient_8,7630,8487,TLS-high
GSE274657,GSM8454235_Patient_8,GSE274657 | Patient_8,7497,8485,TLS-high
GSE274657,GSM8454235_Patient_8,GSE274657 | Patient_8,7364,8483,TLS-high
GSE274657,GSM8454235_Patient_8,GSE274657 | Patient_8,7231,8481,TLS-high
GSE274657,GSM8454235_Patient_8,GSE274657 | Patient_8,6832,8475,TLS-high
GSE274657,GSM8454235_Patient_8,GSE274657 | Patient_8,6699,8473,TLS-high
GSE274657,GSM8454235_Patient_8,GSE274657 | Patient_8,6566,8471,TLS-high
GSE274657,GSM8454235_Patient_8,GSE274657 | Patient_8,6433,8469,TLS-high
GSE274657,GSM8454235_Patient_8,GSE274657 | Patient_8,6167,8465,TLS-high
GSE274657,GSM8454235_Patient_8,GSE274657 | Patient_8,6034,8463,TLS-high
GSE274657,GSM8454235_Patient_8,GSE274657 | Patient_8,5901,8461,TLS-high
GSE274657,GSM8454235_Patient_8,GSE274657 | Patient_8,5768,8459,TLS-high
GSE274657,GSM8454235_Patient_8,GSE274657 | Patient_8,5635,8457,TLS-high
GSE274657,GSM8454235_Patient_8,GSE274657 | Patient_8,5502,8455,TLS-high
GSE274657,GSM8454235_Patient_8,GSE274657 | Patient_8,5369,8453,TLS-high
GSE274657,GSM8454235_Patient_8,GSE274657 | Patient_8,8230,8381,TLS-high
GSE274657,GSM8454235_Patient_8,GSE274657 | Patient_8,8097,8379,TLS-high
GSE274657,GSM8454235_Patient_8,GSE274657 | Patient_8,7964,8377,TLS-high
GSE274657,GSM8454235_Patient_8,GSE274657 | Patient_8,7831,8375,TLS-high
GSE274657,GSM8454235_Patient_8,GSE274657 | Patient_8,7698,8373,TLS-high
GSE274657,GSM8454235_Patient_8,GSE274657 | Patient_8,7565,8371,TLS-high
GSE274657,GSM8454235_Patient_8,GSE274657 | Patient_8,7432,8369,TLS-high
GSE274657,GSM8454235_Patient_8,GSE274657 | Patient_8,7299,8367,TLS-high
GSE274657,GSM8454235_Patient_8,GSE274657 | Patient_8,7166,8365,TLS-high
GSE274657,GSM8454235_Patient_8,GSE274657 | Patient_8,6900,8361,TLS-high
GSE274657,GSM8454235_Patient_8,GSE274657 | Patient_8,6634,8357,TLS-high
GSE274657,GSM8454235_Patient_8,GSE274657 | Patient_8,6235,8351,TLS-high
GSE274657,GSM8454235_Patient_8,GSE274657 | Patient_8,6102,8349,TLS-high
GSE274657,GSM8454235_Patient_8,GSE274657 | Patient_8,5837,8345,TLS-high
GSE274657,GSM8454235_Patient_8,GSE274657 | Patient_8,5704,8343,TLS-high
GSE274657,GSM8454235_Patient_8,GSE274657 | Patient_8,5571,8341,TLS-high
GSE274657,GSM8454235_Patient_8,GSE274657 | Patient_8,5438,8339,TLS-high
GSE274657,GSM8454235_Patient_8,GSE274657 | Patient_8,5305,8337,TLS-high
GSE274657,GSM8454235_Patient_8,GSE274657 | Patient_8,5172,8335,TLS-high
GSE274657,GSM8454235_Patient_8,GSE274657 | Patient_8,8697,8272,TLS-high
GSE274657,GSM8454235_Patient_8,GSE274657 | Patient_8,8564,8270,TLS-high
GSE274657,GSM8454235_Patient_8,GSE274657 | Patient_8,8431,8268,TLS-high
GSE274657,GSM8454235_Patient_8,GSE274657 | Patient_8,8165,8264,TLS-high
GSE274657,GSM8454235_Patient_8,GSE274657 | Patient_8,8032,8262,TLS-high
GSE274657,GSM8454235_Patient_8,GSE274657 | Patient_8,7766,8258,TLS-high
GSE274657,GSM8454235_Patient_8,GSE274657 | Patient_8,7633,8256,TLS-high
GSE274657,GSM8454235_Patient_8,GSE274657 | Patient_8,7500,8254,TLS-high
GSE274657,GSM8454235_Patient_8,GSE274657 | Patient_8,7367,8252,TLS-high
GSE274657,GSM8454235_Patient_8,GSE274657 | Patient_8,7234,8250,TLS-high
GSE274657,GSM8454235_Patient_8,GSE274657 | Patient_8,6570,8240,TLS-high
GSE274657,GSM8454235_Patient_8,GSE274657 | Patient_8,6038,8232,TLS-high
GSE274657,GSM8454235_Patient_8,GSE274657 | Patient_8,5772,8228,TLS-high
GSE274657,GSM8454235_Patient_8,GSE274657 | Patient_8,5639,8226,TLS-high
GSE274657,GSM8454235_Patient_8,GSE274657 | Patient_8,5506,8224,TLS-high
GSE274657,GSM8454235_Patient_8,GSE274657 | Patient_8,5240,8220,TLS-high
GSE274657,GSM8454235_Patient_8,GSE274657 | Patient_8,8765,8157,TLS-high
GSE274657,GSM8454235_Patient_8,GSE274657 | Patient_8,8632,8155,TLS-high
GSE274657,GSM8454235_Patient_8,GSE274657 | Patient_8,7436,8137,TLS-high
GSE274657,GSM8454235_Patient_8,GSE274657 | Patient_8,5574,8109,TLS-high
GSE274657,GSM8454235_Patient_8,GSE274657 | Patient_8,9366,8051,TLS-high
GSE274657,GSM8454235_Patient_8,GSE274657 | Patient_8,9233,8049,TLS-high
GSE274657,GSM8454235_Patient_8,GSE274657 | Patient_8,9100,8047,TLS-high
GSE274657,GSM8454235_Patient_8,GSE274657 | Patient_8,8701,8041,TLS-high
GSE274657,GSM8454235_Patient_8,GSE274657 | Patient_8,8435,8037,TLS-high
GSE274657,GSM8454235_Patient_8,GSE274657 | Patient_8,6174,8003,TLS-high
GSE274657,GSM8454235_Patient_8,GSE274657 | Patient_8,5509,7993,TLS-high
GSE274657,GSM8454235_Patient_8,GSE274657 | Patient_8,9966,7944,TLS-high
GSE274657,GSM8454235_Patient_8,GSE274657 | Patient_8,9301,7934,TLS-high
GSE274657,GSM8454235_Patient_8,GSE274657 | Patient_8,9168,7932,TLS-high
GSE274657,GSM8454235_Patient_8,GSE274657 | Patient_8,9035,7930,TLS-high
GSE274657,GSM8454235_Patient_8,GSE274657 | Patient_8,6242,7888,TLS-high
GSE274657,GSM8454235_Patient_8,GSE274657 | Patient_8,6109,7886,TLS-high
GSE274657,GSM8454235_Patient_8,GSE274657 | Patient_8,5578,7878,TLS-high
GSE274657,GSM8454235_Patient_8,GSE274657 | Patient_8,9635,7823,TLS-high
GSE274657,GSM8454235_Patient_8,GSE274657 | Patient_8,9502,7821,TLS-high
GSE274657,GSM8454235_Patient_8,GSE274657 | Patient_8,9369,7819,TLS-high
GSE274657,GSM8454235_Patient_8,GSE274657 | Patient_8,7640,7793,TLS-high
GSE274657,GSM8454235_Patient_8,GSE274657 | Patient_8,5646,7763,TLS-high
GSE274657,GSM8454235_Patient_8,GSE274657 | Patient_8,5247,7757,TLS-high
GSE274657,GSM8454235_Patient_8,GSE274657 | Patient_8,5114,7755,TLS-high
GSE274657,GSM8454235_Patient_8,GSE274657 | Patient_8,3784,7735,TLS-high
GSE274657,GSM8454235_Patient_8,GSE274657 | Patient_8,9437,7705,TLS-high
GSE274657,GSM8454235_Patient_8,GSE274657 | Patient_8,9304,7703,TLS-high
GSE274657,GSM8454235_Patient_8,GSE274657 | Patient_8,8241,7687,TLS-high
GSE274657,GSM8454235_Patient_8,GSE274657 | Patient_8,7177,7671,TLS-high
GSE274657,GSM8454235_Patient_8,GSE274657 | Patient_8,5448,7644,TLS-high
GSE274657,GSM8454235_Patient_8,GSE274657 | Patient_8,5315,7642,TLS-high
GSE274657,GSM8454235_Patient_8,GSE274657 | Patient_8,4517,7630,TLS-high
GSE274657,GSM8454235_Patient_8,GSE274657 | Patient_8,4251,7626,TLS-high
GSE274657,GSM8454235_Patient_8,GSE274657 | Patient_8,3188,7610,TLS-high
GSE274657,GSM8454235_Patient_8,GSE274657 | Patient_8,2789,7604,TLS-high
GSE274657,GSM8454235_Patient_8,GSE274657 | Patient_8,10170,7600,TLS-high
GSE274657,GSM8454235_Patient_8,GSE274657 | Patient_8,9638,7592,TLS-high
GSE274657,GSM8454235_Patient_8,GSE274657 | Patient_8,7245,7556,TLS-high
GSE274657,GSM8454235_Patient_8,GSE274657 | Patient_8,7112,7554,TLS-high
GSE274657,GSM8454235_Patient_8,GSE274657 | Patient_8,5516,7530,TLS-high
GSE274657,GSM8454235_Patient_8,GSE274657 | Patient_8,5383,7528,TLS-high
GSE274657,GSM8454235_Patient_8,GSE274657 | Patient_8,3788,7504,TLS-high
GSE274657,GSM8454235_Patient_8,GSE274657 | Patient_8,3655,7502,TLS-high
GSE274657,GSM8454235_Patient_8,GSE274657 | Patient_8,2591,7486,TLS-high
GSE274657,GSM8454235_Patient_8,GSE274657 | Patient_8,2458,7484,TLS-high
GSE274657,GSM8454235_Patient_8,GSE274657 | Patient_8,7446,7443,TLS-high
GSE274657,GSM8454235_Patient_8,GSE274657 | Patient_8,7313,7441,TLS-high
GSE274657,GSM8454235_Patient_8,GSE274657 | Patient_8,7180,7439,TLS-high
GSE274657,GSM8454235_Patient_8,GSE274657 | Patient_8,4122,7393,TLS-high
GSE274657,GSM8454235_Patient_8,GSE274657 | Patient_8,3723,7387,TLS-high
GSE274657,GSM8454235_Patient_8,GSE274657 | Patient_8,3590,7385,TLS-high
GSE274657,GSM8454235_Patient_8,GSE274657 | Patient_8,3191,7379,TLS-high
GSE274657,GSM8454235_Patient_8,GSE274657 | Patient_8,2925,7375,TLS-high
GSE274657,GSM8454235_Patient_8,GSE274657 | Patient_8,2792,7373,TLS-high
GSE274657,GSM8454235_Patient_8,GSE274657 | Patient_8,2526,7369,TLS-high
GSE274657,GSM8454235_Patient_8,GSE274657 | Patient_8,2393,7367,TLS-high
GSE274657,GSM8454235_Patient_8,GSE274657 | Patient_8,2260,7365,TLS-high
GSE274657,GSM8454235_Patient_8,GSE274657 | Patient_8,7647,7331,TLS-high
GSE274657,GSM8454235_Patient_8,GSE274657 | Patient_8,7248,7325,TLS-high
GSE274657,GSM8454235_Patient_8,GSE274657 | Patient_8,7115,7323,TLS-high
GSE274657,GSM8454235_Patient_8,GSE274657 | Patient_8,6584,7314,TLS-high
GSE274657,GSM8454235_Patient_8,GSE274657 | Patient_8,6451,7312,TLS-high
GSE274657,GSM8454235_Patient_8,GSE274657 | Patient_8,4190,7278,TLS-high
GSE274657,GSM8454235_Patient_8,GSE274657 | Patient_8,3791,7272,TLS-high
GSE274657,GSM8454235_Patient_8,GSE274657 | Patient_8,3658,7270,TLS-high
GSE274657,GSM8454235_Patient_8,GSE274657 | Patient_8,3525,7268,TLS-high
GSE274657,GSM8454235_Patient_8,GSE274657 | Patient_8,3259,7264,TLS-high
GSE274657,GSM8454235_Patient_8,GSE274657 | Patient_8,3126,7262,TLS-high
GSE274657,GSM8454235_Patient_8,GSE274657 | Patient_8,2860,7258,TLS-high
GSE274657,GSM8454235_Patient_8,GSE274657 | Patient_8,2594,7254,TLS-high
GSE274657,GSM8454235_Patient_8,GSE274657 | Patient_8,2462,7252,TLS-high
GSE274657,GSM8454235_Patient_8,GSE274657 | Patient_8,2329,7250,TLS-high
GSE274657,GSM8454235_Patient_8,GSE274657 | Patient_8,2196,7248,TLS-high
GSE274657,GSM8454235_Patient_8,GSE274657 | Patient_8,2063,7246,TLS-high
GSE274657,GSM8454235_Patient_8,GSE274657 | Patient_8,1797,7242,TLS-high
GSE274657,GSM8454235_Patient_8,GSE274657 | Patient_8,9976,7250,TLS-high
GSE274657,GSM8454235_Patient_8,GSE274657 | Patient_8,7583,7214,TLS-high
GSE274657,GSM8454235_Patient_8,GSE274657 | Patient_8,6652,7200,TLS-high
GSE274657,GSM8454235_Patient_8,GSE274657 | Patient_8,6519,7198,TLS-high
GSE274657,GSM8454235_Patient_8,GSE274657 | Patient_8,5854,7188,TLS-high
GSE274657,GSM8454235_Patient_8,GSE274657 | Patient_8,5721,7186,TLS-high
GSE274657,GSM8454235_Patient_8,GSE274657 | Patient_8,3992,7160,TLS-high
GSE274657,GSM8454235_Patient_8,GSE274657 | Patient_8,3328,7150,TLS-high
GSE274657,GSM8454235_Patient_8,GSE274657 | Patient_8,3195,7148,TLS-high
GSE274657,GSM8454235_Patient_8,GSE274657 | Patient_8,3062,7146,TLS-high
GSE274657,GSM8454235_Patient_8,GSE274657 | Patient_8,2929,7144,TLS-high
GSE274657,GSM8454235_Patient_8,GSE274657 | Patient_8,2663,7139,TLS-high
GSE274657,GSM8454235_Patient_8,GSE274657 | Patient_8,2530,7137,TLS-high
GSE274657,GSM8454235_Patient_8,GSE274657 | Patient_8,2397,7135,TLS-high
GSE274657,GSM8454235_Patient_8,GSE274657 | Patient_8,2264,7133,TLS-high
GSE274657,GSM8454235_Patient_8,GSE274657 | Patient_8,1998,7129,TLS-high
GSE274657,GSM8454235_Patient_8,GSE274657 | Patient_8,1865,7127,TLS-high
GSE274657,GSM8454235_Patient_8,GSE274657 | Patient_8,10177,7137,TLS-high
GSE274657,GSM8454235_Patient_8,GSE274657 | Patient_8,9911,7133,TLS-high
GSE274657,GSM8454235_Patient_8,GSE274657 | Patient_8,7651,7099,TLS-high
GSE274657,GSM8454235_Patient_8,GSE274657 | Patient_8,6720,7085,TLS-high
GSE274657,GSM8454235_Patient_8,GSE274657 | Patient_8,5922,7073,TLS-high
GSE274657,GSM8454235_Patient_8,GSE274657 | Patient_8,5789,7071,TLS-high
GSE274657,GSM8454235_Patient_8,GSE274657 | Patient_8,3263,7033,TLS-high
GSE274657,GSM8454235_Patient_8,GSE274657 | Patient_8,3130,7031,TLS-high
GSE274657,GSM8454235_Patient_8,GSE274657 | Patient_8,2997,7029,TLS-high
GSE274657,GSM8454235_Patient_8,GSE274657 | Patient_8,2864,7027,TLS-high
GSE274657,GSM8454235_Patient_8,GSE274657 | Patient_8,2731,7025,TLS-high
GSE274657,GSM8454235_Patient_8,GSE274657 | Patient_8,1800,7011,TLS-high
GSE274657,GSM8454235_Patient_8,GSE274657 | Patient_8,10246,7023,TLS-high
GSE274657,GSM8454235_Patient_8,GSE274657 | Patient_8,9182,7007,TLS-high
GSE274657,GSM8454235_Patient_8,GSE274657 | Patient_8,6655,6968,TLS-high
GSE274657,GSM8454235_Patient_8,GSE274657 | Patient_8,2932,6912,TLS-high
GSE274657,GSM8454235_Patient_8,GSE274657 | Patient_8,1868,6896,TLS-high
GSE274657,GSM8454235_Patient_8,GSE274657 | Patient_8,9250,6892,TLS-high
GSE274657,GSM8454235_Patient_8,GSE274657 | Patient_8,6059,6844,TLS-high
GSE274657,GSM8454235_Patient_8,GSE274657 | Patient_8,4463,6820,TLS-high
GSE274657,GSM8454235_Patient_8,GSE274657 | Patient_8,3000,6797,TLS-high
GSE274657,GSM8454235_Patient_8,GSE274657 | Patient_8,2867,6795,TLS-high
GSE274657,GSM8454235_Patient_8,GSE274657 | Patient_8,2070,6783,TLS-high
GSE274657,GSM8454235_Patient_8,GSE274657 | Patient_8,9717,6783,TLS-high
GSE274657,GSM8454235_Patient_8,GSE274657 | Patient_8,4531,6705,TLS-high
GSE274657,GSM8454235_Patient_8,GSE274657 | Patient_8,4398,6703,TLS-high
GSE274657,GSM8454235_Patient_8,GSE274657 | Patient_8,4132,6699,TLS-high
GSE274657,GSM8454235_Patient_8,GSE274657 | Patient_8,3999,6697,TLS-high
GSE274657,GSM8454235_Patient_8,GSE274657 | Patient_8,2670,6677,TLS-high
GSE274657,GSM8454235_Patient_8,GSE274657 | Patient_8,2537,6675,TLS-high
GSE274657,GSM8454235_Patient_8,GSE274657 | Patient_8,2404,6673,TLS-high
GSE274657,GSM8454235_Patient_8,GSE274657 | Patient_8,2271,6671,TLS-high
GSE274657,GSM8454235_Patient_8,GSE274657 | Patient_8,2138,6669,TLS-high
GSE274657,GSM8454235_Patient_8,GSE274657 | Patient_8,4068,6582,TLS-high
GSE274657,GSM8454235_Patient_8,GSE274657 | Patient_8,3935,6580,TLS-high
GSE274657,GSM8454235_Patient_8,GSE274657 | Patient_8,2605,6560,TLS-high
GSE274657,GSM8454235_Patient_8,GSE274657 | Patient_8,2472,6558,TLS-high
GSE274657,GSM8454235_Patient_8,GSE274657 | Patient_8,2339,6556,TLS-high
GSE274657,GSM8454235_Patient_8,GSE274657 | Patient_8,9721,6552,TLS-high
GSE274657,GSM8454235_Patient_8,GSE274657 | Patient_8,2540,6443,TLS-high
GSE274657,GSM8454235_Patient_8,GSE274657 | Patient_8,2141,6437,TLS-high
GSE274657,GSM8454235_Patient_8,GSE274657 | Patient_8,1875,6433,TLS-high
GSE274657,GSM8454235_Patient_8,GSE274657 | Patient_8,9124,6427,TLS-high
GSE274657,GSM8454235_Patient_8,GSE274657 | Patient_8,5800,6377,TLS-high
GSE274657,GSM8454235_Patient_8,GSE274657 | Patient_8,2210,6323,TLS-high
GSE274657,GSM8454235_Patient_8,GSE274657 | Patient_8,2077,6321,TLS-high
GSE274657,GSM8454235_Patient_8,GSE274657 | Patient_8,1811,6317,TLS-high
GSE274657,GSM8454235_Patient_8,GSE274657 | Patient_8,9857,6323,TLS-high
GSE274657,GSM8454235_Patient_8,GSE274657 | Patient_8,3076,6220,TLS-high
GSE274657,GSM8454235_Patient_8,GSE274657 | Patient_8,2145,6206,TLS-high
GSE274657,GSM8454235_Patient_8,GSE274657 | Patient_8,2012,6204,TLS-high
GSE274657,GSM8454235_Patient_8,GSE274657 | Patient_8,9659,6204,TLS-high
GSE274657,GSM8454235_Patient_8,GSE274657 | Patient_8,3011,6103,TLS-high
GSE274657,GSM8454235_Patient_8,GSE274657 | Patient_8,2080,6089,TLS-high
GSE274657,GSM8454235_Patient_8,GSE274657 | Patient_8,9329,6083,TLS-high
GSE274657,GSM8454235_Patient_8,GSE274657 | Patient_8,3877,6001,TLS-high
GSE274657,GSM8454235_Patient_8,GSE274657 | Patient_8,3413,5878,TLS-high
GSE274657,GSM8454235_Patient_8,GSE274657 | Patient_8,9864,5860,TLS-high
GSE274657,GSM8454235_Patient_8,GSE274657 | Patient_8,9731,5858,TLS-high
GSE274657,GSM8454235_Patient_8,GSE274657 | Patient_8,9199,5850,TLS-high
GSE274657,GSM8454235_Patient_8,GSE274657 | Patient_8,9932,5745,TLS-high
GSE274657,GSM8454235_Patient_8,GSE274657 | Patient_8,9401,5737,TLS-high
GSE274657,GSM8454235_Patient_8,GSE274657 | Patient_8,9268,5735,TLS-high
GSE274657,GSM8454235_Patient_8,GSE274657 | Patient_8,9868,5628,TLS-high
GSE274657,GSM8454235_Patient_8,GSE274657 | Patient_8,9336,5620,TLS-high
GSE274657,GSM8454235_Patient_8,GSE274657 | Patient_8,10069,5516,TLS-high
GSE274657,GSM8454235_Patient_8,GSE274657 | Patient_8,10270,5403,TLS-high
GSE274657,GSM8454235_Patient_8,GSE274657 | Patient_8,10004,5399,TLS-high
GSE274657,GSM8454235_Patient_8,GSE274657 | Patient_8,9871,5397,TLS-high
GSE274657,GSM8454235_Patient_8,GSE274657 | Patient_8,2558,5287,TLS-high
GSE274657,GSM8454235_Patient_8,GSE274657 | Patient_8,10072,5284,TLS-high
GSE274657,GSM8454235_Patient_8,GSE274657 | Patient_8,9939,5282,TLS-high
GSE274657,GSM8454235_Patient_8,GSE274657 | Patient_8,9673,5278,TLS-high
GSE274657,GSM8454235_Patient_8,GSE274657 | Patient_8,9540,5276,TLS-high
GSE274657,GSM8454235_Patient_8,GSE274657 | Patient_8,3158,5180,TLS-high
GSE274657,GSM8454235_Patient_8,GSE274657 | Patient_8,10274,5172,TLS-high
GSE274657,GSM8454235_Patient_8,GSE274657 | Patient_8,10141,5170,TLS-high
GSE274657,GSM8454235_Patient_8,GSE274657 | Patient_8,10008,5168,TLS-high
GSE274657,GSM8454235_Patient_8,GSE274657 | Patient_8,9875,5166,TLS-high
GSE274657,GSM8454235_Patient_8,GSE274657 | Patient_8,9742,5164,TLS-high
GSE274657,GSM8454235_Patient_8,GSE274657 | Patient_8,9609,5162,TLS-high
GSE274657,GSM8454235_Patient_8,GSE274657 | Patient_8,10209,5055,TLS-high
GSE274657,GSM8454235_Patient_8,GSE274657 | Patient_8,10076,5053,TLS-high
GSE274657,GSM8454235_Patient_8,GSE274657 | Patient_8,9943,5051,TLS-high
GSE274657,GSM8454235_Patient_8,GSE274657 | Patient_8,9810,5049,TLS-high
GSE274657,GSM8454235_Patient_8,GSE274657 | Patient_8,9677,5047,TLS-high
GSE274657,GSM8454235_Patient_8,GSE274657 | Patient_8,2762,4942,TLS-high
GSE274657,GSM8454235_Patient_8,GSE274657 | Patient_8,10277,4940,TLS-high
GSE274657,GSM8454235_Patient_8,GSE274657 | Patient_8,10144,4938,TLS-high
GSE274657,GSM8454235_Patient_8,GSE274657 | Patient_8,10011,4936,TLS-high
GSE274657,GSM8454235_Patient_8,GSE274657 | Patient_8,9878,4934,TLS-high
GSE274657,GSM8454235_Patient_8,GSE274657 | Patient_8,9745,4932,TLS-high
GSE274657,GSM8454235_Patient_8,GSE274657 | Patient_8,9612,4930,TLS-high
GSE274657,GSM8454235_Patient_8,GSE274657 | Patient_8,10212,4824,TLS-high
GSE274657,GSM8454235_Patient_8,GSE274657 | Patient_8,10079,4822,TLS-high
GSE274657,GSM8454235_Patient_8,GSE274657 | Patient_8,9946,4820,TLS-high
GSE274657,GSM8454235_Patient_8,GSE274657 | Patient_8,9680,4816,TLS-high
GSE274657,GSM8454235_Patient_8,GSE274657 | Patient_8,10015,4705,TLS-high
GSE274657,GSM8454235_Patient_8,GSE274657 | Patient_8,9950,4588,TLS-high
GSE274657,GSM8454235_Patient_8,GSE274657 | Patient_8,9684,4584,TLS-high
GSE274657,GSM8454235_Patient_8,GSE274657 | Patient_8,3567,4492,TLS-high
GSE274657,GSM8454235_Patient_8,GSE274657 | Patient_8,9752,4470,TLS-high
GSE274657,GSM8454235_Patient_8,GSE274657 | Patient_8,9619,4468,TLS-high
GSE274657,GSM8454235_Patient_8,GSE274657 | Patient_8,3901,4381,TLS-high
GSE274657,GSM8454235_Patient_8,GSE274657 | Patient_8,2040,4353,TLS-high
GSE274657,GSM8454235_Patient_8,GSE274657 | Patient_8,1907,4351,TLS-high
GSE274657,GSM8454235_Patient_8,GSE274657 | Patient_8,3704,4262,TLS-high
GSE274657,GSM8454235_Patient_8,GSE274657 | Patient_8,3571,4260,TLS-high
GSE274657,GSM8454235_Patient_8,GSE274657 | Patient_8,2906,4250,TLS-high
GSE274657,GSM8454235_Patient_8,GSE274657 | Patient_8,1975,4236,TLS-high
GSE274657,GSM8454235_Patient_8,GSE274657 | Patient_8,1842,4234,TLS-high
GSE274657,GSM8454235_Patient_8,GSE274657 | Patient_8,10288,4246,TLS-high
GSE274657,GSM8454235_Patient_8,GSE274657 | Patient_8,10155,4244,TLS-high
GSE274657,GSM8454235_Patient_8,GSE274657 | Patient_8,9756,4238,TLS-high
GSE274657,GSM8454235_Patient_8,GSE274657 | Patient_8,3107,4138,TLS-high
GSE274657,GSM8454235_Patient_8,GSE274657 | Patient_8,2176,4124,TLS-high
GSE274657,GSM8454235_Patient_8,GSE274657 | Patient_8,2043,4122,TLS-high
GSE274657,GSM8454235_Patient_8,GSE274657 | Patient_8,1910,4120,TLS-high
GSE274657,GSM8454235_Patient_8,GSE274657 | Patient_8,2643,4015,TLS-high
GSE274657,GSM8454235_Patient_8,GSE274657 | Patient_8,2112,4007,TLS-high
GSE274657,GSM8454235_Patient_8,GSE274657 | Patient_8,1979,4005,TLS-high
GSE274657,GSM8454235_Patient_8,GSE274657 | Patient_8,1846,4003,TLS-high
GSE274657,GSM8454235_Patient_8,GSE274657 | Patient_8,3111,3906,TLS-high
GSE274657,GSM8454235_Patient_8,GSE274657 | Patient_8,2712,3900,TLS-high
GSE274657,GSM8454235_Patient_8,GSE274657 | Patient_8,2579,3898,TLS-high
GSE274657,GSM8454235_Patient_8,GSE274657 | Patient_8,2047,3890,TLS-high
GSE274657,GSM8454235_Patient_8,GSE274657 | Patient_8,1914,3888,TLS-high
GSE274657,GSM8454235_Patient_8,GSE274657 | Patient_8,3844,3802,TLS-high
GSE274657,GSM8454235_Patient_8,GSE274657 | Patient_8,3046,3790,TLS-high
GSE274657,GSM8454235_Patient_8,GSE274657 | Patient_8,2913,3788,TLS-high
GSE274657,GSM8454235_Patient_8,GSE274657 | Patient_8,9896,3778,TLS-high
GSE274657,GSM8454235_Patient_8,GSE274657 | Patient_8,4178,3691,TLS-high
GSE274657,GSM8454235_Patient_8,GSE274657 | Patient_8,3779,3685,TLS-high
GSE274657,GSM8454235_Patient_8,GSE274657 | Patient_8,3513,3681,TLS-high
GSE274657,GSM8454235_Patient_8,GSE274657 | Patient_8,2316,3663,TLS-high
GSE274657,GSM8454235_Patient_8,GSE274657 | Patient_8,6906,3617,TLS-high
GSE274657,GSM8454235_Patient_8,GSE274657 | Patient_8,4246,3576,TLS-high
GSE274657,GSM8454235_Patient_8,GSE274657 | Patient_8,1986,3542,TLS-high
GSE274657,GSM8454235_Patient_8,GSE274657 | Patient_8,1853,3540,TLS-high
GSE274657,GSM8454235_Patient_8,GSE274657 | Patient_8,6974,3502,TLS-high
GSE274657,GSM8454235_Patient_8,GSE274657 | Patient_8,4447,3464,TLS-high
GSE274657,GSM8454235_Patient_8,GSE274657 | Patient_8,3384,3448,TLS-high
GSE274657,GSM8454235_Patient_8,GSE274657 | Patient_8,4649,3351,TLS-high
GSE274657,GSM8454235_Patient_8,GSE274657 | Patient_8,4383,3347,TLS-high
GSE274657,GSM8454235_Patient_8,GSE274657 | Patient_8,4250,3345,TLS-high
GSE274657,GSM8454235_Patient_8,GSE274657 | Patient_8,3851,3339,TLS-high
GSE274657,GSM8454235_Patient_8,GSE274657 | Patient_8,2388,3317,TLS-high
GSE274657,GSM8454235_Patient_8,GSE274657 | Patient_8,2255,3315,TLS-high
GSE274657,GSM8454235_Patient_8,GSE274657 | Patient_8,1856,3309,TLS-high
GSE274657,GSM8454235_Patient_8,GSE274657 | Patient_8,9504,3309,TLS-high
GSE274657,GSM8454235_Patient_8,GSE274657 | Patient_8,9238,3305,TLS-high
GSE274657,GSM8454235_Patient_8,GSE274657 | Patient_8,2057,3196,TLS-high
GSE274657,GSM8454235_Patient_8,GSE274657 | Patient_8,1924,3194,TLS-high
GSE274657,GSM8454235_Patient_8,GSE274657 | Patient_8,9572,3194,TLS-high
GSE274657,GSM8454235_Patient_8,GSE274657 | Patient_8,9173,3188,TLS-high
GSE274657,GSM8454235_Patient_8,GSE274657 | Patient_8,5051,3126,TLS-high
GSE274657,GSM8454235_Patient_8,GSE274657 | Patient_8,4652,3120,TLS-high
GSE274657,GSM8454235_Patient_8,GSE274657 | Patient_8,4519,3118,TLS-high
GSE274657,GSM8454235_Patient_8,GSE274657 | Patient_8,4253,3114,TLS-high
GSE274657,GSM8454235_Patient_8,GSE274657 | Patient_8,9773,3081,TLS-high
GSE274657,GSM8454235_Patient_8,GSE274657 | Patient_8,9640,3079,TLS-high
GSE274657,GSM8454235_Patient_8,GSE274657 | Patient_8,9374,3075,TLS-high
GSE274657,GSM8454235_Patient_8,GSE274657 | Patient_8,9241,3073,TLS-high
GSE274657,GSM8454235_Patient_8,GSE274657 | Patient_8,5119,3011,TLS-high
GSE274657,GSM8454235_Patient_8,GSE274657 | Patient_8,4720,3005,TLS-high
GSE274657,GSM8454235_Patient_8,GSE274657 | Patient_8,10107,2971,TLS-high
GSE274657,GSM8454235_Patient_8,GSE274657 | Patient_8,9575,2963,TLS-high
GSE274657,GSM8454235_Patient_8,GSE274657 | Patient_8,9442,2961,TLS-high
GSE274657,GSM8454235_Patient_8,GSE274657 | Patient_8,3991,2878,TLS-high
GSE274657,GSM8454235_Patient_8,GSE274657 | Patient_8,9777,2850,TLS-high
GSE274657,GSM8454235_Patient_8,GSE274657 | Patient_8,9511,2846,TLS-high
GSE274657,GSM8454235_Patient_8,GSE274657 | Patient_8,2064,2733,TLS-high
GSE274657,GSM8454235_Patient_8,GSE274657 | Patient_8,9978,2737,TLS-high
GSE274657,GSM8454235_Patient_8,GSE274657 | Patient_8,2334,2506,TLS-high
GSE274657,GSM8454235_Patient_8,GSE274657 | Patient_8,2068,2502,TLS-high
GSE274657,GSM8454235_Patient_8,GSE274657 | Patient_8,1935,2500,TLS-high
GSE274657,GSM8454235_Patient_8,GSE274657 | Patient_8,7857,2242,TLS-high
GSE274657,GSM8454235_Patient_8,GSE274657 | Patient_8,7724,2240,TLS-high
GSE274657,GSM8454235_Patient_8,GSE274657 | Patient_8,7591,2238,TLS-high
GSE274657,GSM8454235_Patient_8,GSE274657 | Patient_8,7458,2236,TLS-high
GSE274657,GSM8454235_Patient_8,GSE274657 | Patient_8,4267,2188,TLS-high
GSE274657,GSM8454235_Patient_8,GSE274657 | Patient_8,2671,2164,TLS-high
GSE274657,GSM8454235_Patient_8,GSE274657 | Patient_8,2538,2162,TLS-high
GSE274657,GSM8454235_Patient_8,GSE274657 | Patient_8,2406,2160,TLS-high
GSE274657,GSM8454235_Patient_8,GSE274657 | Patient_8,9654,2154,TLS-high
GSE274657,GSM8454235_Patient_8,GSE274657 | Patient_8,7926,2128,TLS-high
GSE274657,GSM8454235_Patient_8,GSE274657 | Patient_8,7793,2126,TLS-high
GSE274657,GSM8454235_Patient_8,GSE274657 | Patient_8,7660,2124,TLS-high
GSE274657,GSM8454235_Patient_8,GSE274657 | Patient_8,7527,2122,TLS-high
GSE274657,GSM8454235_Patient_8,GSE274657 | Patient_8,4202,2071,TLS-high
GSE274657,GSM8454235_Patient_8,GSE274657 | Patient_8,4069,2069,TLS-high
GSE274657,GSM8454235_Patient_8,GSE274657 | Patient_8,2740,2049,TLS-high
GSE274657,GSM8454235_Patient_8,GSE274657 | Patient_8,2607,2047,TLS-high
GSE274657,GSM8454235_Patient_8,GSE274657 | Patient_8,2474,2045,TLS-high
GSE274657,GSM8454235_Patient_8,GSE274657 | Patient_8,7595,2007,TLS-high
GSE274657,GSM8454235_Patient_8,GSE274657 | Patient_8,3739,1949,TLS-high
GSE274657,GSM8454235_Patient_8,GSE274657 | Patient_8,2941,1937,TLS-high
GSE274657,GSM8454235_Patient_8,GSE274657 | Patient_8,2808,1935,TLS-high
GSE274657,GSM8454235_Patient_8,GSE274657 | Patient_8,2675,1933,TLS-high
GSE274657,GSM8454235_Patient_8,GSE274657 | Patient_8,2542,1931,TLS-high
GSE274657,GSM8454235_Patient_8,GSE274657 | Patient_8,2409,1929,TLS-high
GSE274657,GSM8454235_Patient_8,GSE274657 | Patient_8,8328,1902,TLS-high
GSE274657,GSM8454235_Patient_8,GSE274657 | Patient_8,3807,1834,TLS-high
GSE274657,GSM8454235_Patient_8,GSE274657 | Patient_8,3541,1830,TLS-high
GSE274657,GSM8454235_Patient_8,GSE274657 | Patient_8,3142,1824,TLS-high
GSE274657,GSM8454235_Patient_8,GSE274657 | Patient_8,3009,1822,TLS-high
GSE274657,GSM8454235_Patient_8,GSE274657 | Patient_8,2876,1820,TLS-high
GSE274657,GSM8454235_Patient_8,GSE274657 | Patient_8,2743,1818,TLS-high
GSE274657,GSM8454235_Patient_8,GSE274657 | Patient_8,2610,1816,TLS-high
GSE274657,GSM8454235_Patient_8,GSE274657 | Patient_8,2477,1814,TLS-high
GSE274657,GSM8454235_Patient_8,GSE274657 | Patient_8,8396,1788,TLS-high
GSE274657,GSM8454235_Patient_8,GSE274657 | Patient_8,8263,1786,TLS-high
GSE274657,GSM8454235_Patient_8,GSE274657 | Patient_8,3742,1717,TLS-high
GSE274657,GSM8454235_Patient_8,GSE274657 | Patient_8,3210,1709,TLS-high
GSE274657,GSM8454235_Patient_8,GSE274657 | Patient_8,3077,1707,TLS-high
GSE274657,GSM8454235_Patient_8,GSE274657 | Patient_8,2944,1705,TLS-high
GSE274657,GSM8454235_Patient_8,GSE274657 | Patient_8,2811,1703,TLS-high
GSE274657,GSM8454235_Patient_8,GSE274657 | Patient_8,2678,1701,TLS-high
GSE274657,GSM8454235_Patient_8,GSE274657 | Patient_8,2413,1697,TLS-high
GSE274657,GSM8454235_Patient_8,GSE274657 | Patient_8,1881,1689,TLS-high
GSE274657,GSM8454235_Patient_8,GSE274657 | Patient_8,8464,1673,TLS-high
GSE274657,GSM8454235_Patient_8,GSE274657 | Patient_8,8331,1671,TLS-high
GSE274657,GSM8454235_Patient_8,GSE274657 | Patient_8,3013,1591,TLS-high
GSE274657,GSM8454235_Patient_8,GSE274657 | Patient_8,2880,1589,TLS-high
GSE274657,GSM8454235_Patient_8,GSE274657 | Patient_8,2747,1587,TLS-high
GSE274657,GSM8454235_Patient_8,GSE274657 | Patient_8,8666,1560,TLS-high
GSE274657,GSM8454235_Patient_8,GSE274657 | Patient_8,3214,1478,TLS-high
GSE274657,GSM8454235_Patient_8,GSE274657 | Patient_8,3081,1476,TLS-high
GSE274657,GSM8454235_Patient_8,GSE274657 | Patient_8,2549,1468,TLS-high
GSE274657,GSM8454235_Patient_8,GSE274657 | Patient_8,2150,1462,TLS-high
GSE274657,GSM8454235_Patient_8,GSE274657 | Patient_8,3149,1361,TLS-high
GSE274657,GSM8454235_Patient_8,GSE274657 | Patient_8,9733,1345,TLS-high
GSE274657,GSM8454235_Patient_8,GSE274657 | Patient_8,9467,1341,TLS-high
GSE274657,GSM8454235_Patient_8,GSE274657 | Patient_8,9201,1337,TLS-high
GSE274657,GSM8454235_Patient_8,GSE274657 | Patient_8,8536,1327,TLS-high
GSE274657,GSM8454235_Patient_8,GSE274657 | Patient_8,8270,1323,TLS-high
GSE274657,GSM8454235_Patient_8,GSE274657 | Patient_8,7738,1315,TLS-high
GSE274657,GSM8454235_Patient_8,GSE274657 | Patient_8,7472,1311,TLS-high
GSE274657,GSM8454235_Patient_8,GSE274657 | Patient_8,9136,1220,TLS-high
GSE274657,GSM8454235_Patient_8,GSE274657 | Patient_8,8471,1210,TLS-high
GSE274657,GSM8454235_Patient_8,GSE274657 | Patient_8,8338,1208,TLS-high
GSE274657,GSM8454235_Patient_8,GSE274657 | Patient_8,3153,1130,TLS-high
GSE274657,GSM8454235_Patient_8,GSE274657 | Patient_8,10268,1122,TLS-high
GSE274657,GSM8454235_Patient_8,GSE274657 | Patient_8,9205,1106,TLS-high
GSE274657,GSM8454235_Patient_8,GSE274657 | Patient_8,7077,1074,TLS-high
GSE274657,GSM8454235_Patient_8,GSE274657 | Patient_8,10337,1007,TLS-high
GSE274657,GSM8454235_Patient_8,GSE274657 | Patient_8,7943,971,TLS-high
GSE274657,GSM8454235_Patient_8,GSE274657 | Patient_8,7012,957,TLS-high
GSE274657,GSM8454235_Patient_8,GSE274657 | Patient_8,6879,955,TLS-high
GSE274657,GSM8454235_Patient_8,GSE274657 | Patient_8,10340,776,TLS-high
GSE274657,GSM8454235_Patient_8,GSE274657 | Patient_8,10207,774,TLS-high
GSE274657,GSM8454235_Patient_8,GSE274657 | Patient_8,8744,752,TLS-high
GSE274657,GSM8454235_Patient_8,GSE274657 | Patient_8,10275,659,TLS-high
GSE274657,GSM8454235_Patient_8,GSE274657 | Patient_8,10142,657,TLS-high
GSE274657,GSM8454235_Patient_8,GSE274657 | Patient_8,9079,641,TLS-high
GSE274657,GSM8454235_Patient_8,GSE274657 | Patient_8,10344,544,TLS-high
GSE274657,GSM8454235_Patient_8,GSE274657 | Patient_8,9945,538,TLS-high
GSE274657,GSM8454235_Patient_8,GSE274657 | Patient_8,9413,530,TLS-high
GSE274657,GSM8454235_Patient_8,GSE274657 | Patient_8,10279,428,TLS-high
GSE288483,GSM8768679_Pt1-1,GSE288483 | Pt1-1,6947,2591,TLS-high
GSE288483,GSM8768679_Pt1-1,GSE288483 | Pt1-1,6881,2935,TLS-high
GSE288483,GSM8768679_Pt1-1,GSE288483 | Pt1-1,6947,2820,TLS-high
GSE288483,GSM8768679_Pt1-1,GSE288483 | Pt1-1,7012,2935,TLS-high
GSE288483,GSM8768679_Pt1-1,GSE288483 | Pt1-1,7078,2821,TLS-high
GSE288483,GSM8768679_Pt1-1,GSE288483 | Pt1-1,7144,2936,TLS-high
GSE288483,GSM8768679_Pt1-1,GSE288483 | Pt1-1,5958,3162,TLS-high
GSE288483,GSM8768679_Pt1-1,GSE288483 | Pt1-1,6551,3049,TLS-high
GSE288483,GSM8768679_Pt1-1,GSE288483 | Pt1-1,6617,3163,TLS-high
GSE288483,GSM8768679_Pt1-1,GSE288483 | Pt1-1,6683,3049,TLS-high
GSE288483,GSM8768679_Pt1-1,GSE288483 | Pt1-1,6814,3049,TLS-high
GSE288483,GSM8768679_Pt1-1,GSE288483 | Pt1-1,6946,3050,TLS-high
GSE288483,GSM8768679_Pt1-1,GSE288483 | Pt1-1,7012,3164,TLS-high
GSE288483,GSM8768679_Pt1-1,GSE288483 | Pt1-1,7078,3050,TLS-high
GSE288483,GSM8768679_Pt1-1,GSE288483 | Pt1-1,7143,3165,TLS-high
GSE288483,GSM8768679_Pt1-1,GSE288483 | Pt1-1,7210,3050,TLS-high
GSE288483,GSM8768679_Pt1-1,GSE288483 | Pt1-1,2928,3383,TLS-high
GSE288483,GSM8768679_Pt1-1,GSE288483 | Pt1-1,3455,3384,TLS-high
GSE288483,GSM8768679_Pt1-1,GSE288483 | Pt1-1,3521,3270,TLS-high
GSE288483,GSM8768679_Pt1-1,GSE288483 | Pt1-1,3652,3270,TLS-high
GSE288483,GSM8768679_Pt1-1,GSE288483 | Pt1-1,3850,3385,TLS-high
GSE288483,GSM8768679_Pt1-1,GSE288483 | Pt1-1,5892,3276,TLS-high
GSE288483,GSM8768679_Pt1-1,GSE288483 | Pt1-1,5957,3391,TLS-high
GSE288483,GSM8768679_Pt1-1,GSE288483 | Pt1-1,6023,3276,TLS-high
GSE288483,GSM8768679_Pt1-1,GSE288483 | Pt1-1,6616,3393,TLS-high
GSE288483,GSM8768679_Pt1-1,GSE288483 | Pt1-1,7209,3280,TLS-high
GSE288483,GSM8768679_Pt1-1,GSE288483 | Pt1-1,3322,3613,TLS-high
GSE288483,GSM8768679_Pt1-1,GSE288483 | Pt1-1,3388,3498,TLS-high
GSE288483,GSM8768679_Pt1-1,GSE288483 | Pt1-1,3520,3499,TLS-high
GSE288483,GSM8768679_Pt1-1,GSE288483 | Pt1-1,3717,3614,TLS-high
GSE288483,GSM8768679_Pt1-1,GSE288483 | Pt1-1,3784,3499,TLS-high
GSE288483,GSM8768679_Pt1-1,GSE288483 | Pt1-1,3915,3500,TLS-high
GSE288483,GSM8768679_Pt1-1,GSE288483 | Pt1-1,6286,3506,TLS-high
GSE288483,GSM8768679_Pt1-1,GSE288483 | Pt1-1,7010,3623,TLS-high
GSE288483,GSM8768679_Pt1-1,GSE288483 | Pt1-1,3585,3843,TLS-high
GSE288483,GSM8768679_Pt1-1,GSE288483 | Pt1-1,6483,3851,TLS-high
GSE288483,GSM8768679_Pt1-1,GSE288483 | Pt1-1,3980,4073,TLS-high
GSE288483,GSM8768679_Pt1-1,GSE288483 | Pt1-1,6087,4079,TLS-high
GSE288483,GSM8768679_Pt1-1,GSE288483 | Pt1-1,6219,4079,TLS-high
GSE288483,GSM8768679_Pt1-1,GSE288483 | Pt1-1,2662,4299,TLS-high
GSE288483,GSM8768679_Pt1-1,GSE288483 | Pt1-1,3189,4300,TLS-high
GSE288483,GSM8768679_Pt1-1,GSE288483 | Pt1-1,3255,4186,TLS-high
GSE288483,GSM8768679_Pt1-1,GSE288483 | Pt1-1,3320,4300,TLS-high
GSE288483,GSM8768679_Pt1-1,GSE288483 | Pt1-1,5823,4307,TLS-high
GSE288483,GSM8768679_Pt1-1,GSE288483 | Pt1-1,6087,4308,TLS-high
GSE288483,GSM8768679_Pt1-1,GSE288483 | Pt1-1,6153,4193,TLS-high
GSE288483,GSM8768679_Pt1-1,GSE288483 | Pt1-1,6416,4194,TLS-high
GSE288483,GSM8768679_Pt1-1,GSE288483 | Pt1-1,2727,4413,TLS-high
GSE288483,GSM8768679_Pt1-1,GSE288483 | Pt1-1,3056,4529,TLS-high
GSE288483,GSM8768679_Pt1-1,GSE288483 | Pt1-1,3122,4415,TLS-high
GSE288483,GSM8768679_Pt1-1,GSE288483 | Pt1-1,3188,4529,TLS-high
GSE288483,GSM8768679_Pt1-1,GSE288483 | Pt1-1,3254,4415,TLS-high
GSE288483,GSM8768679_Pt1-1,GSE288483 | Pt1-1,3451,4530,TLS-high
GSE288483,GSM8768679_Pt1-1,GSE288483 | Pt1-1,3518,4416,TLS-high
GSE288483,GSM8768679_Pt1-1,GSE288483 | Pt1-1,5822,4536,TLS-high
GSE288483,GSM8768679_Pt1-1,GSE288483 | Pt1-1,5889,4422,TLS-high
GSE288483,GSM8768679_Pt1-1,GSE288483 | Pt1-1,6152,4423,TLS-high
GSE288483,GSM8768679_Pt1-1,GSE288483 | Pt1-1,2858,4643,TLS-high
GSE288483,GSM8768679_Pt1-1,GSE288483 | Pt1-1,3187,4758,TLS-high
GSE288483,GSM8768679_Pt1-1,GSE288483 | Pt1-1,3254,4644,TLS-high
GSE288483,GSM8768679_Pt1-1,GSE288483 | Pt1-1,3319,4759,TLS-high
GSE288483,GSM8768679_Pt1-1,GSE288483 | Pt1-1,3385,4644,TLS-high
GSE288483,GSM8768679_Pt1-1,GSE288483 | Pt1-1,3517,4645,TLS-high
GSE288483,GSM8768679_Pt1-1,GSE288483 | Pt1-1,4571,4648,TLS-high
GSE288483,GSM8768679_Pt1-1,GSE288483 | Pt1-1,2792,4987,TLS-high
GSE288483,GSM8768679_Pt1-1,GSE288483 | Pt1-1,2858,4872,TLS-high
GSE288483,GSM8768679_Pt1-1,GSE288483 | Pt1-1,3516,4874,TLS-high
GSE288483,GSM8768679_Pt1-1,GSE288483 | Pt1-1,3648,4874,TLS-high
GSE288483,GSM8768679_Pt1-1,GSE288483 | Pt1-1,4636,4992,TLS-high
GSE288483,GSM8768679_Pt1-1,GSE288483 | Pt1-1,7534,4999,TLS-high
GSE288483,GSM8768679_Pt1-1,GSE288483 | Pt1-1,3121,5102,TLS-high
GSE288483,GSM8768679_Pt1-1,GSE288483 | Pt1-1,3186,5217,TLS-high
GSE288483,GSM8768679_Pt1-1,GSE288483 | Pt1-1,3318,5217,TLS-high
GSE288483,GSM8768679_Pt1-1,GSE288483 | Pt1-1,4240,5220,TLS-high
GSE288483,GSM8768679_Pt1-1,GSE288483 | Pt1-1,4372,5220,TLS-high
GSE288483,GSM8768679_Pt1-1,GSE288483 | Pt1-1,5162,5222,TLS-high
GSE288483,GSM8768679_Pt1-1,GSE288483 | Pt1-1,7467,5114,TLS-high
GSE288483,GSM8768679_Pt1-1,GSE288483 | Pt1-1,3383,5332,TLS-high
GSE288483,GSM8768679_Pt1-1,GSE288483 | Pt1-1,4832,5336,TLS-high
GSE288483,GSM8768679_Pt1-1,GSE288483 | Pt1-1,5030,5451,TLS-high
GSE288483,GSM8768679_Pt1-1,GSE288483 | Pt1-1,5359,5337,TLS-high
GSE288483,GSM8768679_Pt1-1,GSE288483 | Pt1-1,5491,5338,TLS-high
GSE288483,GSM8768679_Pt1-1,GSE288483 | Pt1-1,2988,5560,TLS-high
GSE288483,GSM8768679_Pt1-1,GSE288483 | Pt1-1,3317,5676,TLS-high
GSE288483,GSM8768679_Pt1-1,GSE288483 | Pt1-1,5161,5681,TLS-high
GSE288483,GSM8768679_Pt1-1,GSE288483 | Pt1-1,5424,5681,TLS-high
GSE288483,GSM8768679_Pt1-1,GSE288483 | Pt1-1,3250,5790,TLS-high
GSE288483,GSM8768679_Pt1-1,GSE288483 | Pt1-1,3316,5905,TLS-high
GSE288483,GSM8768679_Pt1-1,GSE288483 | Pt1-1,5226,5795,TLS-high
GSE288483,GSM8768679_Pt1-1,GSE288483 | Pt1-1,3250,6019,TLS-high
GSE288483,GSM8768679_Pt1-1,GSE288483 | Pt1-1,4501,6137,TLS-high
GSE288483,GSM8768679_Pt1-1,GSE288483 | Pt1-1,5686,6140,TLS-high
GSE288483,GSM8768679_Pt1-1,GSE288483 | Pt1-1,4698,6252,TLS-high
GSE288483,GSM8768679_Pt1-1,GSE288483 | Pt1-1,5620,6255,TLS-high
GSE288483,GSM8768679_Pt1-1,GSE288483 | Pt1-1,5884,6256,TLS-high
GSE288483,GSM8768679_Pt1-1,GSE288483 | Pt1-1,6213,6371,TLS-high
GSE288483,GSM8768679_Pt1-1,GSE288483 | Pt1-1,3249,6478,TLS-high
GSE288483,GSM8768679_Pt1-1,GSE288483 | Pt1-1,4631,6596,TLS-high
GSE288483,GSM8768679_Pt1-1,GSE288483 | Pt1-1,5158,6597,TLS-high
GSE288483,GSM8768679_Pt1-1,GSE288483 | Pt1-1,5290,6598,TLS-high
GSE288483,GSM8768679_Pt1-1,GSE288483 | Pt1-1,4038,6709,TLS-high
GSE288483,GSM8768679_Pt1-1,GSE288483 | Pt1-1,4104,6824,TLS-high
GSE288483,GSM8768679_Pt1-1,GSE288483 | Pt1-1,4960,6712,TLS-high
GSE288483,GSM8768679_Pt1-1,GSE288483 | Pt1-1,5092,6712,TLS-high
GSE288483,GSM8768679_Pt1-1,GSE288483 | Pt1-1,5224,6712,TLS-high
GSE288483,GSM8768679_Pt1-1,GSE288483 | Pt1-1,5356,6713,TLS-high
GSE288483,GSM8768679_Pt1-1,GSE288483 | Pt1-1,5421,6827,TLS-high
GSE288483,GSM8768679_Pt1-1,GSE288483 | Pt1-1,7002,6832,TLS-high
GSE288483,GSM8768679_Pt1-1,GSE288483 | Pt1-1,4103,7053,TLS-high
GSE288483,GSM8768679_Pt1-1,GSE288483 | Pt1-1,4565,6940,TLS-high
GSE288483,GSM8768679_Pt1-1,GSE288483 | Pt1-1,4696,6940,TLS-high
GSE288483,GSM8768679_Pt1-1,GSE288483 | Pt1-1,4828,6940,TLS-high
GSE288483,GSM8768679_Pt1-1,GSE288483 | Pt1-1,4894,7055,TLS-high
GSE288483,GSM8768679_Pt1-1,GSE288483 | Pt1-1,4960,6941,TLS-high
GSE288483,GSM8768679_Pt1-1,GSE288483 | Pt1-1,5025,7055,TLS-high
GSE288483,GSM8768679_Pt1-1,GSE288483 | Pt1-1,7067,6946,TLS-high
GSE288483,GSM8768679_Pt1-1,GSE288483 | Pt1-1,7133,7061,TLS-high
GSE288483,GSM8768679_Pt1-1,GSE288483 | Pt1-1,7396,7062,TLS-high
GSE288483,GSM8768679_Pt1-1,GSE288483 | Pt1-1,3971,7282,TLS-high
GSE288483,GSM8768679_Pt1-1,GSE288483 | Pt1-1,4037,7167,TLS-high
GSE288483,GSM8768679_Pt1-1,GSE288483 | Pt1-1,4103,7282,TLS-high
GSE288483,GSM8768679_Pt1-1,GSE288483 | Pt1-1,4893,7284,TLS-high
GSE288483,GSM8768679_Pt1-1,GSE288483 | Pt1-1,5156,7285,TLS-high
GSE288483,GSM8768679_Pt1-1,GSE288483 | Pt1-1,5552,7286,TLS-high
GSE288483,GSM8768679_Pt1-1,GSE288483 | Pt1-1,7198,7176,TLS-high
GSE288483,GSM8768679_Pt1-1,GSE288483 | Pt1-1,4036,7397,TLS-high
GSE288483,GSM8768679_Pt1-1,GSE288483 | Pt1-1,4497,7512,TLS-high
GSE288483,GSM8768679_Pt1-1,GSE288483 | Pt1-1,4695,7398,TLS-high
GSE288483,GSM8768679_Pt1-1,GSE288483 | Pt1-1,4827,7399,TLS-high
GSE288483,GSM8768679_Pt1-1,GSE288483 | Pt1-1,4959,7399,TLS-high
GSE288483,GSM8768679_Pt1-1,GSE288483 | Pt1-1,5288,7515,TLS-high
GSE288483,GSM8768679_Pt1-1,GSE288483 | Pt1-1,5617,7401,TLS-high
GSE288483,GSM8768679_Pt1-1,GSE288483 | Pt1-1,5683,7516,TLS-high
GSE288483,GSM8768679_Pt1-1,GSE288483 | Pt1-1,6078,7517,TLS-high
GSE288483,GSM8768679_Pt1-1,GSE288483 | Pt1-1,4233,7741,TLS-high
GSE288483,GSM8768679_Pt1-1,GSE288483 | Pt1-1,4365,7741,TLS-high
GSE288483,GSM8768679_Pt1-1,GSE288483 | Pt1-1,4431,7627,TLS-high
GSE288483,GSM8768679_Pt1-1,GSE288483 | Pt1-1,4563,7627,TLS-high
GSE288483,GSM8768679_Pt1-1,GSE288483 | Pt1-1,5748,7630,TLS-high
GSE288483,GSM8768679_Pt1-1,GSE288483 | Pt1-1,5880,7631,TLS-high
GSE288483,GSM8768679_Pt1-1,GSE288483 | Pt1-1,6077,7746,TLS-high
GSE288483,GSM8768679_Pt1-1,GSE288483 | Pt1-1,6143,7632,TLS-high
GSE288483,GSM8768679_Pt1-1,GSE288483 | Pt1-1,6341,7747,TLS-high
GSE288483,GSM8768679_Pt1-1,GSE288483 | Pt1-1,3706,7969,TLS-high
GSE288483,GSM8768679_Pt1-1,GSE288483 | Pt1-1,4167,7855,TLS-high
GSE288483,GSM8768679_Pt1-1,GSE288483 | Pt1-1,4233,7970,TLS-high
GSE288483,GSM8768679_Pt1-1,GSE288483 | Pt1-1,4299,7856,TLS-high
GSE288483,GSM8768679_Pt1-1,GSE288483 | Pt1-1,4364,7971,TLS-high
GSE288483,GSM8768679_Pt1-1,GSE288483 | Pt1-1,4628,7971,TLS-high
GSE288483,GSM8768679_Pt1-1,GSE288483 | Pt1-1,4826,7857,TLS-high
GSE288483,GSM8768679_Pt1-1,GSE288483 | Pt1-1,6077,7975,TLS-high
GSE288483,GSM8768679_Pt1-1,GSE288483 | Pt1-1,6143,7861,TLS-high
GSE288483,GSM8768679_Pt1-1,GSE288483 | Pt1-1,3771,8084,TLS-high
GSE288483,GSM8768679_Pt1-1,GSE288483 | Pt1-1,3837,8198,TLS-high
10x_human_ovarian_cancer_ffpe_visium,10x_human_ovarian_cancer_ffpe_visium,10x Visium | 10x Visium,5698,2051,mregDC-high
10x_human_ovarian_cancer_ffpe_visium,10x_human_ovarian_cancer_ffpe_visium,10x Visium | 10x Visium,5987,2052,mregDC-high
10x_human_ovarian_cancer_ffpe_visium,10x_human_ovarian_cancer_ffpe_visium,10x Visium | 10x Visium,6059,2178,mregDC-high
10x_human_ovarian_cancer_ffpe_visium,10x_human_ovarian_cancer_ffpe_visium,10x Visium | 10x Visium,5192,2427,mregDC-high
10x_human_ovarian_cancer_ffpe_visium,10x_human_ovarian_cancer_ffpe_visium,10x Visium | 10x Visium,5554,2302,mregDC-high
10x_human_ovarian_cancer_ffpe_visium,10x_human_ovarian_cancer_ffpe_visium,10x Visium | 10x Visium,5626,2428,mregDC-high
10x_human_ovarian_cancer_ffpe_visium,10x_human_ovarian_cancer_ffpe_visium,10x Visium | 10x Visium,5987,2303,mregDC-high
10x_human_ovarian_cancer_ffpe_visium,10x_human_ovarian_cancer_ffpe_visium,10x Visium | 10x Visium,6059,2429,mregDC-high
10x_human_ovarian_cancer_ffpe_visium,10x_human_ovarian_cancer_ffpe_visium,10x Visium | 10x Visium,6131,2303,mregDC-high
10x_human_ovarian_cancer_ffpe_visium,10x_human_ovarian_cancer_ffpe_visium,10x Visium | 10x Visium,6203,2429,mregDC-high
10x_human_ovarian_cancer_ffpe_visium,10x_human_ovarian_cancer_ffpe_visium,10x Visium | 10x Visium,6276,2304,mregDC-high
10x_human_ovarian_cancer_ffpe_visium,10x_human_ovarian_cancer_ffpe_visium,10x Visium | 10x Visium,6781,2430,mregDC-high
10x_human_ovarian_cancer_ffpe_visium,10x_human_ovarian_cancer_ffpe_visium,10x Visium | 10x Visium,6925,2430,mregDC-high
10x_human_ovarian_cancer_ffpe_visium,10x_human_ovarian_cancer_ffpe_visium,10x Visium | 10x Visium,4903,2678,mregDC-high
10x_human_ovarian_cancer_ffpe_visium,10x_human_ovarian_cancer_ffpe_visium,10x Visium | 10x Visium,5048,2678,mregDC-high
10x_human_ovarian_cancer_ffpe_visium,10x_human_ovarian_cancer_ffpe_visium,10x Visium | 10x Visium,5481,2679,mregDC-high
10x_human_ovarian_cancer_ffpe_visium,10x_human_ovarian_cancer_ffpe_visium,10x Visium | 10x Visium,5625,2679,mregDC-high
10x_human_ovarian_cancer_ffpe_visium,10x_human_ovarian_cancer_ffpe_visium,10x Visium | 10x Visium,5698,2554,mregDC-high
10x_human_ovarian_cancer_ffpe_visium,10x_human_ovarian_cancer_ffpe_visium,10x Visium | 10x Visium,5842,2554,mregDC-high
10x_human_ovarian_cancer_ffpe_visium,10x_human_ovarian_cancer_ffpe_visium,10x Visium | 10x Visium,6203,2680,mregDC-high
10x_human_ovarian_cancer_ffpe_visium,10x_human_ovarian_cancer_ffpe_visium,10x Visium | 10x Visium,6708,2555,mregDC-high
10x_human_ovarian_cancer_ffpe_visium,10x_human_ovarian_cancer_ffpe_visium,10x Visium | 10x Visium,6925,2681,mregDC-high
10x_human_ovarian_cancer_ffpe_visium,10x_human_ovarian_cancer_ffpe_visium,10x Visium | 10x Visium,7647,2683,mregDC-high
10x_human_ovarian_cancer_ffpe_visium,10x_human_ovarian_cancer_ffpe_visium,10x Visium | 10x Visium,3604,2927,mregDC-high
10x_human_ovarian_cancer_ffpe_visium,10x_human_ovarian_cancer_ffpe_visium,10x Visium | 10x Visium,4831,2804,mregDC-high
10x_human_ovarian_cancer_ffpe_visium,10x_human_ovarian_cancer_ffpe_visium,10x Visium | 10x Visium,4975,2804,mregDC-high
10x_human_ovarian_cancer_ffpe_visium,10x_human_ovarian_cancer_ffpe_visium,10x Visium | 10x Visium,5264,2804,mregDC-high
10x_human_ovarian_cancer_ffpe_visium,10x_human_ovarian_cancer_ffpe_visium,10x Visium | 10x Visium,5336,2930,mregDC-high
10x_human_ovarian_cancer_ffpe_visium,10x_human_ovarian_cancer_ffpe_visium,10x Visium | 10x Visium,5697,2805,mregDC-high
10x_human_ovarian_cancer_ffpe_visium,10x_human_ovarian_cancer_ffpe_visium,10x Visium | 10x Visium,5842,2805,mregDC-high
10x_human_ovarian_cancer_ffpe_visium,10x_human_ovarian_cancer_ffpe_visium,10x Visium | 10x Visium,6058,2931,mregDC-high
10x_human_ovarian_cancer_ffpe_visium,10x_human_ovarian_cancer_ffpe_visium,10x Visium | 10x Visium,7502,2934,mregDC-high
10x_human_ovarian_cancer_ffpe_visium,10x_human_ovarian_cancer_ffpe_visium,10x Visium | 10x Visium,7574,2808,mregDC-high
10x_human_ovarian_cancer_ffpe_visium,10x_human_ovarian_cancer_ffpe_visium,10x Visium | 10x Visium,3459,3178,mregDC-high
10x_human_ovarian_cancer_ffpe_visium,10x_human_ovarian_cancer_ffpe_visium,10x Visium | 10x Visium,4109,3054,mregDC-high
10x_human_ovarian_cancer_ffpe_visium,10x_human_ovarian_cancer_ffpe_visium,10x Visium | 10x Visium,4397,3054,mregDC-high
10x_human_ovarian_cancer_ffpe_visium,10x_human_ovarian_cancer_ffpe_visium,10x Visium | 10x Visium,4542,3054,mregDC-high
10x_human_ovarian_cancer_ffpe_visium,10x_human_ovarian_cancer_ffpe_visium,10x Visium | 10x Visium,4614,3180,mregDC-high
10x_human_ovarian_cancer_ffpe_visium,10x_human_ovarian_cancer_ffpe_visium,10x Visium | 10x Visium,4686,3055,mregDC-high
10x_human_ovarian_cancer_ffpe_visium,10x_human_ovarian_cancer_ffpe_visium,10x Visium | 10x Visium,4831,3055,mregDC-high
10x_human_ovarian_cancer_ffpe_visium,10x_human_ovarian_cancer_ffpe_visium,10x Visium | 10x Visium,4903,3181,mregDC-high
10x_human_ovarian_cancer_ffpe_visium,10x_human_ovarian_cancer_ffpe_visium,10x Visium | 10x Visium,5336,3181,mregDC-high
10x_human_ovarian_cancer_ffpe_visium,10x_human_ovarian_cancer_ffpe_visium,10x Visium | 10x Visium,5408,3056,mregDC-high
10x_human_ovarian_cancer_ffpe_visium,10x_human_ovarian_cancer_ffpe_visium,10x Visium | 10x Visium,5552,3056,mregDC-high
10x_human_ovarian_cancer_ffpe_visium,10x_human_ovarian_cancer_ffpe_visium,10x Visium | 10x Visium,6130,3057,mregDC-high
10x_human_ovarian_cancer_ffpe_visium,10x_human_ovarian_cancer_ffpe_visium,10x Visium | 10x Visium,3458,3430,mregDC-high
10x_human_ovarian_cancer_ffpe_visium,10x_human_ovarian_cancer_ffpe_visium,10x Visium | 10x Visium,4253,3305,mregDC-high
10x_human_ovarian_cancer_ffpe_visium,10x_human_ovarian_cancer_ffpe_visium,10x Visium | 10x Visium,4686,3306,mregDC-high
10x_human_ovarian_cancer_ffpe_visium,10x_human_ovarian_cancer_ffpe_visium,10x Visium | 10x Visium,4758,3432,mregDC-high
10x_human_ovarian_cancer_ffpe_visium,10x_human_ovarian_cancer_ffpe_visium,10x Visium | 10x Visium,4975,3306,mregDC-high
10x_human_ovarian_cancer_ffpe_visium,10x_human_ovarian_cancer_ffpe_visium,10x Visium | 10x Visium,5119,3307,mregDC-high
10x_human_ovarian_cancer_ffpe_visium,10x_human_ovarian_cancer_ffpe_visium,10x Visium | 10x Visium,5263,3307,mregDC-high
10x_human_ovarian_cancer_ffpe_visium,10x_human_ovarian_cancer_ffpe_visium,10x Visium | 10x Visium,5408,3307,mregDC-high
10x_human_ovarian_cancer_ffpe_visium,10x_human_ovarian_cancer_ffpe_visium,10x Visium | 10x Visium,5624,3433,mregDC-high
10x_human_ovarian_cancer_ffpe_visium,10x_human_ovarian_cancer_ffpe_visium,10x Visium | 10x Visium,6130,3308,mregDC-high
10x_human_ovarian_cancer_ffpe_visium,10x_human_ovarian_cancer_ffpe_visium,10x Visium | 10x Visium,6418,3309,mregDC-high
10x_human_ovarian_cancer_ffpe_visium,10x_human_ovarian_cancer_ffpe_visium,10x Visium | 10x Visium,9378,3439,mregDC-high
10x_human_ovarian_cancer_ffpe_visium,10x_human_ovarian_cancer_ffpe_visium,10x Visium | 10x Visium,2880,3680,mregDC-high
10x_human_ovarian_cancer_ffpe_visium,10x_human_ovarian_cancer_ffpe_visium,10x Visium | 10x Visium,3025,3680,mregDC-high
10x_human_ovarian_cancer_ffpe_visium,10x_human_ovarian_cancer_ffpe_visium,10x Visium | 10x Visium,3242,3555,mregDC-high
10x_human_ovarian_cancer_ffpe_visium,10x_human_ovarian_cancer_ffpe_visium,10x Visium | 10x Visium,3458,3681,mregDC-high
10x_human_ovarian_cancer_ffpe_visium,10x_human_ovarian_cancer_ffpe_visium,10x Visium | 10x Visium,4974,3558,mregDC-high
10x_human_ovarian_cancer_ffpe_visium,10x_human_ovarian_cancer_ffpe_visium,10x Visium | 10x Visium,5046,3683,mregDC-high
10x_human_ovarian_cancer_ffpe_visium,10x_human_ovarian_cancer_ffpe_visium,10x Visium | 10x Visium,5263,3558,mregDC-high
10x_human_ovarian_cancer_ffpe_visium,10x_human_ovarian_cancer_ffpe_visium,10x Visium | 10x Visium,5335,3684,mregDC-high
10x_human_ovarian_cancer_ffpe_visium,10x_human_ovarian_cancer_ffpe_visium,10x Visium | 10x Visium,6129,3559,mregDC-high
10x_human_ovarian_cancer_ffpe_visium,10x_human_ovarian_cancer_ffpe_visium,10x Visium | 10x Visium,7934,3688,mregDC-high
10x_human_ovarian_cancer_ffpe_visium,10x_human_ovarian_cancer_ffpe_visium,10x Visium | 10x Visium,8078,3688,mregDC-high
10x_human_ovarian_cancer_ffpe_visium,10x_human_ovarian_cancer_ffpe_visium,10x Visium | 10x Visium,8150,3563,mregDC-high
10x_human_ovarian_cancer_ffpe_visium,10x_human_ovarian_cancer_ffpe_visium,10x Visium | 10x Visium,8944,3690,mregDC-high
10x_human_ovarian_cancer_ffpe_visium,10x_human_ovarian_cancer_ffpe_visium,10x Visium | 10x Visium,9306,3564,mregDC-high
10x_human_ovarian_cancer_ffpe_visium,10x_human_ovarian_cancer_ffpe_visium,10x Visium | 10x Visium,2880,3931,mregDC-high
10x_human_ovarian_cancer_ffpe_visium,10x_human_ovarian_cancer_ffpe_visium,10x Visium | 10x Visium,3169,3932,mregDC-high
10x_human_ovarian_cancer_ffpe_visium,10x_human_ovarian_cancer_ffpe_visium,10x Visium | 10x Visium,3241,3806,mregDC-high
10x_human_ovarian_cancer_ffpe_visium,10x_human_ovarian_cancer_ffpe_visium,10x Visium | 10x Visium,3458,3932,mregDC-high
10x_human_ovarian_cancer_ffpe_visium,10x_human_ovarian_cancer_ffpe_visium,10x Visium | 10x Visium,3530,3807,mregDC-high
10x_human_ovarian_cancer_ffpe_visium,10x_human_ovarian_cancer_ffpe_visium,10x Visium | 10x Visium,3602,3932,mregDC-high
10x_human_ovarian_cancer_ffpe_visium,10x_human_ovarian_cancer_ffpe_visium,10x Visium | 10x Visium,3746,3933,mregDC-high
10x_human_ovarian_cancer_ffpe_visium,10x_human_ovarian_cancer_ffpe_visium,10x Visium | 10x Visium,4252,3808,mregDC-high
10x_human_ovarian_cancer_ffpe_visium,10x_human_ovarian_cancer_ffpe_visium,10x Visium | 10x Visium,7428,3813,mregDC-high
10x_human_ovarian_cancer_ffpe_visium,10x_human_ovarian_cancer_ffpe_visium,10x Visium | 10x Visium,8583,3815,mregDC-high
10x_human_ovarian_cancer_ffpe_visium,10x_human_ovarian_cancer_ffpe_visium,10x Visium | 10x Visium,9161,3815,mregDC-high
10x_human_ovarian_cancer_ffpe_visium,10x_human_ovarian_cancer_ffpe_visium,10x Visium | 10x Visium,9233,3941,mregDC-high
10x_human_ovarian_cancer_ffpe_visium,10x_human_ovarian_cancer_ffpe_visium,10x Visium | 10x Visium,2591,4182,mregDC-high
10x_human_ovarian_cancer_ffpe_visium,10x_human_ovarian_cancer_ffpe_visium,10x Visium | 10x Visium,2663,4056,mregDC-high
10x_human_ovarian_cancer_ffpe_visium,10x_human_ovarian_cancer_ffpe_visium,10x Visium | 10x Visium,2735,4182,mregDC-high
10x_human_ovarian_cancer_ffpe_visium,10x_human_ovarian_cancer_ffpe_visium,10x Visium | 10x Visium,3168,4183,mregDC-high
10x_human_ovarian_cancer_ffpe_visium,10x_human_ovarian_cancer_ffpe_visium,10x Visium | 10x Visium,4901,4186,mregDC-high
10x_human_ovarian_cancer_ffpe_visium,10x_human_ovarian_cancer_ffpe_visium,10x Visium | 10x Visium,5262,4061,mregDC-high
10x_human_ovarian_cancer_ffpe_visium,10x_human_ovarian_cancer_ffpe_visium,10x Visium | 10x Visium,7933,4190,mregDC-high
10x_human_ovarian_cancer_ffpe_visium,10x_human_ovarian_cancer_ffpe_visium,10x Visium | 10x Visium,8294,4065,mregDC-high
10x_human_ovarian_cancer_ffpe_visium,10x_human_ovarian_cancer_ffpe_visium,10x Visium | 10x Visium,8655,4192,mregDC-high
10x_human_ovarian_cancer_ffpe_visium,10x_human_ovarian_cancer_ffpe_visium,10x Visium | 10x Visium,8727,4066,mregDC-high
10x_human_ovarian_cancer_ffpe_visium,10x_human_ovarian_cancer_ffpe_visium,10x Visium | 10x Visium,9377,4193,mregDC-high
10x_human_ovarian_cancer_ffpe_visium,10x_human_ovarian_cancer_ffpe_visium,10x Visium | 10x Visium,9449,4067,mregDC-high
10x_human_ovarian_cancer_ffpe_visium,10x_human_ovarian_cancer_ffpe_visium,10x Visium | 10x Visium,9954,4194,mregDC-high
10x_human_ovarian_cancer_ffpe_visium,10x_human_ovarian_cancer_ffpe_visium,10x Visium | 10x Visium,2663,4308,mregDC-high
10x_human_ovarian_cancer_ffpe_visium,10x_human_ovarian_cancer_ffpe_visium,10x Visium | 10x Visium,2807,4308,mregDC-high
10x_human_ovarian_cancer_ffpe_visium,10x_human_ovarian_cancer_ffpe_visium,10x Visium | 10x Visium,2879,4434,mregDC-high
10x_human_ovarian_cancer_ffpe_visium,10x_human_ovarian_cancer_ffpe_visium,10x Visium | 10x Visium,3601,4435,mregDC-high
10x_human_ovarian_cancer_ffpe_visium,10x_human_ovarian_cancer_ffpe_visium,10x Visium | 10x Visium,4179,4436,mregDC-high
10x_human_ovarian_cancer_ffpe_visium,10x_human_ovarian_cancer_ffpe_visium,10x Visium | 10x Visium,4540,4311,mregDC-high
10x_human_ovarian_cancer_ffpe_visium,10x_human_ovarian_cancer_ffpe_visium,10x Visium | 10x Visium,5117,4312,mregDC-high
10x_human_ovarian_cancer_ffpe_visium,10x_human_ovarian_cancer_ffpe_visium,10x Visium | 10x Visium,5550,4312,mregDC-high
10x_human_ovarian_cancer_ffpe_visium,10x_human_ovarian_cancer_ffpe_visium,10x Visium | 10x Visium,5767,4438,mregDC-high
10x_human_ovarian_cancer_ffpe_visium,10x_human_ovarian_cancer_ffpe_visium,10x Visium | 10x Visium,5911,4438,mregDC-high
10x_human_ovarian_cancer_ffpe_visium,10x_human_ovarian_cancer_ffpe_visium,10x Visium | 10x Visium,6200,4439,mregDC-high
10x_human_ovarian_cancer_ffpe_visium,10x_human_ovarian_cancer_ffpe_visium,10x Visium | 10x Visium,8438,4317,mregDC-high
10x_human_ovarian_cancer_ffpe_visium,10x_human_ovarian_cancer_ffpe_visium,10x Visium | 10x Visium,8654,4443,mregDC-high
10x_human_ovarian_cancer_ffpe_visium,10x_human_ovarian_cancer_ffpe_visium,10x Visium | 10x Visium,9954,4445,mregDC-high
10x_human_ovarian_cancer_ffpe_visium,10x_human_ovarian_cancer_ffpe_visium,10x Visium | 10x Visium,2518,4559,mregDC-high
10x_human_ovarian_cancer_ffpe_visium,10x_human_ovarian_cancer_ffpe_visium,10x Visium | 10x Visium,2662,4559,mregDC-high
10x_human_ovarian_cancer_ffpe_visium,10x_human_ovarian_cancer_ffpe_visium,10x Visium | 10x Visium,2879,4685,mregDC-high
10x_human_ovarian_cancer_ffpe_visium,10x_human_ovarian_cancer_ffpe_visium,10x Visium | 10x Visium,2951,4559,mregDC-high
10x_human_ovarian_cancer_ffpe_visium,10x_human_ovarian_cancer_ffpe_visium,10x Visium | 10x Visium,3023,4685,mregDC-high
10x_human_ovarian_cancer_ffpe_visium,10x_human_ovarian_cancer_ffpe_visium,10x Visium | 10x Visium,3601,4686,mregDC-high
10x_human_ovarian_cancer_ffpe_visium,10x_human_ovarian_cancer_ffpe_visium,10x Visium | 10x Visium,9304,4569,mregDC-high
10x_human_ovarian_cancer_ffpe_visium,10x_human_ovarian_cancer_ffpe_visium,10x Visium | 10x Visium,9520,4695,mregDC-high
10x_human_ovarian_cancer_ffpe_visium,10x_human_ovarian_cancer_ffpe_visium,10x Visium | 10x Visium,9665,4696,mregDC-high
10x_human_ovarian_cancer_ffpe_visium,10x_human_ovarian_cancer_ffpe_visium,10x Visium | 10x Visium,10098,4696,mregDC-high
10x_human_ovarian_cancer_ffpe_visium,10x_human_ovarian_cancer_ffpe_visium,10x Visium | 10x Visium,10242,4696,mregDC-high
10x_human_ovarian_cancer_ffpe_visium,10x_human_ovarian_cancer_ffpe_visium,10x Visium | 10x Visium,10387,4697,mregDC-high
10x_human_ovarian_cancer_ffpe_visium,10x_human_ovarian_cancer_ffpe_visium,10x Visium | 10x Visium,3240,4811,mregDC-high
10x_human_ovarian_cancer_ffpe_visium,10x_human_ovarian_cancer_ffpe_visium,10x Visium | 10x Visium,3528,4811,mregDC-high
10x_human_ovarian_cancer_ffpe_visium,10x_human_ovarian_cancer_ffpe_visium,10x Visium | 10x Visium,3600,4937,mregDC-high
10x_human_ovarian_cancer_ffpe_visium,10x_human_ovarian_cancer_ffpe_visium,10x Visium | 10x Visium,3673,4812,mregDC-high
10x_human_ovarian_cancer_ffpe_visium,10x_human_ovarian_cancer_ffpe_visium,10x Visium | 10x Visium,4033,4938,mregDC-high
10x_human_ovarian_cancer_ffpe_visium,10x_human_ovarian_cancer_ffpe_visium,10x Visium | 10x Visium,4250,4813,mregDC-high
10x_human_ovarian_cancer_ffpe_visium,10x_human_ovarian_cancer_ffpe_visium,10x Visium | 10x Visium,4322,4938,mregDC-high
10x_human_ovarian_cancer_ffpe_visium,10x_human_ovarian_cancer_ffpe_visium,10x Visium | 10x Visium,4395,4813,mregDC-high
10x_human_ovarian_cancer_ffpe_visium,10x_human_ovarian_cancer_ffpe_visium,10x Visium | 10x Visium,4683,4813,mregDC-high
10x_human_ovarian_cancer_ffpe_visium,10x_human_ovarian_cancer_ffpe_visium,10x Visium | 10x Visium,6055,4941,mregDC-high
10x_human_ovarian_cancer_ffpe_visium,10x_human_ovarian_cancer_ffpe_visium,10x Visium | 10x Visium,6272,4816,mregDC-high
10x_human_ovarian_cancer_ffpe_visium,10x_human_ovarian_cancer_ffpe_visium,10x Visium | 10x Visium,6344,4942,mregDC-high
10x_human_ovarian_cancer_ffpe_visium,10x_human_ovarian_cancer_ffpe_visium,10x Visium | 10x Visium,6705,4816,mregDC-high
10x_human_ovarian_cancer_ffpe_visium,10x_human_ovarian_cancer_ffpe_visium,10x Visium | 10x Visium,6777,4942,mregDC-high
10x_human_ovarian_cancer_ffpe_visium,10x_human_ovarian_cancer_ffpe_visium,10x Visium | 10x Visium,9304,4821,mregDC-high
10x_human_ovarian_cancer_ffpe_visium,10x_human_ovarian_cancer_ffpe_visium,10x Visium | 10x Visium,9448,4821,mregDC-high
10x_human_ovarian_cancer_ffpe_visium,10x_human_ovarian_cancer_ffpe_visium,10x Visium | 10x Visium,9737,4821,mregDC-high
10x_human_ovarian_cancer_ffpe_visium,10x_human_ovarian_cancer_ffpe_visium,10x Visium | 10x Visium,10025,4822,mregDC-high
10x_human_ovarian_cancer_ffpe_visium,10x_human_ovarian_cancer_ffpe_visium,10x Visium | 10x Visium,2517,5061,mregDC-high
10x_human_ovarian_cancer_ffpe_visium,10x_human_ovarian_cancer_ffpe_visium,10x Visium | 10x Visium,2806,5062,mregDC-high
10x_human_ovarian_cancer_ffpe_visium,10x_human_ovarian_cancer_ffpe_visium,10x Visium | 10x Visium,2950,5062,mregDC-high
10x_human_ovarian_cancer_ffpe_visium,10x_human_ovarian_cancer_ffpe_visium,10x Visium | 10x Visium,3022,5187,mregDC-high
10x_human_ovarian_cancer_ffpe_visium,10x_human_ovarian_cancer_ffpe_visium,10x Visium | 10x Visium,3384,5062,mregDC-high
10x_human_ovarian_cancer_ffpe_visium,10x_human_ovarian_cancer_ffpe_visium,10x Visium | 10x Visium,3528,5063,mregDC-high
10x_human_ovarian_cancer_ffpe_visium,10x_human_ovarian_cancer_ffpe_visium,10x Visium | 10x Visium,3672,5063,mregDC-high
10x_human_ovarian_cancer_ffpe_visium,10x_human_ovarian_cancer_ffpe_visium,10x Visium | 10x Visium,3744,5189,mregDC-high
10x_human_ovarian_cancer_ffpe_visium,10x_human_ovarian_cancer_ffpe_visium,10x Visium | 10x Visium,3889,5189,mregDC-high
10x_human_ovarian_cancer_ffpe_visium,10x_human_ovarian_cancer_ffpe_visium,10x Visium | 10x Visium,3961,5063,mregDC-high
10x_human_ovarian_cancer_ffpe_visium,10x_human_ovarian_cancer_ffpe_visium,10x Visium | 10x Visium,5116,5065,mregDC-high
10x_human_ovarian_cancer_ffpe_visium,10x_human_ovarian_cancer_ffpe_visium,10x Visium | 10x Visium,5549,5066,mregDC-high
10x_human_ovarian_cancer_ffpe_visium,10x_human_ovarian_cancer_ffpe_visium,10x Visium | 10x Visium,5694,5066,mregDC-high
10x_human_ovarian_cancer_ffpe_visium,10x_human_ovarian_cancer_ffpe_visium,10x Visium | 10x Visium,5982,5067,mregDC-high
10x_human_ovarian_cancer_ffpe_visium,10x_human_ovarian_cancer_ffpe_visium,10x Visium | 10x Visium,6416,5067,mregDC-high
10x_human_ovarian_cancer_ffpe_visium,10x_human_ovarian_cancer_ffpe_visium,10x Visium | 10x Visium,6488,5193,mregDC-high
10x_human_ovarian_cancer_ffpe_visium,10x_human_ovarian_cancer_ffpe_visium,10x Visium | 10x Visium,6560,5067,mregDC-high
10x_human_ovarian_cancer_ffpe_visium,10x_human_ovarian_cancer_ffpe_visium,10x Visium | 10x Visium,7137,5068,mregDC-high
10x_human_ovarian_cancer_ffpe_visium,10x_human_ovarian_cancer_ffpe_visium,10x Visium | 10x Visium,8798,5197,mregDC-high
10x_human_ovarian_cancer_ffpe_visium,10x_human_ovarian_cancer_ffpe_visium,10x Visium | 10x Visium,9664,5198,mregDC-high
10x_human_ovarian_cancer_ffpe_visium,10x_human_ovarian_cancer_ffpe_visium,10x Visium | 10x Visium,10530,5199,mregDC-high
10x_human_ovarian_cancer_ffpe_visium,10x_human_ovarian_cancer_ffpe_visium,10x Visium | 10x Visium,3239,5313,mregDC-high
10x_human_ovarian_cancer_ffpe_visium,10x_human_ovarian_cancer_ffpe_visium,10x Visium | 10x Visium,3311,5439,mregDC-high
10x_human_ovarian_cancer_ffpe_visium,10x_human_ovarian_cancer_ffpe_visium,10x Visium | 10x Visium,3383,5314,mregDC-high
10x_human_ovarian_cancer_ffpe_visium,10x_human_ovarian_cancer_ffpe_visium,10x Visium | 10x Visium,4466,5441,mregDC-high
10x_human_ovarian_cancer_ffpe_visium,10x_human_ovarian_cancer_ffpe_visium,10x Visium | 10x Visium,4683,5316,mregDC-high
10x_human_ovarian_cancer_ffpe_visium,10x_human_ovarian_cancer_ffpe_visium,10x Visium | 10x Visium,5043,5442,mregDC-high
10x_human_ovarian_cancer_ffpe_visium,10x_human_ovarian_cancer_ffpe_visium,10x Visium | 10x Visium,5116,5316,mregDC-high
10x_human_ovarian_cancer_ffpe_visium,10x_human_ovarian_cancer_ffpe_visium,10x Visium | 10x Visium,5549,5317,mregDC-high
10x_human_ovarian_cancer_ffpe_visium,10x_human_ovarian_cancer_ffpe_visium,10x Visium | 10x Visium,5982,5318,mregDC-high
10x_human_ovarian_cancer_ffpe_visium,10x_human_ovarian_cancer_ffpe_visium,10x Visium | 10x Visium,6776,5445,mregDC-high
10x_human_ovarian_cancer_ffpe_visium,10x_human_ovarian_cancer_ffpe_visium,10x Visium | 10x Visium,9808,5449,mregDC-high
10x_human_ovarian_cancer_ffpe_visium,10x_human_ovarian_cancer_ffpe_visium,10x Visium | 10x Visium,9880,5324,mregDC-high
10x_human_ovarian_cancer_ffpe_visium,10x_human_ovarian_cancer_ffpe_visium,10x Visium | 10x Visium,10025,5324,mregDC-high
10x_human_ovarian_cancer_ffpe_visium,10x_human_ovarian_cancer_ffpe_visium,10x Visium | 10x Visium,2661,5564,mregDC-high
10x_human_ovarian_cancer_ffpe_visium,10x_human_ovarian_cancer_ffpe_visium,10x Visium | 10x Visium,3383,5565,mregDC-high
10x_human_ovarian_cancer_ffpe_visium,10x_human_ovarian_cancer_ffpe_visium,10x Visium | 10x Visium,3455,5691,mregDC-high
10x_human_ovarian_cancer_ffpe_visium,10x_human_ovarian_cancer_ffpe_visium,10x Visium | 10x Visium,3527,5565,mregDC-high
10x_human_ovarian_cancer_ffpe_visium,10x_human_ovarian_cancer_ffpe_visium,10x Visium | 10x Visium,3960,5566,mregDC-high
10x_human_ovarian_cancer_ffpe_visium,10x_human_ovarian_cancer_ffpe_visium,10x Visium | 10x Visium,4032,5692,mregDC-high
10x_human_ovarian_cancer_ffpe_visium,10x_human_ovarian_cancer_ffpe_visium,10x Visium | 10x Visium,4465,5692,mregDC-high
10x_human_ovarian_cancer_ffpe_visium,10x_human_ovarian_cancer_ffpe_visium,10x Visium | 10x Visium,4971,5567,mregDC-high
10x_human_ovarian_cancer_ffpe_visium,10x_human_ovarian_cancer_ffpe_visium,10x Visium | 10x Visium,5115,5568,mregDC-high
10x_human_ovarian_cancer_ffpe_visium,10x_human_ovarian_cancer_ffpe_visium,10x Visium | 10x Visium,5260,5568,mregDC-high
10x_human_ovarian_cancer_ffpe_visium,10x_human_ovarian_cancer_ffpe_visium,10x Visium | 10x Visium,7931,5698,mregDC-high
10x_human_ovarian_cancer_ffpe_visium,10x_human_ovarian_cancer_ffpe_visium,10x Visium | 10x Visium,9663,5700,mregDC-high
10x_human_ovarian_cancer_ffpe_visium,10x_human_ovarian_cancer_ffpe_visium,10x Visium | 10x Visium,9880,5575,mregDC-high
10x_human_ovarian_cancer_ffpe_visium,10x_human_ovarian_cancer_ffpe_visium,10x Visium | 10x Visium,10818,5702,mregDC-high
10x_human_ovarian_cancer_ffpe_visium,10x_human_ovarian_cancer_ffpe_visium,10x Visium | 10x Visium,2516,5815,mregDC-high
10x_human_ovarian_cancer_ffpe_visium,10x_human_ovarian_cancer_ffpe_visium,10x Visium | 10x Visium,2877,5941,mregDC-high
10x_human_ovarian_cancer_ffpe_visium,10x_human_ovarian_cancer_ffpe_visium,10x Visium | 10x Visium,3310,5942,mregDC-high
10x_human_ovarian_cancer_ffpe_visium,10x_human_ovarian_cancer_ffpe_visium,10x Visium | 10x Visium,3960,5817,mregDC-high
10x_human_ovarian_cancer_ffpe_visium,10x_human_ovarian_cancer_ffpe_visium,10x Visium | 10x Visium,4104,5817,mregDC-high
10x_human_ovarian_cancer_ffpe_visium,10x_human_ovarian_cancer_ffpe_visium,10x Visium | 10x Visium,4249,5817,mregDC-high
10x_human_ovarian_cancer_ffpe_visium,10x_human_ovarian_cancer_ffpe_visium,10x Visium | 10x Visium,4537,5818,mregDC-high
10x_human_ovarian_cancer_ffpe_visium,10x_human_ovarian_cancer_ffpe_visium,10x Visium | 10x Visium,5187,5945,mregDC-high
10x_human_ovarian_cancer_ffpe_visium,10x_human_ovarian_cancer_ffpe_visium,10x Visium | 10x Visium,5476,5945,mregDC-high
10x_human_ovarian_cancer_ffpe_visium,10x_human_ovarian_cancer_ffpe_visium,10x Visium | 10x Visium,5764,5945,mregDC-high
10x_human_ovarian_cancer_ffpe_visium,10x_human_ovarian_cancer_ffpe_visium,10x Visium | 10x Visium,7569,5823,mregDC-high
10x_human_ovarian_cancer_ffpe_visium,10x_human_ovarian_cancer_ffpe_visium,10x Visium | 10x Visium,7641,5948,mregDC-high
10x_human_ovarian_cancer_ffpe_visium,10x_human_ovarian_cancer_ffpe_visium,10x Visium | 10x Visium,7786,5949,mregDC-high
10x_human_ovarian_cancer_ffpe_visium,10x_human_ovarian_cancer_ffpe_visium,10x Visium | 10x Visium,8796,5950,mregDC-high
10x_human_ovarian_cancer_ffpe_visium,10x_human_ovarian_cancer_ffpe_visium,10x Visium | 10x Visium,9374,5951,mregDC-high
10x_human_ovarian_cancer_ffpe_visium,10x_human_ovarian_cancer_ffpe_visium,10x Visium | 10x Visium,2516,6066,mregDC-high
10x_human_ovarian_cancer_ffpe_visium,10x_human_ovarian_cancer_ffpe_visium,10x Visium | 10x Visium,2588,6192,mregDC-high
10x_human_ovarian_cancer_ffpe_visium,10x_human_ovarian_cancer_ffpe_visium,10x Visium | 10x Visium,2660,6066,mregDC-high
10x_human_ovarian_cancer_ffpe_visium,10x_human_ovarian_cancer_ffpe_visium,10x Visium | 10x Visium,2949,6067,mregDC-high
10x_human_ovarian_cancer_ffpe_visium,10x_human_ovarian_cancer_ffpe_visium,10x Visium | 10x Visium,3093,6067,mregDC-high
10x_human_ovarian_cancer_ffpe_visium,10x_human_ovarian_cancer_ffpe_visium,10x Visium | 10x Visium,3238,6067,mregDC-high
10x_human_ovarian_cancer_ffpe_visium,10x_human_ovarian_cancer_ffpe_visium,10x Visium | 10x Visium,3743,6194,mregDC-high
10x_human_ovarian_cancer_ffpe_visium,10x_human_ovarian_cancer_ffpe_visium,10x Visium | 10x Visium,4537,6069,mregDC-high
10x_human_ovarian_cancer_ffpe_visium,10x_human_ovarian_cancer_ffpe_visium,10x Visium | 10x Visium,8218,6201,mregDC-high
10x_human_ovarian_cancer_ffpe_visium,10x_human_ovarian_cancer_ffpe_visium,10x Visium | 10x Visium,8291,6075,mregDC-high
10x_human_ovarian_cancer_ffpe_visium,10x_human_ovarian_cancer_ffpe_visium,10x Visium | 10x Visium,8363,6201,mregDC-high
10x_human_ovarian_cancer_ffpe_visium,10x_human_ovarian_cancer_ffpe_visium,10x Visium | 10x Visium,8580,6076,mregDC-high
10x_human_ovarian_cancer_ffpe_visium,10x_human_ovarian_cancer_ffpe_visium,10x Visium | 10x Visium,9013,6076,mregDC-high
10x_human_ovarian_cancer_ffpe_visium,10x_human_ovarian_cancer_ffpe_visium,10x Visium | 10x Visium,10168,6078,mregDC-high
10x_human_ovarian_cancer_ffpe_visium,10x_human_ovarian_cancer_ffpe_visium,10x Visium | 10x Visium,2515,6317,mregDC-high
10x_human_ovarian_cancer_ffpe_visium,10x_human_ovarian_cancer_ffpe_visium,10x Visium | 10x Visium,2587,6443,mregDC-high
10x_human_ovarian_cancer_ffpe_visium,10x_human_ovarian_cancer_ffpe_visium,10x Visium | 10x Visium,2660,6317,mregDC-high
10x_human_ovarian_cancer_ffpe_visium,10x_human_ovarian_cancer_ffpe_visium,10x Visium | 10x Visium,2732,6443,mregDC-high
10x_human_ovarian_cancer_ffpe_visium,10x_human_ovarian_cancer_ffpe_visium,10x Visium | 10x Visium,3165,6444,mregDC-high
10x_human_ovarian_cancer_ffpe_visium,10x_human_ovarian_cancer_ffpe_visium,10x Visium | 10x Visium,3237,6318,mregDC-high
10x_human_ovarian_cancer_ffpe_visium,10x_human_ovarian_cancer_ffpe_visium,10x Visium | 10x Visium,3526,6319,mregDC-high
10x_human_ovarian_cancer_ffpe_visium,10x_human_ovarian_cancer_ffpe_visium,10x Visium | 10x Visium,3742,6445,mregDC-high
10x_human_ovarian_cancer_ffpe_visium,10x_human_ovarian_cancer_ffpe_visium,10x Visium | 10x Visium,4103,6320,mregDC-high
10x_human_ovarian_cancer_ffpe_visium,10x_human_ovarian_cancer_ffpe_visium,10x Visium | 10x Visium,4320,6446,mregDC-high
10x_human_ovarian_cancer_ffpe_visium,10x_human_ovarian_cancer_ffpe_visium,10x Visium | 10x Visium,4464,6446,mregDC-high
10x_human_ovarian_cancer_ffpe_visium,10x_human_ovarian_cancer_ffpe_visium,10x Visium | 10x Visium,4897,6447,mregDC-high
10x_human_ovarian_cancer_ffpe_visium,10x_human_ovarian_cancer_ffpe_visium,10x Visium | 10x Visium,7352,6450,mregDC-high
10x_human_ovarian_cancer_ffpe_visium,10x_human_ovarian_cancer_ffpe_visium,10x Visium | 10x Visium,8002,6326,mregDC-high
10x_human_ovarian_cancer_ffpe_visium,10x_human_ovarian_cancer_ffpe_visium,10x Visium | 10x Visium,8651,6452,mregDC-high
10x_human_ovarian_cancer_ffpe_visium,10x_human_ovarian_cancer_ffpe_visium,10x Visium | 10x Visium,8940,6453,mregDC-high
10x_human_ovarian_cancer_ffpe_visium,10x_human_ovarian_cancer_ffpe_visium,10x Visium | 10x Visium,2659,6569,mregDC-high
10x_human_ovarian_cancer_ffpe_visium,10x_human_ovarian_cancer_ffpe_visium,10x Visium | 10x Visium,2948,6569,mregDC-high
10x_human_ovarian_cancer_ffpe_visium,10x_human_ovarian_cancer_ffpe_visium,10x Visium | 10x Visium,3020,6695,mregDC-high
10x_human_ovarian_cancer_ffpe_visium,10x_human_ovarian_cancer_ffpe_visium,10x Visium | 10x Visium,4319,6697,mregDC-high
10x_human_ovarian_cancer_ffpe_visium,10x_human_ovarian_cancer_ffpe_visium,10x Visium | 10x Visium,4392,6571,mregDC-high
10x_human_ovarian_cancer_ffpe_visium,10x_human_ovarian_cancer_ffpe_visium,10x Visium | 10x Visium,4464,6697,mregDC-high
10x_human_ovarian_cancer_ffpe_visium,10x_human_ovarian_cancer_ffpe_visium,10x Visium | 10x Visium,5186,6698,mregDC-high
10x_human_ovarian_cancer_ffpe_visium,10x_human_ovarian_cancer_ffpe_visium,10x Visium | 10x Visium,7785,6702,mregDC-high
10x_human_ovarian_cancer_ffpe_visium,10x_human_ovarian_cancer_ffpe_visium,10x Visium | 10x Visium,8218,6703,mregDC-high
10x_human_ovarian_cancer_ffpe_visium,10x_human_ovarian_cancer_ffpe_visium,10x Visium | 10x Visium,8362,6703,mregDC-high
10x_human_ovarian_cancer_ffpe_visium,10x_human_ovarian_cancer_ffpe_visium,10x Visium | 10x Visium,9156,6579,mregDC-high
10x_human_ovarian_cancer_ffpe_visium,10x_human_ovarian_cancer_ffpe_visium,10x Visium | 10x Visium,9228,6705,mregDC-high
10x_human_ovarian_cancer_ffpe_visium,10x_human_ovarian_cancer_ffpe_visium,10x Visium | 10x Visium,4680,6823,mregDC-high
10x_human_ovarian_cancer_ffpe_visium,10x_human_ovarian_cancer_ffpe_visium,10x Visium | 10x Visium,6268,6826,mregDC-high
10x_human_ovarian_cancer_ffpe_visium,10x_human_ovarian_cancer_ffpe_visium,10x Visium | 10x Visium,8073,6954,mregDC-high
10x_human_ovarian_cancer_ffpe_visium,10x_human_ovarian_cancer_ffpe_visium,10x Visium | 10x Visium,8145,6829,mregDC-high
10x_human_ovarian_cancer_ffpe_visium,10x_human_ovarian_cancer_ffpe_visium,10x Visium | 10x Visium,9156,6830,mregDC-high
10x_human_ovarian_cancer_ffpe_visium,10x_human_ovarian_cancer_ffpe_visium,10x Visium | 10x Visium,4102,7073,mregDC-high
10x_human_ovarian_cancer_ffpe_visium,10x_human_ovarian_cancer_ffpe_visium,10x Visium | 10x Visium,6701,7077,mregDC-high
10x_human_ovarian_cancer_ffpe_visium,10x_human_ovarian_cancer_ffpe_visium,10x Visium | 10x Visium,6845,7078,mregDC-high
10x_human_ovarian_cancer_ffpe_visium,10x_human_ovarian_cancer_ffpe_visium,10x Visium | 10x Visium,7062,7204,mregDC-high
10x_human_ovarian_cancer_ffpe_visium,10x_human_ovarian_cancer_ffpe_visium,10x Visium | 10x Visium,7134,7078,mregDC-high
10x_human_ovarian_cancer_ffpe_visium,10x_human_ovarian_cancer_ffpe_visium,10x Visium | 10x Visium,8217,7205,mregDC-high
10x_human_ovarian_cancer_ffpe_visium,10x_human_ovarian_cancer_ffpe_visium,10x Visium | 10x Visium,4607,7451,mregDC-high
10x_human_ovarian_cancer_ffpe_visium,10x_human_ovarian_cancer_ffpe_visium,10x Visium | 10x Visium,6412,7328,mregDC-high
10x_human_ovarian_cancer_ffpe_visium,10x_human_ovarian_cancer_ffpe_visium,10x Visium | 10x Visium,6484,7454,mregDC-high
10x_human_ovarian_cancer_ffpe_visium,10x_human_ovarian_cancer_ffpe_visium,10x Visium | 10x Visium,6628,7454,mregDC-high
10x_human_ovarian_cancer_ffpe_visium,10x_human_ovarian_cancer_ffpe_visium,10x Visium | 10x Visium,7639,7456,mregDC-high
10x_human_ovarian_cancer_ffpe_visium,10x_human_ovarian_cancer_ffpe_visium,10x Visium | 10x Visium,8000,7331,mregDC-high
10x_human_ovarian_cancer_ffpe_visium,10x_human_ovarian_cancer_ffpe_visium,10x Visium | 10x Visium,3091,7574,mregDC-high
10x_human_ovarian_cancer_ffpe_visium,10x_human_ovarian_cancer_ffpe_visium,10x Visium | 10x Visium,3452,7700,mregDC-high
10x_human_ovarian_cancer_ffpe_visium,10x_human_ovarian_cancer_ffpe_visium,10x Visium | 10x Visium,6556,7580,mregDC-high
10x_human_ovarian_cancer_ffpe_visium,10x_human_ovarian_cancer_ffpe_visium,10x Visium | 10x Visium,7061,7706,mregDC-high
10x_human_ovarian_cancer_ffpe_visium,10x_human_ovarian_cancer_ffpe_visium,10x Visium | 10x Visium,2513,7824,mregDC-high
10x_human_ovarian_cancer_ffpe_visium,10x_human_ovarian_cancer_ffpe_visium,10x Visium | 10x Visium,2585,7950,mregDC-high
10x_human_ovarian_cancer_ffpe_visium,10x_human_ovarian_cancer_ffpe_visium,10x Visium | 10x Visium,3740,7952,mregDC-high
10x_human_ovarian_cancer_ffpe_visium,10x_human_ovarian_cancer_ffpe_visium,10x Visium | 10x Visium,3884,7952,mregDC-high
10x_human_ovarian_cancer_ffpe_visium,10x_human_ovarian_cancer_ffpe_visium,10x Visium | 10x Visium,4245,7827,mregDC-high
10x_human_ovarian_cancer_ffpe_visium,10x_human_ovarian_cancer_ffpe_visium,10x Visium | 10x Visium,4679,7828,mregDC-high
10x_human_ovarian_cancer_ffpe_visium,10x_human_ovarian_cancer_ffpe_visium,10x Visium | 10x Visium,2801,8076,mregDC-high
10x_human_ovarian_cancer_ffpe_visium,10x_human_ovarian_cancer_ffpe_visium,10x Visium | 10x Visium,6627,8208,mregDC-high
10x_human_ovarian_cancer_ffpe_visium,10x_human_ovarian_cancer_ffpe_visium,10x Visium | 10x Visium,10453,8088,mregDC-high
10x_human_ovarian_cancer_ffpe_visium,10x_human_ovarian_cancer_ffpe_visium,10x Visium | 10x Visium,10814,8214,mregDC-high
10x_human_ovarian_cancer_ffpe_visium,10x_human_ovarian_cancer_ffpe_visium,10x Visium | 10x Visium,5760,8458,mregDC-high
10x_human_ovarian_cancer_ffpe_visium,10x_human_ovarian_cancer_ffpe_visium,10x Visium | 10x Visium,6194,8458,mregDC-high
10x_human_ovarian_cancer_ffpe_visium,10x_human_ovarian_cancer_ffpe_visium,10x Visium | 10x Visium,6699,8334,mregDC-high
10x_human_ovarian_cancer_ffpe_visium,10x_human_ovarian_cancer_ffpe_visium,10x Visium | 10x Visium,6844,8334,mregDC-high
10x_human_ovarian_cancer_ffpe_visium,10x_human_ovarian_cancer_ffpe_visium,10x Visium | 10x Visium,2584,8704,mregDC-high
10x_human_ovarian_cancer_ffpe_visium,10x_human_ovarian_cancer_ffpe_visium,10x Visium | 10x Visium,2656,8578,mregDC-high
10x_human_ovarian_cancer_ffpe_visium,10x_human_ovarian_cancer_ffpe_visium,10x Visium | 10x Visium,4028,8706,mregDC-high
10x_human_ovarian_cancer_ffpe_visium,10x_human_ovarian_cancer_ffpe_visium,10x Visium | 10x Visium,5111,8582,mregDC-high
10x_human_ovarian_cancer_ffpe_visium,10x_human_ovarian_cancer_ffpe_visium,10x Visium | 10x Visium,5183,8708,mregDC-high
10x_human_ovarian_cancer_ffpe_visium,10x_human_ovarian_cancer_ffpe_visium,10x Visium | 10x Visium,5471,8708,mregDC-high
10x_human_ovarian_cancer_ffpe_visium,10x_human_ovarian_cancer_ffpe_visium,10x Visium | 10x Visium,5832,8583,mregDC-high
10x_human_ovarian_cancer_ffpe_visium,10x_human_ovarian_cancer_ffpe_visium,10x Visium | 10x Visium,5977,8584,mregDC-high
10x_human_ovarian_cancer_ffpe_visium,10x_human_ovarian_cancer_ffpe_visium,10x Visium | 10x Visium,6266,8584,mregDC-high
10x_human_ovarian_cancer_ffpe_visium,10x_human_ovarian_cancer_ffpe_visium,10x Visium | 10x Visium,6338,8710,mregDC-high
10x_human_ovarian_cancer_ffpe_visium,10x_human_ovarian_cancer_ffpe_visium,10x Visium | 10x Visium,2800,8830,mregDC-high
10x_human_ovarian_cancer_ffpe_visium,10x_human_ovarian_cancer_ffpe_visium,10x Visium | 10x Visium,3305,8956,mregDC-high
10x_human_ovarian_cancer_ffpe_visium,10x_human_ovarian_cancer_ffpe_visium,10x Visium | 10x Visium,5615,8960,mregDC-high
10x_human_ovarian_cancer_ffpe_visium,10x_human_ovarian_cancer_ffpe_visium,10x Visium | 10x Visium,5976,8835,mregDC-high
10x_human_ovarian_cancer_ffpe_visium,10x_human_ovarian_cancer_ffpe_visium,10x Visium | 10x Visium,6121,8835,mregDC-high
10x_human_ovarian_cancer_ffpe_visium,10x_human_ovarian_cancer_ffpe_visium,10x Visium | 10x Visium,6193,8961,mregDC-high
10x_human_ovarian_cancer_ffpe_visium,10x_human_ovarian_cancer_ffpe_visium,10x Visium | 10x Visium,9514,8966,mregDC-high
10x_human_ovarian_cancer_ffpe_visium,10x_human_ovarian_cancer_ffpe_visium,10x Visium | 10x Visium,10019,8841,mregDC-high
10x_human_ovarian_cancer_ffpe_visium,10x_human_ovarian_cancer_ffpe_visium,10x Visium | 10x Visium,2583,9206,mregDC-high
10x_human_ovarian_cancer_ffpe_visium,10x_human_ovarian_cancer_ffpe_visium,10x Visium | 10x Visium,2727,9207,mregDC-high
10x_human_ovarian_cancer_ffpe_visium,10x_human_ovarian_cancer_ffpe_visium,10x Visium | 10x Visium,3233,9082,mregDC-high
10x_human_ovarian_cancer_ffpe_visium,10x_human_ovarian_cancer_ffpe_visium,10x Visium | 10x Visium,3305,9207,mregDC-high
10x_human_ovarian_cancer_ffpe_visium,10x_human_ovarian_cancer_ffpe_visium,10x Visium | 10x Visium,2655,9332,mregDC-high
10x_human_ovarian_cancer_ffpe_visium,10x_human_ovarian_cancer_ffpe_visium,10x Visium | 10x Visium,3016,9458,mregDC-high
10x_human_ovarian_cancer_ffpe_visium,10x_human_ovarian_cancer_ffpe_visium,10x Visium | 10x Visium,3088,9333,mregDC-high
10x_human_ovarian_cancer_ffpe_visium,10x_human_ovarian_cancer_ffpe_visium,10x Visium | 10x Visium,3160,9458,mregDC-high
10x_human_ovarian_cancer_ffpe_visium,10x_human_ovarian_cancer_ffpe_visium,10x Visium | 10x Visium,3232,9333,mregDC-high
10x_human_ovarian_cancer_ffpe_visium,10x_human_ovarian_cancer_ffpe_visium,10x Visium | 10x Visium,3304,9459,mregDC-high
10x_human_ovarian_cancer_ffpe_visium,10x_human_ovarian_cancer_ffpe_visium,10x Visium | 10x Visium,3738,9459,mregDC-high
10x_human_ovarian_cancer_ffpe_visium,10x_human_ovarian_cancer_ffpe_visium,10x Visium | 10x Visium,4532,9335,mregDC-high
10x_human_ovarian_cancer_ffpe_visium,10x_human_ovarian_cancer_ffpe_visium,10x Visium | 10x Visium,2943,9584,mregDC-high
10x_human_ovarian_cancer_ffpe_visium,10x_human_ovarian_cancer_ffpe_visium,10x Visium | 10x Visium,3088,9584,mregDC-high
10x_human_ovarian_cancer_ffpe_visium,10x_human_ovarian_cancer_ffpe_visium,10x Visium | 10x Visium,3160,9710,mregDC-high
10x_human_ovarian_cancer_ffpe_visium,10x_human_ovarian_cancer_ffpe_visium,10x Visium | 10x Visium,3304,9710,mregDC-high
10x_human_ovarian_cancer_ffpe_visium,10x_human_ovarian_cancer_ffpe_visium,10x Visium | 10x Visium,3593,9710,mregDC-high
10x_human_ovarian_cancer_ffpe_visium,10x_human_ovarian_cancer_ffpe_visium,10x Visium | 10x Visium,3810,9585,mregDC-high
10x_human_ovarian_cancer_ffpe_visium,10x_human_ovarian_cancer_ffpe_visium,10x Visium | 10x Visium,4965,9587,mregDC-high
10x_human_ovarian_cancer_ffpe_visium,10x_human_ovarian_cancer_ffpe_visium,10x Visium | 10x Visium,5109,9587,mregDC-high
10x_human_ovarian_cancer_ffpe_visium,10x_human_ovarian_cancer_ffpe_visium,10x Visium | 10x Visium,5253,9587,mregDC-high
10x_human_ovarian_cancer_ffpe_visium,10x_human_ovarian_cancer_ffpe_visium,10x Visium | 10x Visium,4964,9838,mregDC-high
10x_human_ovarian_cancer_ffpe_visium,10x_human_ovarian_cancer_ffpe_visium,10x Visium | 10x Visium,5036,9964,mregDC-high
10x_human_ovarian_cancer_ffpe_visium,10x_human_ovarian_cancer_ffpe_visium,10x Visium | 10x Visium,5325,9964,mregDC-high
10x_human_ovarian_cancer_ffpe_visium,10x_human_ovarian_cancer_ffpe_visium,10x Visium | 10x Visium,3087,10086,mregDC-high
10x_human_ovarian_cancer_ffpe_visium,10x_human_ovarian_cancer_ffpe_visium,10x Visium | 10x Visium,3231,10087,mregDC-high
10x_human_ovarian_cancer_ffpe_visium,10x_human_ovarian_cancer_ffpe_visium,10x Visium | 10x Visium,3303,10212,mregDC-high
10x_human_ovarian_cancer_ffpe_visium,10x_human_ovarian_cancer_ffpe_visium,10x Visium | 10x Visium,3736,10213,mregDC-high
10x_human_ovarian_cancer_ffpe_visium,10x_human_ovarian_cancer_ffpe_visium,10x Visium | 10x Visium,4747,10215,mregDC-high
10x_human_ovarian_cancer_ffpe_visium,10x_human_ovarian_cancer_ffpe_visium,10x Visium | 10x Visium,4819,10089,mregDC-high
10x_human_ovarian_cancer_ffpe_visium,10x_human_ovarian_cancer_ffpe_visium,10x Visium | 10x Visium,4891,10215,mregDC-high
10x_human_ovarian_cancer_ffpe_visium,10x_human_ovarian_cancer_ffpe_visium,10x Visium | 10x Visium,4964,10089,mregDC-high
10x_human_ovarian_cancer_ffpe_visium,10x_human_ovarian_cancer_ffpe_visium,10x Visium | 10x Visium,5036,10215,mregDC-high
10x_human_ovarian_cancer_ffpe_visium,10x_human_ovarian_cancer_ffpe_visium,10x Visium | 10x Visium,5830,10091,mregDC-high
10x_human_ovarian_cancer_ffpe_visium,10x_human_ovarian_cancer_ffpe_visium,10x Visium | 10x Visium,3664,10339,mregDC-high
10x_human_ovarian_cancer_ffpe_visium,10x_human_ovarian_cancer_ffpe_visium,10x Visium | 10x Visium,4025,10465,mregDC-high
10x_human_ovarian_cancer_ffpe_visium,10x_human_ovarian_cancer_ffpe_visium,10x Visium | 10x Visium,4819,10340,mregDC-high
10x_human_ovarian_cancer_ffpe_visium,10x_human_ovarian_cancer_ffpe_visium,10x Visium | 10x Visium,4963,10341,mregDC-high
10x_human_ovarian_cancer_ffpe_visium,10x_human_ovarian_cancer_ffpe_visium,10x Visium | 10x Visium,5108,10341,mregDC-high
10x_human_ovarian_cancer_ffpe_visium,10x_human_ovarian_cancer_ffpe_visium,10x Visium | 10x Visium,5180,10467,mregDC-high
10x_human_ovarian_cancer_ffpe_visium,10x_human_ovarian_cancer_ffpe_visium,10x Visium | 10x Visium,5757,10467,mregDC-high
10x_human_ovarian_cancer_ffpe_visium,10x_human_ovarian_cancer_ffpe_visium,10x Visium | 10x Visium,6046,10468,mregDC-high
10x_human_ovarian_cancer_ffpe_visium,10x_human_ovarian_cancer_ffpe_visium,10x Visium | 10x Visium,7490,10470,mregDC-high
10x_human_ovarian_cancer_ffpe_visium,10x_human_ovarian_cancer_ffpe_visium,10x Visium | 10x Visium,5107,10592,mregDC-high
10x_human_ovarian_cancer_ffpe_visium,10x_human_ovarian_cancer_ffpe_visium,10x Visium | 10x Visium,5252,10592,mregDC-high
10x_human_ovarian_cancer_ffpe_visium,10x_human_ovarian_cancer_ffpe_visium,10x Visium | 10x Visium,5468,10718,mregDC-high
10x_human_ovarian_cancer_ffpe_visium,10x_human_ovarian_cancer_ffpe_visium,10x Visium | 10x Visium,5973,10845,mregDC-high
10x_human_ovarian_cancer_ffpe_visium,10x_human_ovarian_cancer_ffpe_visium,10x Visium | 10x Visium,6334,10971,mregDC-high
GSE211956,GSM6506112_SP3,GSE211956 | SP3,4568,3250,mregDC-high
GSE211956,GSM6506112_SP3,GSE211956 | SP3,4956,3251,mregDC-high
GSE211956,GSM6506112_SP3,GSE211956 | SP3,5022,3139,mregDC-high
GSE211956,GSM6506112_SP3,GSE211956 | SP3,5540,3141,mregDC-high
GSE211956,GSM6506112_SP3,GSE211956 | SP3,5929,3142,mregDC-high
GSE211956,GSM6506112_SP3,GSE211956 | SP3,5215,3478,mregDC-high
GSE211956,GSM6506112_SP3,GSE211956 | SP3,7223,3373,mregDC-high
GSE211956,GSM6506112_SP3,GSE211956 | SP3,7288,3486,mregDC-high
GSE211956,GSM6506112_SP3,GSE211956 | SP3,3659,3697,mregDC-high
GSE211956,GSM6506112_SP3,GSE211956 | SP3,4955,3702,mregDC-high
GSE211956,GSM6506112_SP3,GSE211956 | SP3,3917,4149,mregDC-high
GSE211956,GSM6506112_SP3,GSE211956 | SP3,3268,4372,mregDC-high
GSE211956,GSM6506112_SP3,GSE211956 | SP3,3397,4372,mregDC-high
GSE211956,GSM6506112_SP3,GSE211956 | SP3,5665,4268,mregDC-high
GSE211956,GSM6506112_SP3,GSE211956 | SP3,5795,4269,mregDC-high
GSE211956,GSM6506112_SP3,GSE211956 | SP3,7154,4387,mregDC-high
GSE211956,GSM6506112_SP3,GSE211956 | SP3,4757,4490,mregDC-high
GSE211956,GSM6506112_SP3,GSE211956 | SP3,7672,4614,mregDC-high
GSE211956,GSM6506112_SP3,GSE211956 | SP3,8190,4617,mregDC-high
GSE211956,GSM6506112_SP3,GSE211956 | SP3,9097,4620,mregDC-high
GSE211956,GSM6506112_SP3,GSE211956 | SP3,7347,4726,mregDC-high
GSE211956,GSM6506112_SP3,GSE211956 | SP3,3719,4937,mregDC-high
GSE211956,GSM6506112_SP3,GSE211956 | SP3,4237,4939,mregDC-high
GSE211956,GSM6506112_SP3,GSE211956 | SP3,7346,4951,mregDC-high
GSE211956,GSM6506112_SP3,GSE211956 | SP3,8318,5068,mregDC-high
GSE211956,GSM6506112_SP3,GSE211956 | SP3,2552,5158,mregDC-high
GSE211956,GSM6506112_SP3,GSE211956 | SP3,7734,5178,mregDC-high
GSE211956,GSM6506112_SP3,GSE211956 | SP3,6632,5512,mregDC-high
GSE211956,GSM6506112_SP3,GSE211956 | SP3,6891,5513,mregDC-high
GSE211956,GSM6506112_SP3,GSE211956 | SP3,7279,5515,mregDC-high
GSE211956,GSM6506112_SP3,GSE211956 | SP3,7798,5517,mregDC-high
GSE211956,GSM6506112_SP3,GSE211956 | SP3,8057,5518,mregDC-high
GSE211956,GSM6506112_SP3,GSE211956 | SP3,2291,5608,mregDC-high
GSE211956,GSM6506112_SP3,GSE211956 | SP3,3133,5724,mregDC-high
GSE211956,GSM6506112_SP3,GSE211956 | SP3,5594,5733,mregDC-high
GSE211956,GSM6506112_SP3,GSE211956 | SP3,5854,5734,mregDC-high
GSE211956,GSM6506112_SP3,GSE211956 | SP3,7085,5627,mregDC-high
GSE211956,GSM6506112_SP3,GSE211956 | SP3,7214,5627,mregDC-high
GSE211956,GSM6506112_SP3,GSE211956 | SP3,7408,5741,mregDC-high
GSE211956,GSM6506112_SP3,GSE211956 | SP3,7538,5741,mregDC-high
GSE211956,GSM6506112_SP3,GSE211956 | SP3,8251,5631,mregDC-high
GSE211956,GSM6506112_SP3,GSE211956 | SP3,8315,5744,mregDC-high
GSE211956,GSM6506112_SP3,GSE211956 | SP3,5464,5958,mregDC-high
GSE211956,GSM6506112_SP3,GSE211956 | SP3,7407,5966,mregDC-high
GSE211956,GSM6506112_SP3,GSE211956 | SP3,7925,5968,mregDC-high
GSE211956,GSM6506112_SP3,GSE211956 | SP3,4945,6182,mregDC-high
GSE211956,GSM6506112_SP3,GSE211956 | SP3,6694,6076,mregDC-high
GSE211956,GSM6506112_SP3,GSE211956 | SP3,6953,6077,mregDC-high
GSE211956,GSM6506112_SP3,GSE211956 | SP3,7018,6190,mregDC-high
GSE211956,GSM6506112_SP3,GSE211956 | SP3,2742,6398,mregDC-high
GSE211956,GSM6506112_SP3,GSE211956 | SP3,4621,6293,mregDC-high
GSE211956,GSM6506112_SP3,GSE211956 | SP3,4814,6406,mregDC-high
GSE211956,GSM6506112_SP3,GSE211956 | SP3,5333,6409,mregDC-high
GSE211956,GSM6506112_SP3,GSE211956 | SP3,5527,6297,mregDC-high
GSE211956,GSM6506112_SP3,GSE211956 | SP3,6175,6299,mregDC-high
GSE211956,GSM6506112_SP3,GSE211956 | SP3,6564,6301,mregDC-high
GSE211956,GSM6506112_SP3,GSE211956 | SP3,6628,6414,mregDC-high
GSE211956,GSM6506112_SP3,GSE211956 | SP3,6693,6301,mregDC-high
GSE211956,GSM6506112_SP3,GSE211956 | SP3,8118,6307,mregDC-high
GSE211956,GSM6506112_SP3,GSE211956 | SP3,3518,6627,mregDC-high
GSE211956,GSM6506112_SP3,GSE211956 | SP3,4879,6519,mregDC-high
GSE211956,GSM6506112_SP3,GSE211956 | SP3,5332,6634,mregDC-high
GSE211956,GSM6506112_SP3,GSE211956 | SP3,5850,6636,mregDC-high
GSE211956,GSM6506112_SP3,GSE211956 | SP3,6498,6639,mregDC-high
GSE211956,GSM6506112_SP3,GSE211956 | SP3,6822,6527,mregDC-high
GSE211956,GSM6506112_SP3,GSE211956 | SP3,3453,6739,mregDC-high
GSE211956,GSM6506112_SP3,GSE211956 | SP3,5979,6862,mregDC-high
GSE211956,GSM6506112_SP3,GSE211956 | SP3,6367,6864,mregDC-high
GSE211956,GSM6506112_SP3,GSE211956 | SP3,6626,6865,mregDC-high
GSE211956,GSM6506112_SP3,GSE211956 | SP3,7080,6754,mregDC-high
GSE211956,GSM6506112_SP3,GSE211956 | SP3,4488,6969,mregDC-high
GSE211956,GSM6506112_SP3,GSE211956 | SP3,4812,7083,mregDC-high
GSE211956,GSM6506112_SP3,GSE211956 | SP3,5978,7087,mregDC-high
GSE211956,GSM6506112_SP3,GSE211956 | SP3,6561,6977,mregDC-high
GSE211956,GSM6506112_SP3,GSE211956 | SP3,6625,7090,mregDC-high
GSE211956,GSM6506112_SP3,GSE211956 | SP3,7662,7094,mregDC-high
GSE211956,GSM6506112_SP3,GSE211956 | SP3,3710,7191,mregDC-high
GSE211956,GSM6506112_SP3,GSE211956 | SP3,4163,7306,mregDC-high
GSE211956,GSM6506112_SP3,GSE211956 | SP3,4422,7307,mregDC-high
GSE211956,GSM6506112_SP3,GSE211956 | SP3,4552,7307,mregDC-high
GSE211956,GSM6506112_SP3,GSE211956 | SP3,4876,7196,mregDC-high
GSE211956,GSM6506112_SP3,GSE211956 | SP3,5070,7309,mregDC-high
GSE211956,GSM6506112_SP3,GSE211956 | SP3,5977,7313,mregDC-high
GSE211956,GSM6506112_SP3,GSE211956 | SP3,6106,7313,mregDC-high
GSE211956,GSM6506112_SP3,GSE211956 | SP3,6754,7316,mregDC-high
GSE211956,GSM6506112_SP3,GSE211956 | SP3,6819,7203,mregDC-high
GSE211956,GSM6506112_SP3,GSE211956 | SP3,6884,7316,mregDC-high
GSE211956,GSM6506112_SP3,GSE211956 | SP3,6949,7204,mregDC-high
GSE211956,GSM6506112_SP3,GSE211956 | SP3,7013,7317,mregDC-high
GSE211956,GSM6506112_SP3,GSE211956 | SP3,7531,7319,mregDC-high
GSE211956,GSM6506112_SP3,GSE211956 | SP3,7597,7207,mregDC-high
GSE211956,GSM6506112_SP3,GSE211956 | SP3,7661,7319,mregDC-high
GSE211956,GSM6506112_SP3,GSE211956 | SP3,7726,7207,mregDC-high
GSE211956,GSM6506112_SP3,GSE211956 | SP3,7790,7320,mregDC-high
GSE211956,GSM6506112_SP3,GSE211956 | SP3,7856,7208,mregDC-high
GSE211956,GSM6506112_SP3,GSE211956 | SP3,4680,7533,mregDC-high
GSE211956,GSM6506112_SP3,GSE211956 | SP3,5199,7535,mregDC-high
GSE211956,GSM6506112_SP3,GSE211956 | SP3,5264,7423,mregDC-high
GSE211956,GSM6506112_SP3,GSE211956 | SP3,6689,7428,mregDC-high
GSE211956,GSM6506112_SP3,GSE211956 | SP3,6818,7429,mregDC-high
GSE211956,GSM6506112_SP3,GSE211956 | SP3,6948,7429,mregDC-high
GSE211956,GSM6506112_SP3,GSE211956 | SP3,7596,7432,mregDC-high
GSE211956,GSM6506112_SP3,GSE211956 | SP3,7725,7432,mregDC-high
GSE211956,GSM6506112_SP3,GSE211956 | SP3,4356,7644,mregDC-high
GSE211956,GSM6506112_SP3,GSE211956 | SP3,4420,7757,mregDC-high
GSE211956,GSM6506112_SP3,GSE211956 | SP3,4486,7645,mregDC-high
GSE211956,GSM6506112_SP3,GSE211956 | SP3,4679,7758,mregDC-high
GSE211956,GSM6506112_SP3,GSE211956 | SP3,4809,7759,mregDC-high
GSE211956,GSM6506112_SP3,GSE211956 | SP3,4939,7760,mregDC-high
GSE211956,GSM6506112_SP3,GSE211956 | SP3,5327,7761,mregDC-high
GSE211956,GSM6506112_SP3,GSE211956 | SP3,5457,7762,mregDC-high
GSE211956,GSM6506112_SP3,GSE211956 | SP3,6623,7766,mregDC-high
GSE211956,GSM6506112_SP3,GSE211956 | SP3,6688,7654,mregDC-high
GSE211956,GSM6506112_SP3,GSE211956 | SP3,6752,7767,mregDC-high
GSE211956,GSM6506112_SP3,GSE211956 | SP3,6882,7767,mregDC-high
GSE211956,GSM6506112_SP3,GSE211956 | SP3,7206,7656,mregDC-high
GSE211956,GSM6506112_SP3,GSE211956 | SP3,7336,7656,mregDC-high
GSE211956,GSM6506112_SP3,GSE211956 | SP3,7400,7769,mregDC-high
GSE211956,GSM6506112_SP3,GSE211956 | SP3,7465,7657,mregDC-high
GSE211956,GSM6506112_SP3,GSE211956 | SP3,4614,7871,mregDC-high
GSE211956,GSM6506112_SP3,GSE211956 | SP3,4744,7871,mregDC-high
GSE211956,GSM6506112_SP3,GSE211956 | SP3,4873,7872,mregDC-high
GSE211956,GSM6506112_SP3,GSE211956 | SP3,4938,7985,mregDC-high
GSE211956,GSM6506112_SP3,GSE211956 | SP3,5003,7872,mregDC-high
GSE211956,GSM6506112_SP3,GSE211956 | SP3,5067,7985,mregDC-high
GSE211956,GSM6506112_SP3,GSE211956 | SP3,5326,7986,mregDC-high
GSE211956,GSM6506112_SP3,GSE211956 | SP3,5392,7874,mregDC-high
GSE211956,GSM6506112_SP3,GSE211956 | SP3,6428,7878,mregDC-high
GSE211956,GSM6506112_SP3,GSE211956 | SP3,6622,7992,mregDC-high
GSE211956,GSM6506112_SP3,GSE211956 | SP3,6751,7992,mregDC-high
GSE211956,GSM6506112_SP3,GSE211956 | SP3,4872,8097,mregDC-high
GSE211956,GSM6506112_SP3,GSE211956 | SP3,4937,8210,mregDC-high
GSE211956,GSM6506112_SP3,GSE211956 | SP3,5196,8211,mregDC-high
GSE211956,GSM6506112_SP3,GSE211956 | SP3,5325,8212,mregDC-high
GSE211956,GSM6506112_SP3,GSE211956 | SP3,5391,8099,mregDC-high
GSE211956,GSM6506112_SP3,GSE211956 | SP3,5455,8212,mregDC-high
GSE211956,GSM6506112_SP3,GSE211956 | SP3,5520,8100,mregDC-high
GSE211956,GSM6506112_SP3,GSE211956 | SP3,5585,8213,mregDC-high
GSE211956,GSM6506112_SP3,GSE211956 | SP3,6621,8217,mregDC-high
GSE211956,GSM6506112_SP3,GSE211956 | SP3,6686,8105,mregDC-high
GSE211956,GSM6506112_SP3,GSE211956 | SP3,6751,8218,mregDC-high
GSE211956,GSM6506112_SP3,GSE211956 | SP3,6816,8105,mregDC-high
GSE211956,GSM6506112_SP3,GSE211956 | SP3,5001,8323,mregDC-high
GSE211956,GSM6506112_SP3,GSE211956 | SP3,5260,8324,mregDC-high
GSE211956,GSM6506112_SP3,GSE211956 | SP3,5390,8325,mregDC-high
GSE211956,GSM6506112_SP3,GSE211956 | SP3,5454,8438,mregDC-high
GSE211956,GSM6506112_SP3,GSE211956 | SP3,5519,8325,mregDC-high
GSE211956,GSM6506112_SP3,GSE211956 | SP3,5908,8327,mregDC-high
GSE211956,GSM6506112_SP3,GSE211956 | SP3,6815,8331,mregDC-high
GSE211956,GSM6506112_SP3,GSE211956 | SP3,5518,8551,mregDC-high
GSE211956,GSM6506112_SP3,GSE211956 | SP3,5583,8664,mregDC-high
GSE224335,GSM7019836_OCCS3v,GSE224335 | OCCS3v,4744,2958,mregDC-high
GSE224335,GSM7019836_OCCS3v,GSE224335 | OCCS3v,5073,3071,mregDC-high
GSE224335,GSM7019836_OCCS3v,GSE224335 | OCCS3v,6059,3180,mregDC-high
GSE224335,GSM7019836_OCCS3v,GSE224335 | OCCS3v,6387,3063,mregDC-high
GSE224335,GSM7019836_OCCS3v,GSE224335 | OCCS3v,4220,3419,mregDC-high
GSE224335,GSM7019836_OCCS3v,GSE224335 | OCCS3v,4417,3303,mregDC-high
GSE224335,GSM7019836_OCCS3v,GSE224335 | OCCS3v,4746,3416,mregDC-high
GSE224335,GSM7019836_OCCS3v,GSE224335 | OCCS3v,5337,3298,mregDC-high
GSE224335,GSM7019836_OCCS3v,GSE224335 | OCCS3v,5535,3411,mregDC-high
GSE224335,GSM7019836_OCCS3v,GSE224335 | OCCS3v,6126,3294,mregDC-high
GSE224335,GSM7019836_OCCS3v,GSE224335 | OCCS3v,3566,3880,mregDC-high
GSE224335,GSM7019836_OCCS3v,GSE224335 | OCCS3v,4091,3877,mregDC-high
GSE224335,GSM7019836_OCCS3v,GSE224335 | OCCS3v,5669,3868,mregDC-high
GSE224335,GSM7019836_OCCS3v,GSE224335 | OCCS3v,5997,3752,mregDC-high
GSE224335,GSM7019836_OCCS3v,GSE224335 | OCCS3v,6523,3749,mregDC-high
GSE224335,GSM7019836_OCCS3v,GSE224335 | OCCS3v,2910,4112,mregDC-high
GSE224335,GSM7019836_OCCS3v,GSE224335 | OCCS3v,3238,3996,mregDC-high
GSE224335,GSM7019836_OCCS3v,GSE224335 | OCCS3v,3435,4109,mregDC-high
GSE224335,GSM7019836_OCCS3v,GSE224335 | OCCS3v,3567,4108,mregDC-high
GSE224335,GSM7019836_OCCS3v,GSE224335 | OCCS3v,3698,4108,mregDC-high
GSE224335,GSM7019836_OCCS3v,GSE224335 | OCCS3v,3961,4106,mregDC-high
GSE224335,GSM7019836_OCCS3v,GSE224335 | OCCS3v,4224,4105,mregDC-high
GSE224335,GSM7019836_OCCS3v,GSE224335 | OCCS3v,4289,3990,mregDC-high
GSE224335,GSM7019836_OCCS3v,GSE224335 | OCCS3v,5735,3982,mregDC-high
GSE224335,GSM7019836_OCCS3v,GSE224335 | OCCS3v,7511,4087,mregDC-high
GSE224335,GSM7019836_OCCS3v,GSE224335 | OCCS3v,2648,4342,mregDC-high
GSE224335,GSM7019836_OCCS3v,GSE224335 | OCCS3v,2844,4227,mregDC-high
GSE224335,GSM7019836_OCCS3v,GSE224335 | OCCS3v,2976,4226,mregDC-high
GSE224335,GSM7019836_OCCS3v,GSE224335 | OCCS3v,3042,4340,mregDC-high
GSE224335,GSM7019836_OCCS3v,GSE224335 | OCCS3v,3174,4339,mregDC-high
GSE224335,GSM7019836_OCCS3v,GSE224335 | OCCS3v,3239,4225,mregDC-high
GSE224335,GSM7019836_OCCS3v,GSE224335 | OCCS3v,3437,4338,mregDC-high
GSE224335,GSM7019836_OCCS3v,GSE224335 | OCCS3v,5277,4328,mregDC-high
GSE224335,GSM7019836_OCCS3v,GSE224335 | OCCS3v,6394,4207,mregDC-high
GSE224335,GSM7019836_OCCS3v,GSE224335 | OCCS3v,6657,4206,mregDC-high
GSE224335,GSM7019836_OCCS3v,GSE224335 | OCCS3v,2714,4456,mregDC-high
GSE224335,GSM7019836_OCCS3v,GSE224335 | OCCS3v,2846,4456,mregDC-high
GSE224335,GSM7019836_OCCS3v,GSE224335 | OCCS3v,3438,4567,mregDC-high
GSE224335,GSM7019836_OCCS3v,GSE224335 | OCCS3v,4095,4563,mregDC-high
GSE224335,GSM7019836_OCCS3v,GSE224335 | OCCS3v,6132,4437,mregDC-high
GSE224335,GSM7019836_OCCS3v,GSE224335 | OCCS3v,6264,4437,mregDC-high
GSE224335,GSM7019836_OCCS3v,GSE224335 | OCCS3v,7710,4429,mregDC-high
GSE224335,GSM7019836_OCCS3v,GSE224335 | OCCS3v,2782,4799,mregDC-high
GSE224335,GSM7019836_OCCS3v,GSE224335 | OCCS3v,3965,4793,mregDC-high
GSE224335,GSM7019836_OCCS3v,GSE224335 | OCCS3v,5345,4670,mregDC-high
GSE224335,GSM7019836_OCCS3v,GSE224335 | OCCS3v,6528,4664,mregDC-high
GSE224335,GSM7019836_OCCS3v,GSE224335 | OCCS3v,7120,4775,mregDC-high
GSE224335,GSM7019836_OCCS3v,GSE224335 | OCCS3v,2980,4912,mregDC-high
GSE224335,GSM7019836_OCCS3v,GSE224335 | OCCS3v,3178,5026,mregDC-high
GSE224335,GSM7019836_OCCS3v,GSE224335 | OCCS3v,3703,5023,mregDC-high
GSE224335,GSM7019836_OCCS3v,GSE224335 | OCCS3v,4361,5019,mregDC-high
GSE224335,GSM7019836_OCCS3v,GSE224335 | OCCS3v,4689,4903,mregDC-high
GSE224335,GSM7019836_OCCS3v,GSE224335 | OCCS3v,4820,4902,mregDC-high
GSE224335,GSM7019836_OCCS3v,GSE224335 | OCCS3v,7516,5001,mregDC-high
GSE224335,GSM7019836_OCCS3v,GSE224335 | OCCS3v,3638,5137,mregDC-high
GSE224335,GSM7019836_OCCS3v,GSE224335 | OCCS3v,3968,5250,mregDC-high
GSE224335,GSM7019836_OCCS3v,GSE224335 | OCCS3v,4690,5132,mregDC-high
GSE224335,GSM7019836_OCCS3v,GSE224335 | OCCS3v,5084,5129,mregDC-high
GSE224335,GSM7019836_OCCS3v,GSE224335 | OCCS3v,5479,5127,mregDC-high
GSE224335,GSM7019836_OCCS3v,GSE224335 | OCCS3v,5610,5126,mregDC-high
GSE224335,GSM7019836_OCCS3v,GSE224335 | OCCS3v,6334,5237,mregDC-high
GSE224335,GSM7019836_OCCS3v,GSE224335 | OCCS3v,6465,5236,mregDC-high
GSE224335,GSM7019836_OCCS3v,GSE224335 | OCCS3v,6530,5121,mregDC-high
GSE224335,GSM7019836_OCCS3v,GSE224335 | OCCS3v,6793,5120,mregDC-high
GSE224335,GSM7019836_OCCS3v,GSE224335 | OCCS3v,6925,5119,mregDC-high
GSE224335,GSM7019836_OCCS3v,GSE224335 | OCCS3v,7319,5117,mregDC-high
GSE224335,GSM7019836_OCCS3v,GSE224335 | OCCS3v,7517,5230,mregDC-high
GSE224335,GSM7019836_OCCS3v,GSE224335 | OCCS3v,7648,5229,mregDC-high
GSE224335,GSM7019836_OCCS3v,GSE224335 | OCCS3v,7713,5115,mregDC-high
GSE224335,GSM7019836_OCCS3v,GSE224335 | OCCS3v,7780,5229,mregDC-high
GSE224335,GSM7019836_OCCS3v,GSE224335 | OCCS3v,4626,5475,mregDC-high
GSE224335,GSM7019836_OCCS3v,GSE224335 | OCCS3v,6269,5352,mregDC-high
GSE224335,GSM7019836_OCCS3v,GSE224335 | OCCS3v,6467,5465,mregDC-high
GSE224335,GSM7019836_OCCS3v,GSE224335 | OCCS3v,7189,5346,mregDC-high
GSE224335,GSM7019836_OCCS3v,GSE224335 | OCCS3v,7585,5573,mregDC-high
GSE224335,GSM7019836_OCCS3v,GSE224335 | OCCS3v,7716,5572,mregDC-high
GSE224335,GSM7019836_OCCS3v,GSE224335 | OCCS3v,5286,5929,mregDC-high
GSE224335,GSM7019836_OCCS3v,GSE224335 | OCCS3v,6338,5923,mregDC-high
GSE224335,GSM7019836_OCCS3v,GSE224335 | OCCS3v,5156,6158,mregDC-high
GSE224335,GSM7019836_OCCS3v,GSE224335 | OCCS3v,5615,6041,mregDC-high
GSE224335,GSM7019836_OCCS3v,GSE224335 | OCCS3v,6865,6149,mregDC-high
GSE224335,GSM7019836_OCCS3v,GSE224335 | OCCS3v,5091,6273,mregDC-high
GSE224335,GSM7019836_OCCS3v,GSE224335 | OCCS3v,6209,6381,mregDC-high
GSE224335,GSM7019836_OCCS3v,GSE224335 | OCCS3v,6472,6380,mregDC-high
GSE224335,GSM7019836_OCCS3v,GSE224335 | OCCS3v,7063,6262,mregDC-high
GSE224335,GSM7019836_OCCS3v,GSE224335 | OCCS3v,7064,6491,mregDC-high
GSE224335,GSM7019836_OCCS3v,GSE224335 | OCCS3v,6145,6725,mregDC-high
GSE224335,GSM7019836_OCCS3v,GSE224335 | OCCS3v,6606,6837,mregDC-high
GSE224335,GSM7019836_OCCS3v,GSE224335 | OCCS3v,6671,6722,mregDC-high
GSE224335,GSM7019836_OCCS3v,GSE224335 | OCCS3v,6541,6951,mregDC-high
GSE274657,GSM8454235_Patient_8,GSE274657 | Patient_8,6897,8592,mregDC-high
GSE274657,GSM8454235_Patient_8,GSE274657 | Patient_8,7497,8485,mregDC-high
GSE274657,GSM8454235_Patient_8,GSE274657 | Patient_8,7364,8483,mregDC-high
GSE274657,GSM8454235_Patient_8,GSE274657 | Patient_8,7231,8481,mregDC-high
GSE274657,GSM8454235_Patient_8,GSE274657 | Patient_8,7098,8479,mregDC-high
GSE274657,GSM8454235_Patient_8,GSE274657 | Patient_8,6965,8477,mregDC-high
GSE274657,GSM8454235_Patient_8,GSE274657 | Patient_8,6832,8475,mregDC-high
GSE274657,GSM8454235_Patient_8,GSE274657 | Patient_8,6034,8463,mregDC-high
GSE274657,GSM8454235_Patient_8,GSE274657 | Patient_8,5901,8461,mregDC-high
GSE274657,GSM8454235_Patient_8,GSE274657 | Patient_8,5768,8459,mregDC-high
GSE274657,GSM8454235_Patient_8,GSE274657 | Patient_8,5635,8457,mregDC-high
GSE274657,GSM8454235_Patient_8,GSE274657 | Patient_8,5502,8455,mregDC-high
GSE274657,GSM8454235_Patient_8,GSE274657 | Patient_8,7698,8373,mregDC-high
GSE274657,GSM8454235_Patient_8,GSE274657 | Patient_8,7565,8371,mregDC-high
GSE274657,GSM8454235_Patient_8,GSE274657 | Patient_8,7299,8367,mregDC-high
GSE274657,GSM8454235_Patient_8,GSE274657 | Patient_8,6900,8361,mregDC-high
GSE274657,GSM8454235_Patient_8,GSE274657 | Patient_8,5837,8345,mregDC-high
GSE274657,GSM8454235_Patient_8,GSE274657 | Patient_8,5704,8343,mregDC-high
GSE274657,GSM8454235_Patient_8,GSE274657 | Patient_8,5571,8341,mregDC-high
GSE274657,GSM8454235_Patient_8,GSE274657 | Patient_8,5438,8339,mregDC-high
GSE274657,GSM8454235_Patient_8,GSE274657 | Patient_8,5305,8337,mregDC-high
GSE274657,GSM8454235_Patient_8,GSE274657 | Patient_8,6570,8240,mregDC-high
GSE274657,GSM8454235_Patient_8,GSE274657 | Patient_8,6437,8238,mregDC-high
GSE274657,GSM8454235_Patient_8,GSE274657 | Patient_8,6304,8236,mregDC-high
GSE274657,GSM8454235_Patient_8,GSE274657 | Patient_8,5772,8228,mregDC-high
GSE274657,GSM8454235_Patient_8,GSE274657 | Patient_8,5639,8226,mregDC-high
GSE274657,GSM8454235_Patient_8,GSE274657 | Patient_8,5506,8224,mregDC-high
GSE274657,GSM8454235_Patient_8,GSE274657 | Patient_8,7569,8139,mregDC-high
GSE274657,GSM8454235_Patient_8,GSE274657 | Patient_8,6638,8125,mregDC-high
GSE274657,GSM8454235_Patient_8,GSE274657 | Patient_8,5840,8113,mregDC-high
GSE274657,GSM8454235_Patient_8,GSE274657 | Patient_8,5308,8105,mregDC-high
GSE274657,GSM8454235_Patient_8,GSE274657 | Patient_8,4510,8093,mregDC-high
GSE274657,GSM8454235_Patient_8,GSE274657 | Patient_8,7105,8017,mregDC-high
GSE274657,GSM8454235_Patient_8,GSE274657 | Patient_8,6706,8011,mregDC-high
GSE274657,GSM8454235_Patient_8,GSE274657 | Patient_8,6573,8009,mregDC-high
GSE274657,GSM8454235_Patient_8,GSE274657 | Patient_8,5509,7993,mregDC-high
GSE274657,GSM8454235_Patient_8,GSE274657 | Patient_8,9966,7944,mregDC-high
GSE274657,GSM8454235_Patient_8,GSE274657 | Patient_8,9833,7942,mregDC-high
GSE274657,GSM8454235_Patient_8,GSE274657 | Patient_8,9567,7938,mregDC-high
GSE274657,GSM8454235_Patient_8,GSE274657 | Patient_8,8503,7922,mregDC-high
GSE274657,GSM8454235_Patient_8,GSE274657 | Patient_8,8237,7918,mregDC-high
GSE274657,GSM8454235_Patient_8,GSE274657 | Patient_8,6375,7890,mregDC-high
GSE274657,GSM8454235_Patient_8,GSE274657 | Patient_8,6109,7886,mregDC-high
GSE274657,GSM8454235_Patient_8,GSE274657 | Patient_8,3849,7852,mregDC-high
GSE274657,GSM8454235_Patient_8,GSE274657 | Patient_8,8837,7811,mregDC-high
GSE274657,GSM8454235_Patient_8,GSE274657 | Patient_8,8305,7803,mregDC-high
GSE274657,GSM8454235_Patient_8,GSE274657 | Patient_8,5114,7755,mregDC-high
GSE274657,GSM8454235_Patient_8,GSE274657 | Patient_8,9038,7699,mregDC-high
GSE274657,GSM8454235_Patient_8,GSE274657 | Patient_8,5980,7653,mregDC-high
GSE274657,GSM8454235_Patient_8,GSE274657 | Patient_8,5315,7642,mregDC-high
GSE274657,GSM8454235_Patient_8,GSE274657 | Patient_8,4251,7626,mregDC-high
GSE274657,GSM8454235_Patient_8,GSE274657 | Patient_8,3321,7612,mregDC-high
GSE274657,GSM8454235_Patient_8,GSE274657 | Patient_8,3188,7610,mregDC-high
GSE274657,GSM8454235_Patient_8,GSE274657 | Patient_8,3055,7608,mregDC-high
GSE274657,GSM8454235_Patient_8,GSE274657 | Patient_8,2922,7606,mregDC-high
GSE274657,GSM8454235_Patient_8,GSE274657 | Patient_8,8309,7572,mregDC-high
GSE274657,GSM8454235_Patient_8,GSE274657 | Patient_8,7378,7558,mregDC-high
GSE274657,GSM8454235_Patient_8,GSE274657 | Patient_8,7112,7554,mregDC-high
GSE274657,GSM8454235_Patient_8,GSE274657 | Patient_8,3256,7496,mregDC-high
GSE274657,GSM8454235_Patient_8,GSE274657 | Patient_8,3123,7494,mregDC-high
GSE274657,GSM8454235_Patient_8,GSE274657 | Patient_8,2990,7492,mregDC-high
GSE274657,GSM8454235_Patient_8,GSE274657 | Patient_8,2857,7490,mregDC-high
GSE274657,GSM8454235_Patient_8,GSE274657 | Patient_8,10239,7485,mregDC-high
GSE274657,GSM8454235_Patient_8,GSE274657 | Patient_8,9441,7473,mregDC-high
GSE274657,GSM8454235_Patient_8,GSE274657 | Patient_8,9175,7469,mregDC-high
GSE274657,GSM8454235_Patient_8,GSE274657 | Patient_8,7313,7441,mregDC-high
GSE274657,GSM8454235_Patient_8,GSE274657 | Patient_8,7180,7439,mregDC-high
GSE274657,GSM8454235_Patient_8,GSE274657 | Patient_8,5851,7419,mregDC-high
GSE274657,GSM8454235_Patient_8,GSE274657 | Patient_8,5585,7415,mregDC-high
GSE274657,GSM8454235_Patient_8,GSE274657 | Patient_8,3457,7383,mregDC-high
GSE274657,GSM8454235_Patient_8,GSE274657 | Patient_8,2925,7375,mregDC-high
GSE274657,GSM8454235_Patient_8,GSE274657 | Patient_8,2659,7371,mregDC-high
GSE274657,GSM8454235_Patient_8,GSE274657 | Patient_8,2526,7369,mregDC-high
GSE274657,GSM8454235_Patient_8,GSE274657 | Patient_8,2393,7367,mregDC-high
GSE274657,GSM8454235_Patient_8,GSE274657 | Patient_8,10174,7369,mregDC-high
GSE274657,GSM8454235_Patient_8,GSE274657 | Patient_8,7514,7329,mregDC-high
GSE274657,GSM8454235_Patient_8,GSE274657 | Patient_8,7381,7327,mregDC-high
GSE274657,GSM8454235_Patient_8,GSE274657 | Patient_8,7248,7325,mregDC-high
GSE274657,GSM8454235_Patient_8,GSE274657 | Patient_8,7115,7323,mregDC-high
GSE274657,GSM8454235_Patient_8,GSE274657 | Patient_8,6584,7314,mregDC-high
GSE274657,GSM8454235_Patient_8,GSE274657 | Patient_8,6451,7312,mregDC-high
GSE274657,GSM8454235_Patient_8,GSE274657 | Patient_8,5653,7300,mregDC-high
GSE274657,GSM8454235_Patient_8,GSE274657 | Patient_8,5387,7296,mregDC-high
GSE274657,GSM8454235_Patient_8,GSE274657 | Patient_8,5254,7294,mregDC-high
GSE274657,GSM8454235_Patient_8,GSE274657 | Patient_8,3924,7274,mregDC-high
GSE274657,GSM8454235_Patient_8,GSE274657 | Patient_8,2462,7252,mregDC-high
GSE274657,GSM8454235_Patient_8,GSE274657 | Patient_8,2329,7250,mregDC-high
GSE274657,GSM8454235_Patient_8,GSE274657 | Patient_8,2196,7248,mregDC-high
GSE274657,GSM8454235_Patient_8,GSE274657 | Patient_8,2063,7246,mregDC-high
GSE274657,GSM8454235_Patient_8,GSE274657 | Patient_8,1930,7244,mregDC-high
GSE274657,GSM8454235_Patient_8,GSE274657 | Patient_8,1797,7242,mregDC-high
GSE274657,GSM8454235_Patient_8,GSE274657 | Patient_8,8248,7224,mregDC-high
GSE274657,GSM8454235_Patient_8,GSE274657 | Patient_8,7716,7216,mregDC-high
GSE274657,GSM8454235_Patient_8,GSE274657 | Patient_8,7583,7214,mregDC-high
GSE274657,GSM8454235_Patient_8,GSE274657 | Patient_8,7051,7206,mregDC-high
GSE274657,GSM8454235_Patient_8,GSE274657 | Patient_8,6785,7202,mregDC-high
GSE274657,GSM8454235_Patient_8,GSE274657 | Patient_8,6652,7200,mregDC-high
GSE274657,GSM8454235_Patient_8,GSE274657 | Patient_8,6519,7198,mregDC-high
GSE274657,GSM8454235_Patient_8,GSE274657 | Patient_8,5854,7188,mregDC-high
GSE274657,GSM8454235_Patient_8,GSE274657 | Patient_8,4923,7174,mregDC-high
GSE274657,GSM8454235_Patient_8,GSE274657 | Patient_8,3328,7150,mregDC-high
GSE274657,GSM8454235_Patient_8,GSE274657 | Patient_8,3062,7146,mregDC-high
GSE274657,GSM8454235_Patient_8,GSE274657 | Patient_8,2796,7141,mregDC-high
GSE274657,GSM8454235_Patient_8,GSE274657 | Patient_8,2131,7131,mregDC-high
GSE274657,GSM8454235_Patient_8,GSE274657 | Patient_8,1865,7127,mregDC-high
GSE274657,GSM8454235_Patient_8,GSE274657 | Patient_8,9911,7133,mregDC-high
GSE274657,GSM8454235_Patient_8,GSE274657 | Patient_8,7784,7101,mregDC-high
GSE274657,GSM8454235_Patient_8,GSE274657 | Patient_8,7651,7099,mregDC-high
GSE274657,GSM8454235_Patient_8,GSE274657 | Patient_8,7518,7097,mregDC-high
GSE274657,GSM8454235_Patient_8,GSE274657 | Patient_8,6720,7085,mregDC-high
GSE274657,GSM8454235_Patient_8,GSE274657 | Patient_8,5922,7073,mregDC-high
GSE274657,GSM8454235_Patient_8,GSE274657 | Patient_8,5789,7071,mregDC-high
GSE274657,GSM8454235_Patient_8,GSE274657 | Patient_8,3263,7033,mregDC-high
GSE274657,GSM8454235_Patient_8,GSE274657 | Patient_8,3130,7031,mregDC-high
GSE274657,GSM8454235_Patient_8,GSE274657 | Patient_8,2864,7027,mregDC-high
GSE274657,GSM8454235_Patient_8,GSE274657 | Patient_8,2731,7025,mregDC-high
GSE274657,GSM8454235_Patient_8,GSE274657 | Patient_8,1933,7013,mregDC-high
GSE274657,GSM8454235_Patient_8,GSE274657 | Patient_8,7985,6989,mregDC-high
GSE274657,GSM8454235_Patient_8,GSE274657 | Patient_8,7719,6985,mregDC-high
GSE274657,GSM8454235_Patient_8,GSE274657 | Patient_8,6655,6968,mregDC-high
GSE274657,GSM8454235_Patient_8,GSE274657 | Patient_8,2799,6910,mregDC-high
GSE274657,GSM8454235_Patient_8,GSE274657 | Patient_8,2666,6908,mregDC-high
GSE274657,GSM8454235_Patient_8,GSE274657 | Patient_8,1868,6896,mregDC-high
GSE274657,GSM8454235_Patient_8,GSE274657 | Patient_8,5793,6840,mregDC-high
GSE274657,GSM8454235_Patient_8,GSE274657 | Patient_8,4995,6828,mregDC-high
GSE274657,GSM8454235_Patient_8,GSE274657 | Patient_8,4862,6826,mregDC-high
GSE274657,GSM8454235_Patient_8,GSE274657 | Patient_8,4596,6822,mregDC-high
GSE274657,GSM8454235_Patient_8,GSE274657 | Patient_8,4463,6820,mregDC-high
GSE274657,GSM8454235_Patient_8,GSE274657 | Patient_8,3931,6812,mregDC-high
GSE274657,GSM8454235_Patient_8,GSE274657 | Patient_8,3798,6810,mregDC-high
GSE274657,GSM8454235_Patient_8,GSE274657 | Patient_8,2469,6789,mregDC-high
GSE274657,GSM8454235_Patient_8,GSE274657 | Patient_8,8255,6761,mregDC-high
GSE274657,GSM8454235_Patient_8,GSE274657 | Patient_8,5728,6723,mregDC-high
GSE274657,GSM8454235_Patient_8,GSE274657 | Patient_8,5462,6719,mregDC-high
GSE274657,GSM8454235_Patient_8,GSE274657 | Patient_8,5196,6715,mregDC-high
GSE274657,GSM8454235_Patient_8,GSE274657 | Patient_8,4531,6705,mregDC-high
GSE274657,GSM8454235_Patient_8,GSE274657 | Patient_8,4398,6703,mregDC-high
GSE274657,GSM8454235_Patient_8,GSE274657 | Patient_8,3999,6697,mregDC-high
GSE274657,GSM8454235_Patient_8,GSE274657 | Patient_8,3866,6695,mregDC-high
GSE274657,GSM8454235_Patient_8,GSE274657 | Patient_8,2005,6667,mregDC-high
GSE274657,GSM8454235_Patient_8,GSE274657 | Patient_8,6594,6620,mregDC-high
GSE274657,GSM8454235_Patient_8,GSE274657 | Patient_8,4865,6594,mregDC-high
GSE274657,GSM8454235_Patient_8,GSE274657 | Patient_8,4467,6588,mregDC-high
GSE274657,GSM8454235_Patient_8,GSE274657 | Patient_8,2339,6556,mregDC-high
GSE274657,GSM8454235_Patient_8,GSE274657 | Patient_8,1940,6550,mregDC-high
GSE274657,GSM8454235_Patient_8,GSE274657 | Patient_8,9854,6554,mregDC-high
GSE274657,GSM8454235_Patient_8,GSE274657 | Patient_8,5599,6490,mregDC-high
GSE274657,GSM8454235_Patient_8,GSE274657 | Patient_8,5067,6482,mregDC-high
GSE274657,GSM8454235_Patient_8,GSE274657 | Patient_8,4402,6472,mregDC-high
GSE274657,GSM8454235_Patient_8,GSE274657 | Patient_8,3870,6463,mregDC-high
GSE274657,GSM8454235_Patient_8,GSE274657 | Patient_8,2274,6439,mregDC-high
GSE274657,GSM8454235_Patient_8,GSE274657 | Patient_8,2141,6437,mregDC-high
GSE274657,GSM8454235_Patient_8,GSE274657 | Patient_8,1875,6433,mregDC-high
GSE274657,GSM8454235_Patient_8,GSE274657 | Patient_8,3406,6341,mregDC-high
GSE274657,GSM8454235_Patient_8,GSE274657 | Patient_8,2343,6325,mregDC-high
GSE274657,GSM8454235_Patient_8,GSE274657 | Patient_8,2210,6323,mregDC-high
GSE274657,GSM8454235_Patient_8,GSE274657 | Patient_8,2077,6321,mregDC-high
GSE274657,GSM8454235_Patient_8,GSE274657 | Patient_8,1944,6319,mregDC-high
GSE274657,GSM8454235_Patient_8,GSE274657 | Patient_8,7996,6294,mregDC-high
GSE274657,GSM8454235_Patient_8,GSE274657 | Patient_8,2278,6208,mregDC-high
GSE274657,GSM8454235_Patient_8,GSE274657 | Patient_8,2145,6206,mregDC-high
GSE274657,GSM8454235_Patient_8,GSE274657 | Patient_8,2012,6204,mregDC-high
GSE274657,GSM8454235_Patient_8,GSE274657 | Patient_8,2612,6097,mregDC-high
GSE274657,GSM8454235_Patient_8,GSE274657 | Patient_8,2346,6093,mregDC-high
GSE274657,GSM8454235_Patient_8,GSE274657 | Patient_8,2080,6089,mregDC-high
GSE274657,GSM8454235_Patient_8,GSE274657 | Patient_8,1947,6087,mregDC-high
GSE274657,GSM8454235_Patient_8,GSE274657 | Patient_8,6935,6047,mregDC-high
GSE274657,GSM8454235_Patient_8,GSE274657 | Patient_8,4143,6005,mregDC-high
GSE274657,GSM8454235_Patient_8,GSE274657 | Patient_8,1882,5971,mregDC-high
GSE274657,GSM8454235_Patient_8,GSE274657 | Patient_8,1818,5854,mregDC-high
GSE274657,GSM8454235_Patient_8,GSE274657 | Patient_8,9199,5850,mregDC-high
GSE274657,GSM8454235_Patient_8,GSE274657 | Patient_8,4545,5779,mregDC-high
GSE274657,GSM8454235_Patient_8,GSE274657 | Patient_8,1886,5739,mregDC-high
GSE274657,GSM8454235_Patient_8,GSE274657 | Patient_8,9268,5735,mregDC-high
GSE274657,GSM8454235_Patient_8,GSE274657 | Patient_8,2752,5637,mregDC-high
GSE274657,GSM8454235_Patient_8,GSE274657 | Patient_8,9602,5624,mregDC-high
GSE274657,GSM8454235_Patient_8,GSE274657 | Patient_8,9336,5620,mregDC-high
GSE274657,GSM8454235_Patient_8,GSE274657 | Patient_8,9203,5618,mregDC-high
GSE274657,GSM8454235_Patient_8,GSE274657 | Patient_8,2554,5518,mregDC-high
GSE274657,GSM8454235_Patient_8,GSE274657 | Patient_8,10202,5518,mregDC-high
GSE274657,GSM8454235_Patient_8,GSE274657 | Patient_8,10069,5516,mregDC-high
GSE274657,GSM8454235_Patient_8,GSE274657 | Patient_8,10270,5403,mregDC-high
GSE274657,GSM8454235_Patient_8,GSE274657 | Patient_8,6148,5341,mregDC-high
GSE274657,GSM8454235_Patient_8,GSE274657 | Patient_8,2691,5289,mregDC-high
GSE274657,GSM8454235_Patient_8,GSE274657 | Patient_8,2558,5287,mregDC-high
GSE274657,GSM8454235_Patient_8,GSE274657 | Patient_8,10205,5286,mregDC-high
GSE274657,GSM8454235_Patient_8,GSE274657 | Patient_8,10072,5284,mregDC-high
GSE274657,GSM8454235_Patient_8,GSE274657 | Patient_8,9673,5278,mregDC-high
GSE274657,GSM8454235_Patient_8,GSE274657 | Patient_8,9540,5276,mregDC-high
GSE274657,GSM8454235_Patient_8,GSE274657 | Patient_8,3158,5180,mregDC-high
GSE274657,GSM8454235_Patient_8,GSE274657 | Patient_8,2759,5174,mregDC-high
GSE274657,GSM8454235_Patient_8,GSE274657 | Patient_8,10274,5172,mregDC-high
GSE274657,GSM8454235_Patient_8,GSE274657 | Patient_8,10008,5168,mregDC-high
GSE274657,GSM8454235_Patient_8,GSE274657 | Patient_8,4822,5089,mregDC-high
GSE274657,GSM8454235_Patient_8,GSE274657 | Patient_8,4157,5079,mregDC-high
GSE274657,GSM8454235_Patient_8,GSE274657 | Patient_8,2827,5059,mregDC-high
GSE274657,GSM8454235_Patient_8,GSE274657 | Patient_8,2694,5057,mregDC-high
GSE274657,GSM8454235_Patient_8,GSE274657 | Patient_8,2561,5055,mregDC-high
GSE274657,GSM8454235_Patient_8,GSE274657 | Patient_8,9943,5051,mregDC-high
GSE274657,GSM8454235_Patient_8,GSE274657 | Patient_8,9810,5049,mregDC-high
GSE274657,GSM8454235_Patient_8,GSE274657 | Patient_8,9677,5047,mregDC-high
GSE274657,GSM8454235_Patient_8,GSE274657 | Patient_8,2762,4942,mregDC-high
GSE274657,GSM8454235_Patient_8,GSE274657 | Patient_8,2629,4940,mregDC-high
GSE274657,GSM8454235_Patient_8,GSE274657 | Patient_8,10277,4940,mregDC-high
GSE274657,GSM8454235_Patient_8,GSE274657 | Patient_8,10144,4938,mregDC-high
GSE274657,GSM8454235_Patient_8,GSE274657 | Patient_8,10011,4936,mregDC-high
GSE274657,GSM8454235_Patient_8,GSE274657 | Patient_8,9878,4934,mregDC-high
GSE274657,GSM8454235_Patient_8,GSE274657 | Patient_8,9745,4932,mregDC-high
GSE274657,GSM8454235_Patient_8,GSE274657 | Patient_8,5357,4866,mregDC-high
GSE274657,GSM8454235_Patient_8,GSE274657 | Patient_8,3894,4844,mregDC-high
GSE274657,GSM8454235_Patient_8,GSE274657 | Patient_8,3097,4832,mregDC-high
GSE274657,GSM8454235_Patient_8,GSE274657 | Patient_8,2964,4830,mregDC-high
GSE274657,GSM8454235_Patient_8,GSE274657 | Patient_8,2698,4826,mregDC-high
GSE274657,GSM8454235_Patient_8,GSE274657 | Patient_8,10212,4824,mregDC-high
GSE274657,GSM8454235_Patient_8,GSE274657 | Patient_8,10079,4822,mregDC-high
GSE274657,GSM8454235_Patient_8,GSE274657 | Patient_8,9946,4820,mregDC-high
GSE274657,GSM8454235_Patient_8,GSE274657 | Patient_8,9813,4818,mregDC-high
GSE274657,GSM8454235_Patient_8,GSE274657 | Patient_8,9680,4816,mregDC-high
GSE274657,GSM8454235_Patient_8,GSE274657 | Patient_8,9016,4806,mregDC-high
GSE274657,GSM8454235_Patient_8,GSE274657 | Patient_8,2766,4711,mregDC-high
GSE274657,GSM8454235_Patient_8,GSE274657 | Patient_8,10281,4709,mregDC-high
GSE274657,GSM8454235_Patient_8,GSE274657 | Patient_8,10015,4705,mregDC-high
GSE274657,GSM8454235_Patient_8,GSE274657 | Patient_8,9882,4703,mregDC-high
GSE274657,GSM8454235_Patient_8,GSE274657 | Patient_8,9616,4699,mregDC-high
GSE274657,GSM8454235_Patient_8,GSE274657 | Patient_8,4031,4615,mregDC-high
GSE274657,GSM8454235_Patient_8,GSE274657 | Patient_8,3898,4613,mregDC-high
GSE274657,GSM8454235_Patient_8,GSE274657 | Patient_8,2701,4594,mregDC-high
GSE274657,GSM8454235_Patient_8,GSE274657 | Patient_8,2435,4590,mregDC-high
GSE274657,GSM8454235_Patient_8,GSE274657 | Patient_8,3700,4494,mregDC-high
GSE274657,GSM8454235_Patient_8,GSE274657 | Patient_8,2371,4474,mregDC-high
GSE274657,GSM8454235_Patient_8,GSE274657 | Patient_8,1972,4468,mregDC-high
GSE274657,GSM8454235_Patient_8,GSE274657 | Patient_8,1839,4466,mregDC-high
GSE274657,GSM8454235_Patient_8,GSE274657 | Patient_8,9885,4472,mregDC-high
GSE274657,GSM8454235_Patient_8,GSE274657 | Patient_8,9619,4468,mregDC-high
GSE274657,GSM8454235_Patient_8,GSE274657 | Patient_8,2705,4363,mregDC-high
GSE274657,GSM8454235_Patient_8,GSE274657 | Patient_8,2040,4353,mregDC-high
GSE274657,GSM8454235_Patient_8,GSE274657 | Patient_8,1907,4351,mregDC-high
GSE274657,GSM8454235_Patient_8,GSE274657 | Patient_8,8358,4333,mregDC-high
GSE274657,GSM8454235_Patient_8,GSE274657 | Patient_8,1975,4236,mregDC-high
GSE274657,GSM8454235_Patient_8,GSE274657 | Patient_8,9756,4238,mregDC-high
GSE274657,GSM8454235_Patient_8,GSE274657 | Patient_8,2043,4122,mregDC-high
GSE274657,GSM8454235_Patient_8,GSE274657 | Patient_8,1910,4120,mregDC-high
GSE274657,GSM8454235_Patient_8,GSE274657 | Patient_8,10090,4128,mregDC-high
GSE274657,GSM8454235_Patient_8,GSE274657 | Patient_8,2643,4015,mregDC-high
GSE274657,GSM8454235_Patient_8,GSE274657 | Patient_8,1979,4005,mregDC-high
GSE274657,GSM8454235_Patient_8,GSE274657 | Patient_8,1846,4003,mregDC-high
GSE274657,GSM8454235_Patient_8,GSE274657 | Patient_8,4440,3926,mregDC-high
GSE274657,GSM8454235_Patient_8,GSE274657 | Patient_8,4307,3924,mregDC-high
GSE274657,GSM8454235_Patient_8,GSE274657 | Patient_8,2845,3902,mregDC-high
GSE274657,GSM8454235_Patient_8,GSE274657 | Patient_8,8764,3876,mregDC-high
GSE274657,GSM8454235_Patient_8,GSE274657 | Patient_8,6104,3836,mregDC-high
GSE274657,GSM8454235_Patient_8,GSE274657 | Patient_8,4243,3808,mregDC-high
GSE274657,GSM8454235_Patient_8,GSE274657 | Patient_8,2780,3786,mregDC-high
GSE274657,GSM8454235_Patient_8,GSE274657 | Patient_8,2514,3782,mregDC-high
GSE274657,GSM8454235_Patient_8,GSE274657 | Patient_8,1849,3772,mregDC-high
GSE274657,GSM8454235_Patient_8,GSE274657 | Patient_8,4577,3697,mregDC-high
GSE274657,GSM8454235_Patient_8,GSE274657 | Patient_8,3380,3679,mregDC-high
GSE274657,GSM8454235_Patient_8,GSE274657 | Patient_8,3247,3677,mregDC-high
GSE274657,GSM8454235_Patient_8,GSE274657 | Patient_8,2582,3667,mregDC-high
GSE274657,GSM8454235_Patient_8,GSE274657 | Patient_8,1917,3657,mregDC-high
GSE274657,GSM8454235_Patient_8,GSE274657 | Patient_8,10097,3665,mregDC-high
GSE274657,GSM8454235_Patient_8,GSE274657 | Patient_8,9698,3659,mregDC-high
GSE274657,GSM8454235_Patient_8,GSE274657 | Patient_8,7171,3621,mregDC-high
GSE274657,GSM8454235_Patient_8,GSE274657 | Patient_8,6906,3617,mregDC-high
GSE274657,GSM8454235_Patient_8,GSE274657 | Patient_8,3315,3562,mregDC-high
GSE274657,GSM8454235_Patient_8,GSE274657 | Patient_8,3182,3560,mregDC-high
GSE274657,GSM8454235_Patient_8,GSE274657 | Patient_8,3049,3558,mregDC-high
GSE274657,GSM8454235_Patient_8,GSE274657 | Patient_8,2517,3550,mregDC-high
GSE274657,GSM8454235_Patient_8,GSE274657 | Patient_8,2119,3544,mregDC-high
GSE274657,GSM8454235_Patient_8,GSE274657 | Patient_8,1986,3542,mregDC-high
GSE274657,GSM8454235_Patient_8,GSE274657 | Patient_8,1853,3540,mregDC-high
GSE274657,GSM8454235_Patient_8,GSE274657 | Patient_8,6841,3500,mregDC-high
GSE274657,GSM8454235_Patient_8,GSE274657 | Patient_8,5378,3478,mregDC-high
GSE274657,GSM8454235_Patient_8,GSE274657 | Patient_8,4447,3464,mregDC-high
GSE274657,GSM8454235_Patient_8,GSE274657 | Patient_8,4314,3462,mregDC-high
GSE274657,GSM8454235_Patient_8,GSE274657 | Patient_8,3517,3450,mregDC-high
GSE274657,GSM8454235_Patient_8,GSE274657 | Patient_8,9435,3423,mregDC-high
GSE274657,GSM8454235_Patient_8,GSE274657 | Patient_8,9303,3421,mregDC-high
GSE274657,GSM8454235_Patient_8,GSE274657 | Patient_8,4914,3355,mregDC-high
GSE274657,GSM8454235_Patient_8,GSE274657 | Patient_8,4383,3347,mregDC-high
GSE274657,GSM8454235_Patient_8,GSE274657 | Patient_8,4250,3345,mregDC-high
GSE274657,GSM8454235_Patient_8,GSE274657 | Patient_8,2255,3315,mregDC-high
GSE274657,GSM8454235_Patient_8,GSE274657 | Patient_8,1989,3311,mregDC-high
GSE274657,GSM8454235_Patient_8,GSE274657 | Patient_8,1856,3309,mregDC-high
GSE274657,GSM8454235_Patient_8,GSE274657 | Patient_8,9238,3305,mregDC-high
GSE274657,GSM8454235_Patient_8,GSE274657 | Patient_8,8174,3289,mregDC-high
GSE274657,GSM8454235_Patient_8,GSE274657 | Patient_8,9705,3196,mregDC-high
GSE274657,GSM8454235_Patient_8,GSE274657 | Patient_8,9572,3194,mregDC-high
GSE274657,GSM8454235_Patient_8,GSE274657 | Patient_8,9306,3190,mregDC-high
GSE274657,GSM8454235_Patient_8,GSE274657 | Patient_8,9173,3188,mregDC-high
GSE274657,GSM8454235_Patient_8,GSE274657 | Patient_8,6248,3144,mregDC-high
GSE274657,GSM8454235_Patient_8,GSE274657 | Patient_8,5051,3126,mregDC-high
GSE274657,GSM8454235_Patient_8,GSE274657 | Patient_8,4652,3120,mregDC-high
GSE274657,GSM8454235_Patient_8,GSE274657 | Patient_8,4519,3118,mregDC-high
GSE274657,GSM8454235_Patient_8,GSE274657 | Patient_8,1860,3077,mregDC-high
GSE274657,GSM8454235_Patient_8,GSE274657 | Patient_8,9640,3079,mregDC-high
GSE274657,GSM8454235_Patient_8,GSE274657 | Patient_8,9507,3077,mregDC-high
GSE274657,GSM8454235_Patient_8,GSE274657 | Patient_8,10107,2971,mregDC-high
GSE274657,GSM8454235_Patient_8,GSE274657 | Patient_8,9841,2967,mregDC-high
GSE274657,GSM8454235_Patient_8,GSE274657 | Patient_8,9708,2965,mregDC-high
GSE274657,GSM8454235_Patient_8,GSE274657 | Patient_8,9442,2961,mregDC-high
GSE274657,GSM8454235_Patient_8,GSE274657 | Patient_8,7847,2937,mregDC-high
GSE274657,GSM8454235_Patient_8,GSE274657 | Patient_8,7714,2935,mregDC-high
GSE274657,GSM8454235_Patient_8,GSE274657 | Patient_8,6916,2922,mregDC-high
GSE274657,GSM8454235_Patient_8,GSE274657 | Patient_8,5320,2898,mregDC-high
GSE274657,GSM8454235_Patient_8,GSE274657 | Patient_8,2395,2854,mregDC-high
GSE274657,GSM8454235_Patient_8,GSE274657 | Patient_8,2064,2733,mregDC-high
GSE274657,GSM8454235_Patient_8,GSE274657 | Patient_8,7185,2695,mregDC-high
GSE274657,GSM8454235_Patient_8,GSE274657 | Patient_8,7053,2693,mregDC-high
GSE274657,GSM8454235_Patient_8,GSE274657 | Patient_8,2399,2623,mregDC-high
GSE274657,GSM8454235_Patient_8,GSE274657 | Patient_8,1867,2615,mregDC-high
GSE274657,GSM8454235_Patient_8,GSE274657 | Patient_8,10312,2627,mregDC-high
GSE274657,GSM8454235_Patient_8,GSE274657 | Patient_8,4195,2534,mregDC-high
GSE274657,GSM8454235_Patient_8,GSE274657 | Patient_8,2201,2504,mregDC-high
GSE274657,GSM8454235_Patient_8,GSE274657 | Patient_8,1935,2500,mregDC-high
GSE274657,GSM8454235_Patient_8,GSE274657 | Patient_8,7056,2462,mregDC-high
GSE274657,GSM8454235_Patient_8,GSE274657 | Patient_8,2668,2395,mregDC-high
GSE274657,GSM8454235_Patient_8,GSE274657 | Patient_8,2269,2389,mregDC-high
GSE274657,GSM8454235_Patient_8,GSE274657 | Patient_8,7656,2355,mregDC-high
GSE274657,GSM8454235_Patient_8,GSE274657 | Patient_8,2736,2281,mregDC-high
GSE274657,GSM8454235_Patient_8,GSE274657 | Patient_8,2603,2279,mregDC-high
GSE274657,GSM8454235_Patient_8,GSE274657 | Patient_8,2470,2277,mregDC-high
GSE274657,GSM8454235_Patient_8,GSE274657 | Patient_8,2337,2275,mregDC-high
GSE274657,GSM8454235_Patient_8,GSE274657 | Patient_8,7857,2242,mregDC-high
GSE274657,GSM8454235_Patient_8,GSE274657 | Patient_8,7724,2240,mregDC-high
GSE274657,GSM8454235_Patient_8,GSE274657 | Patient_8,7591,2238,mregDC-high
GSE274657,GSM8454235_Patient_8,GSE274657 | Patient_8,7458,2236,mregDC-high
GSE274657,GSM8454235_Patient_8,GSE274657 | Patient_8,5331,2204,mregDC-high
GSE274657,GSM8454235_Patient_8,GSE274657 | Patient_8,4267,2188,mregDC-high
GSE274657,GSM8454235_Patient_8,GSE274657 | Patient_8,4134,2186,mregDC-high
GSE274657,GSM8454235_Patient_8,GSE274657 | Patient_8,2937,2168,mregDC-high
GSE274657,GSM8454235_Patient_8,GSE274657 | Patient_8,2804,2166,mregDC-high
GSE274657,GSM8454235_Patient_8,GSE274657 | Patient_8,2671,2164,mregDC-high
GSE274657,GSM8454235_Patient_8,GSE274657 | Patient_8,2406,2160,mregDC-high
GSE274657,GSM8454235_Patient_8,GSE274657 | Patient_8,9654,2154,mregDC-high
GSE274657,GSM8454235_Patient_8,GSE274657 | Patient_8,7660,2124,mregDC-high
GSE274657,GSM8454235_Patient_8,GSE274657 | Patient_8,7527,2122,mregDC-high
GSE274657,GSM8454235_Patient_8,GSE274657 | Patient_8,4202,2071,mregDC-high
GSE274657,GSM8454235_Patient_8,GSE274657 | Patient_8,4069,2069,mregDC-high
GSE274657,GSM8454235_Patient_8,GSE274657 | Patient_8,2873,2051,mregDC-high
GSE274657,GSM8454235_Patient_8,GSE274657 | Patient_8,2740,2049,mregDC-high
GSE274657,GSM8454235_Patient_8,GSE274657 | Patient_8,2607,2047,mregDC-high
GSE274657,GSM8454235_Patient_8,GSE274657 | Patient_8,9988,2043,mregDC-high
GSE274657,GSM8454235_Patient_8,GSE274657 | Patient_8,7994,2013,mregDC-high
GSE274657,GSM8454235_Patient_8,GSE274657 | Patient_8,7595,2007,mregDC-high
GSE274657,GSM8454235_Patient_8,GSE274657 | Patient_8,4404,1959,mregDC-high
GSE274657,GSM8454235_Patient_8,GSE274657 | Patient_8,3340,1943,mregDC-high
GSE274657,GSM8454235_Patient_8,GSE274657 | Patient_8,3074,1939,mregDC-high
GSE274657,GSM8454235_Patient_8,GSE274657 | Patient_8,2941,1937,mregDC-high
GSE274657,GSM8454235_Patient_8,GSE274657 | Patient_8,2808,1935,mregDC-high
GSE274657,GSM8454235_Patient_8,GSE274657 | Patient_8,2675,1933,mregDC-high
GSE274657,GSM8454235_Patient_8,GSE274657 | Patient_8,2542,1931,mregDC-high
GSE274657,GSM8454235_Patient_8,GSE274657 | Patient_8,2409,1929,mregDC-high
GSE274657,GSM8454235_Patient_8,GSE274657 | Patient_8,8328,1902,mregDC-high
GSE274657,GSM8454235_Patient_8,GSE274657 | Patient_8,4339,1842,mregDC-high
GSE274657,GSM8454235_Patient_8,GSE274657 | Patient_8,3142,1824,mregDC-high
GSE274657,GSM8454235_Patient_8,GSE274657 | Patient_8,2876,1820,mregDC-high
GSE274657,GSM8454235_Patient_8,GSE274657 | Patient_8,2743,1818,mregDC-high
GSE274657,GSM8454235_Patient_8,GSE274657 | Patient_8,2477,1814,mregDC-high
GSE274657,GSM8454235_Patient_8,GSE274657 | Patient_8,2344,1812,mregDC-high
GSE274657,GSM8454235_Patient_8,GSE274657 | Patient_8,8396,1788,mregDC-high
GSE274657,GSM8454235_Patient_8,GSE274657 | Patient_8,8263,1786,mregDC-high
GSE274657,GSM8454235_Patient_8,GSE274657 | Patient_8,7465,1774,mregDC-high
GSE274657,GSM8454235_Patient_8,GSE274657 | Patient_8,3343,1711,mregDC-high
GSE274657,GSM8454235_Patient_8,GSE274657 | Patient_8,2811,1703,mregDC-high
GSE274657,GSM8454235_Patient_8,GSE274657 | Patient_8,2678,1701,mregDC-high
GSE274657,GSM8454235_Patient_8,GSE274657 | Patient_8,10060,1697,mregDC-high
GSE274657,GSM8454235_Patient_8,GSE274657 | Patient_8,8464,1673,mregDC-high
GSE274657,GSM8454235_Patient_8,GSE274657 | Patient_8,8066,1667,mregDC-high
GSE274657,GSM8454235_Patient_8,GSE274657 | Patient_8,4342,1611,mregDC-high
GSE274657,GSM8454235_Patient_8,GSE274657 | Patient_8,3545,1599,mregDC-high
GSE274657,GSM8454235_Patient_8,GSE274657 | Patient_8,2880,1589,mregDC-high
GSE274657,GSM8454235_Patient_8,GSE274657 | Patient_8,2747,1587,mregDC-high
GSE274657,GSM8454235_Patient_8,GSE274657 | Patient_8,1949,1575,mregDC-high
GSE274657,GSM8454235_Patient_8,GSE274657 | Patient_8,8533,1558,mregDC-high
GSE274657,GSM8454235_Patient_8,GSE274657 | Patient_8,3746,1486,mregDC-high
GSE274657,GSM8454235_Patient_8,GSE274657 | Patient_8,3480,1482,mregDC-high
GSE274657,GSM8454235_Patient_8,GSE274657 | Patient_8,2815,1472,mregDC-high
GSE274657,GSM8454235_Patient_8,GSE274657 | Patient_8,2682,1470,mregDC-high
GSE274657,GSM8454235_Patient_8,GSE274657 | Patient_8,2150,1462,mregDC-high
GSE274657,GSM8454235_Patient_8,GSE274657 | Patient_8,7271,1424,mregDC-high
GSE274657,GSM8454235_Patient_8,GSE274657 | Patient_8,3947,1373,mregDC-high
GSE274657,GSM8454235_Patient_8,GSE274657 | Patient_8,3548,1367,mregDC-high
GSE274657,GSM8454235_Patient_8,GSE274657 | Patient_8,2883,1357,mregDC-high
GSE274657,GSM8454235_Patient_8,GSE274657 | Patient_8,2617,1353,mregDC-high
GSE274657,GSM8454235_Patient_8,GSE274657 | Patient_8,9600,1343,mregDC-high
GSE274657,GSM8454235_Patient_8,GSE274657 | Patient_8,8669,1329,mregDC-high
GSE274657,GSM8454235_Patient_8,GSE274657 | Patient_8,8536,1327,mregDC-high
GSE274657,GSM8454235_Patient_8,GSE274657 | Patient_8,8270,1323,mregDC-high
GSE274657,GSM8454235_Patient_8,GSE274657 | Patient_8,4015,1259,mregDC-high
GSE274657,GSM8454235_Patient_8,GSE274657 | Patient_8,3882,1257,mregDC-high
GSE274657,GSM8454235_Patient_8,GSE274657 | Patient_8,3084,1245,mregDC-high
GSE274657,GSM8454235_Patient_8,GSE274657 | Patient_8,10333,1239,mregDC-high
GSE274657,GSM8454235_Patient_8,GSE274657 | Patient_8,10067,1234,mregDC-high
GSE274657,GSM8454235_Patient_8,GSE274657 | Patient_8,8471,1210,mregDC-high
GSE274657,GSM8454235_Patient_8,GSE274657 | Patient_8,4083,1144,mregDC-high
GSE274657,GSM8454235_Patient_8,GSE274657 | Patient_8,8274,1092,mregDC-high
GSE274657,GSM8454235_Patient_8,GSE274657 | Patient_8,7210,1076,mregDC-high
GSE274657,GSM8454235_Patient_8,GSE274657 | Patient_8,4152,1029,mregDC-high
GSE274657,GSM8454235_Patient_8,GSE274657 | Patient_8,4019,1027,mregDC-high
GSE274657,GSM8454235_Patient_8,GSE274657 | Patient_8,7943,971,mregDC-high
GSE274657,GSM8454235_Patient_8,GSE274657 | Patient_8,7677,967,mregDC-high
GSE274657,GSM8454235_Patient_8,GSE274657 | Patient_8,8809,868,mregDC-high
GSE274657,GSM8454235_Patient_8,GSE274657 | Patient_8,8410,862,mregDC-high
GSE274657,GSM8454235_Patient_8,GSE274657 | Patient_8,6948,840,mregDC-high
GSE274657,GSM8454235_Patient_8,GSE274657 | Patient_8,10207,774,mregDC-high
GSE274657,GSM8454235_Patient_8,GSE274657 | Patient_8,9675,766,mregDC-high
GSE274657,GSM8454235_Patient_8,GSE274657 | Patient_8,9010,756,mregDC-high
GSE274657,GSM8454235_Patient_8,GSE274657 | Patient_8,10275,659,mregDC-high
GSE274657,GSM8454235_Patient_8,GSE274657 | Patient_8,10142,657,mregDC-high
GSE274657,GSM8454235_Patient_8,GSE274657 | Patient_8,10211,542,mregDC-high
GSE274657,GSM8454235_Patient_8,GSE274657 | Patient_8,9546,532,mregDC-high
GSE288483,GSM8768679_Pt1-1,GSE288483 | Pt1-1,6486,2705,mregDC-high
GSE288483,GSM8768679_Pt1-1,GSE288483 | Pt1-1,6749,2705,mregDC-high
GSE288483,GSM8768679_Pt1-1,GSE288483 | Pt1-1,6617,2934,mregDC-high
GSE288483,GSM8768679_Pt1-1,GSE288483 | Pt1-1,6683,2820,mregDC-high
GSE288483,GSM8768679_Pt1-1,GSE288483 | Pt1-1,6749,2934,mregDC-high
GSE288483,GSM8768679_Pt1-1,GSE288483 | Pt1-1,6815,2820,mregDC-high
GSE288483,GSM8768679_Pt1-1,GSE288483 | Pt1-1,6881,2935,mregDC-high
GSE288483,GSM8768679_Pt1-1,GSE288483 | Pt1-1,6947,2820,mregDC-high
GSE288483,GSM8768679_Pt1-1,GSE288483 | Pt1-1,7012,2935,mregDC-high
GSE288483,GSM8768679_Pt1-1,GSE288483 | Pt1-1,7144,2936,mregDC-high
GSE288483,GSM8768679_Pt1-1,GSE288483 | Pt1-1,4114,3157,mregDC-high
GSE288483,GSM8768679_Pt1-1,GSE288483 | Pt1-1,4575,3043,mregDC-high
GSE288483,GSM8768679_Pt1-1,GSE288483 | Pt1-1,5826,3161,mregDC-high
GSE288483,GSM8768679_Pt1-1,GSE288483 | Pt1-1,5958,3162,mregDC-high
GSE288483,GSM8768679_Pt1-1,GSE288483 | Pt1-1,6024,3047,mregDC-high
GSE288483,GSM8768679_Pt1-1,GSE288483 | Pt1-1,6551,3049,mregDC-high
GSE288483,GSM8768679_Pt1-1,GSE288483 | Pt1-1,6617,3163,mregDC-high
GSE288483,GSM8768679_Pt1-1,GSE288483 | Pt1-1,6683,3049,mregDC-high
GSE288483,GSM8768679_Pt1-1,GSE288483 | Pt1-1,6814,3049,mregDC-high
GSE288483,GSM8768679_Pt1-1,GSE288483 | Pt1-1,6880,3164,mregDC-high
GSE288483,GSM8768679_Pt1-1,GSE288483 | Pt1-1,6946,3050,mregDC-high
GSE288483,GSM8768679_Pt1-1,GSE288483 | Pt1-1,7012,3164,mregDC-high
GSE288483,GSM8768679_Pt1-1,GSE288483 | Pt1-1,7078,3050,mregDC-high
GSE288483,GSM8768679_Pt1-1,GSE288483 | Pt1-1,7143,3165,mregDC-high
GSE288483,GSM8768679_Pt1-1,GSE288483 | Pt1-1,7210,3050,mregDC-high
GSE288483,GSM8768679_Pt1-1,GSE288483 | Pt1-1,3455,3384,mregDC-high
GSE288483,GSM8768679_Pt1-1,GSE288483 | Pt1-1,3521,3270,mregDC-high
GSE288483,GSM8768679_Pt1-1,GSE288483 | Pt1-1,3850,3385,mregDC-high
GSE288483,GSM8768679_Pt1-1,GSE288483 | Pt1-1,5892,3276,mregDC-high
GSE288483,GSM8768679_Pt1-1,GSE288483 | Pt1-1,5957,3391,mregDC-high
GSE288483,GSM8768679_Pt1-1,GSE288483 | Pt1-1,6023,3276,mregDC-high
GSE288483,GSM8768679_Pt1-1,GSE288483 | Pt1-1,6682,3278,mregDC-high
GSE288483,GSM8768679_Pt1-1,GSE288483 | Pt1-1,6946,3279,mregDC-high
GSE288483,GSM8768679_Pt1-1,GSE288483 | Pt1-1,7011,3394,mregDC-high
GSE288483,GSM8768679_Pt1-1,GSE288483 | Pt1-1,7143,3394,mregDC-high
GSE288483,GSM8768679_Pt1-1,GSE288483 | Pt1-1,3322,3613,mregDC-high
GSE288483,GSM8768679_Pt1-1,GSE288483 | Pt1-1,3388,3498,mregDC-high
GSE288483,GSM8768679_Pt1-1,GSE288483 | Pt1-1,3520,3499,mregDC-high
GSE288483,GSM8768679_Pt1-1,GSE288483 | Pt1-1,3784,3499,mregDC-high
GSE288483,GSM8768679_Pt1-1,GSE288483 | Pt1-1,3915,3500,mregDC-high
GSE288483,GSM8768679_Pt1-1,GSE288483 | Pt1-1,5496,3504,mregDC-high
GSE288483,GSM8768679_Pt1-1,GSE288483 | Pt1-1,5759,3505,mregDC-high
GSE288483,GSM8768679_Pt1-1,GSE288483 | Pt1-1,3519,3728,mregDC-high
GSE288483,GSM8768679_Pt1-1,GSE288483 | Pt1-1,3651,3728,mregDC-high
GSE288483,GSM8768679_Pt1-1,GSE288483 | Pt1-1,5561,3848,mregDC-high
GSE288483,GSM8768679_Pt1-1,GSE288483 | Pt1-1,6220,3850,mregDC-high
GSE288483,GSM8768679_Pt1-1,GSE288483 | Pt1-1,6681,3737,mregDC-high
GSE288483,GSM8768679_Pt1-1,GSE288483 | Pt1-1,6813,3737,mregDC-high
GSE288483,GSM8768679_Pt1-1,GSE288483 | Pt1-1,3189,4071,mregDC-high
GSE288483,GSM8768679_Pt1-1,GSE288483 | Pt1-1,3321,4071,mregDC-high
GSE288483,GSM8768679_Pt1-1,GSE288483 | Pt1-1,6219,4079,mregDC-high
GSE288483,GSM8768679_Pt1-1,GSE288483 | Pt1-1,2662,4299,mregDC-high
GSE288483,GSM8768679_Pt1-1,GSE288483 | Pt1-1,3057,4300,mregDC-high
GSE288483,GSM8768679_Pt1-1,GSE288483 | Pt1-1,3189,4300,mregDC-high
GSE288483,GSM8768679_Pt1-1,GSE288483 | Pt1-1,3255,4186,mregDC-high
GSE288483,GSM8768679_Pt1-1,GSE288483 | Pt1-1,3320,4300,mregDC-high
GSE288483,GSM8768679_Pt1-1,GSE288483 | Pt1-1,4704,4190,mregDC-high
GSE288483,GSM8768679_Pt1-1,GSE288483 | Pt1-1,5758,4192,mregDC-high
GSE288483,GSM8768679_Pt1-1,GSE288483 | Pt1-1,6153,4193,mregDC-high
GSE288483,GSM8768679_Pt1-1,GSE288483 | Pt1-1,6284,4194,mregDC-high
GSE288483,GSM8768679_Pt1-1,GSE288483 | Pt1-1,6613,4309,mregDC-high
GSE288483,GSM8768679_Pt1-1,GSE288483 | Pt1-1,2727,4413,mregDC-high
GSE288483,GSM8768679_Pt1-1,GSE288483 | Pt1-1,3056,4529,mregDC-high
GSE288483,GSM8768679_Pt1-1,GSE288483 | Pt1-1,3254,4415,mregDC-high
GSE288483,GSM8768679_Pt1-1,GSE288483 | Pt1-1,3518,4416,mregDC-high
GSE288483,GSM8768679_Pt1-1,GSE288483 | Pt1-1,5889,4422,mregDC-high
GSE288483,GSM8768679_Pt1-1,GSE288483 | Pt1-1,6152,4423,mregDC-high
GSE288483,GSM8768679_Pt1-1,GSE288483 | Pt1-1,6876,4539,mregDC-high
GSE288483,GSM8768679_Pt1-1,GSE288483 | Pt1-1,7271,4540,mregDC-high
GSE288483,GSM8768679_Pt1-1,GSE288483 | Pt1-1,4505,4762,mregDC-high
GSE288483,GSM8768679_Pt1-1,GSE288483 | Pt1-1,4571,4648,mregDC-high
GSE288483,GSM8768679_Pt1-1,GSE288483 | Pt1-1,4900,4763,mregDC-high
GSE288483,GSM8768679_Pt1-1,GSE288483 | Pt1-1,3977,4990,mregDC-high
GSE288483,GSM8768679_Pt1-1,GSE288483 | Pt1-1,2857,5101,mregDC-high
GSE288483,GSM8768679_Pt1-1,GSE288483 | Pt1-1,4899,5222,mregDC-high
GSE288483,GSM8768679_Pt1-1,GSE288483 | Pt1-1,5030,5222,mregDC-high
GSE288483,GSM8768679_Pt1-1,GSE288483 | Pt1-1,5492,5109,mregDC-high
GSE288483,GSM8768679_Pt1-1,GSE288483 | Pt1-1,3976,5448,mregDC-high
GSE288483,GSM8768679_Pt1-1,GSE288483 | Pt1-1,5359,5337,mregDC-high
GSE288483,GSM8768679_Pt1-1,GSE288483 | Pt1-1,6677,5341,mregDC-high
GSE288483,GSM8768679_Pt1-1,GSE288483 | Pt1-1,5688,5682,mregDC-high
GSE288483,GSM8768679_Pt1-1,GSE288483 | Pt1-1,2921,5904,mregDC-high
GSE288483,GSM8768679_Pt1-1,GSE288483 | Pt1-1,3448,5905,mregDC-high
GSE288483,GSM8768679_Pt1-1,GSE288483 | Pt1-1,6214,5913,mregDC-high
GSE288483,GSM8768679_Pt1-1,GSE288483 | Pt1-1,3382,6020,mregDC-high
GSE288483,GSM8768679_Pt1-1,GSE288483 | Pt1-1,3513,6020,mregDC-high
GSE288483,GSM8768679_Pt1-1,GSE288483 | Pt1-1,4699,6023,mregDC-high
GSE288483,GSM8768679_Pt1-1,GSE288483 | Pt1-1,5423,6140,mregDC-high
GSE288483,GSM8768679_Pt1-1,GSE288483 | Pt1-1,5489,6025,mregDC-high
GSE288483,GSM8768679_Pt1-1,GSE288483 | Pt1-1,5686,6140,mregDC-high
GSE288483,GSM8768679_Pt1-1,GSE288483 | Pt1-1,6938,6029,mregDC-high
GSE288483,GSM8768679_Pt1-1,GSE288483 | Pt1-1,4105,6365,mregDC-high
GSE288483,GSM8768679_Pt1-1,GSE288483 | Pt1-1,4764,6367,mregDC-high
GSE288483,GSM8768679_Pt1-1,GSE288483 | Pt1-1,6213,6371,mregDC-high
GSE288483,GSM8768679_Pt1-1,GSE288483 | Pt1-1,3249,6478,mregDC-high
GSE288483,GSM8768679_Pt1-1,GSE288483 | Pt1-1,3446,6593,mregDC-high
GSE288483,GSM8768679_Pt1-1,GSE288483 | Pt1-1,4104,6595,mregDC-high
GSE288483,GSM8768679_Pt1-1,GSE288483 | Pt1-1,4302,6481,mregDC-high
GSE288483,GSM8768679_Pt1-1,GSE288483 | Pt1-1,4434,6481,mregDC-high
GSE288483,GSM8768679_Pt1-1,GSE288483 | Pt1-1,5158,6597,mregDC-high
GSE288483,GSM8768679_Pt1-1,GSE288483 | Pt1-1,6278,6486,mregDC-high
GSE288483,GSM8768679_Pt1-1,GSE288483 | Pt1-1,6805,6487,mregDC-high
GSE288483,GSM8768679_Pt1-1,GSE288483 | Pt1-1,7727,6490,mregDC-high
GSE288483,GSM8768679_Pt1-1,GSE288483 | Pt1-1,4038,6709,mregDC-high
GSE288483,GSM8768679_Pt1-1,GSE288483 | Pt1-1,4236,6824,mregDC-high
GSE288483,GSM8768679_Pt1-1,GSE288483 | Pt1-1,5026,6826,mregDC-high
GSE288483,GSM8768679_Pt1-1,GSE288483 | Pt1-1,5224,6712,mregDC-high
GSE288483,GSM8768679_Pt1-1,GSE288483 | Pt1-1,7397,6833,mregDC-high
GSE288483,GSM8768679_Pt1-1,GSE288483 | Pt1-1,3972,7053,mregDC-high
GSE288483,GSM8768679_Pt1-1,GSE288483 | Pt1-1,4696,6940,mregDC-high
GSE288483,GSM8768679_Pt1-1,GSE288483 | Pt1-1,4762,7055,mregDC-high
GSE288483,GSM8768679_Pt1-1,GSE288483 | Pt1-1,4828,6940,mregDC-high
GSE288483,GSM8768679_Pt1-1,GSE288483 | Pt1-1,4960,6941,mregDC-high
GSE288483,GSM8768679_Pt1-1,GSE288483 | Pt1-1,5025,7055,mregDC-high
GSE288483,GSM8768679_Pt1-1,GSE288483 | Pt1-1,5091,6941,mregDC-high
GSE288483,GSM8768679_Pt1-1,GSE288483 | Pt1-1,5223,6941,mregDC-high
GSE288483,GSM8768679_Pt1-1,GSE288483 | Pt1-1,7067,6946,mregDC-high
GSE288483,GSM8768679_Pt1-1,GSE288483 | Pt1-1,7265,7062,mregDC-high
GSE288483,GSM8768679_Pt1-1,GSE288483 | Pt1-1,7660,7063,mregDC-high
GSE288483,GSM8768679_Pt1-1,GSE288483 | Pt1-1,3905,7167,mregDC-high
GSE288483,GSM8768679_Pt1-1,GSE288483 | Pt1-1,4893,7284,mregDC-high
GSE288483,GSM8768679_Pt1-1,GSE288483 | Pt1-1,5552,7286,mregDC-high
GSE288483,GSM8768679_Pt1-1,GSE288483 | Pt1-1,7198,7176,mregDC-high
GSE288483,GSM8768679_Pt1-1,GSE288483 | Pt1-1,7264,7291,mregDC-high
GSE288483,GSM8768679_Pt1-1,GSE288483 | Pt1-1,7791,7292,mregDC-high
GSE288483,GSM8768679_Pt1-1,GSE288483 | Pt1-1,7857,7178,mregDC-high
GSE288483,GSM8768679_Pt1-1,GSE288483 | Pt1-1,3773,7396,mregDC-high
GSE288483,GSM8768679_Pt1-1,GSE288483 | Pt1-1,4036,7397,mregDC-high
GSE288483,GSM8768679_Pt1-1,GSE288483 | Pt1-1,4892,7514,mregDC-high
GSE288483,GSM8768679_Pt1-1,GSE288483 | Pt1-1,5024,7514,mregDC-high
GSE288483,GSM8768679_Pt1-1,GSE288483 | Pt1-1,5222,7400,mregDC-high
GSE288483,GSM8768679_Pt1-1,GSE288483 | Pt1-1,6012,7402,mregDC-high
GSE288483,GSM8768679_Pt1-1,GSE288483 | Pt1-1,6210,7517,mregDC-high
GSE288483,GSM8768679_Pt1-1,GSE288483 | Pt1-1,4233,7741,mregDC-high
GSE288483,GSM8768679_Pt1-1,GSE288483 | Pt1-1,4365,7741,mregDC-high
GSE288483,GSM8768679_Pt1-1,GSE288483 | Pt1-1,5287,7744,mregDC-high
GSE288483,GSM8768679_Pt1-1,GSE288483 | Pt1-1,5485,7630,mregDC-high
GSE288483,GSM8768679_Pt1-1,GSE288483 | Pt1-1,5617,7630,mregDC-high
GSE288483,GSM8768679_Pt1-1,GSE288483 | Pt1-1,5748,7630,mregDC-high
GSE288483,GSM8768679_Pt1-1,GSE288483 | Pt1-1,5814,7745,mregDC-high
GSE288483,GSM8768679_Pt1-1,GSE288483 | Pt1-1,5880,7631,mregDC-high
GSE288483,GSM8768679_Pt1-1,GSE288483 | Pt1-1,5946,7746,mregDC-high
GSE288483,GSM8768679_Pt1-1,GSE288483 | Pt1-1,6077,7746,mregDC-high
GSE288483,GSM8768679_Pt1-1,GSE288483 | Pt1-1,7131,7749,mregDC-high
GSE288483,GSM8768679_Pt1-1,GSE288483 | Pt1-1,3640,7854,mregDC-high
GSE288483,GSM8768679_Pt1-1,GSE288483 | Pt1-1,3706,7969,mregDC-high
GSE288483,GSM8768679_Pt1-1,GSE288483 | Pt1-1,3772,7854,mregDC-high
GSE288483,GSM8768679_Pt1-1,GSE288483 | Pt1-1,4035,7855,mregDC-high
GSE288483,GSM8768679_Pt1-1,GSE288483 | Pt1-1,4167,7855,mregDC-high
GSE288483,GSM8768679_Pt1-1,GSE288483 | Pt1-1,4891,7972,mregDC-high
GSE288483,GSM8768679_Pt1-1,GSE288483 | Pt1-1,5023,7972,mregDC-high
GSE288483,GSM8768679_Pt1-1,GSE288483 | Pt1-1,5879,7860,mregDC-high
GSE288483,GSM8768679_Pt1-1,GSE288483 | Pt1-1,3771,8084,mregDC-high
GSE288483,GSM8768679_Pt1-1,GSE288483 | Pt1-1,4166,8085,mregDC-high
10x_human_ovarian_cancer_ffpe_visium,10x_human_ovarian_cancer_ffpe_visium,10x Visium | 10x Visium,5698,2051,co-high
10x_human_ovarian_cancer_ffpe_visium,10x_human_ovarian_cancer_ffpe_visium,10x Visium | 10x Visium,6781,2430,co-high
10x_human_ovarian_cancer_ffpe_visium,10x_human_ovarian_cancer_ffpe_visium,10x Visium | 10x Visium,5481,2679,co-high
10x_human_ovarian_cancer_ffpe_visium,10x_human_ovarian_cancer_ffpe_visium,10x Visium | 10x Visium,5698,2554,co-high
10x_human_ovarian_cancer_ffpe_visium,10x_human_ovarian_cancer_ffpe_visium,10x Visium | 10x Visium,6925,2681,co-high
10x_human_ovarian_cancer_ffpe_visium,10x_human_ovarian_cancer_ffpe_visium,10x Visium | 10x Visium,4975,2804,co-high
10x_human_ovarian_cancer_ffpe_visium,10x_human_ovarian_cancer_ffpe_visium,10x Visium | 10x Visium,5264,2804,co-high
10x_human_ovarian_cancer_ffpe_visium,10x_human_ovarian_cancer_ffpe_visium,10x Visium | 10x Visium,5697,2805,co-high
10x_human_ovarian_cancer_ffpe_visium,10x_human_ovarian_cancer_ffpe_visium,10x Visium | 10x Visium,5842,2805,co-high
10x_human_ovarian_cancer_ffpe_visium,10x_human_ovarian_cancer_ffpe_visium,10x Visium | 10x Visium,6058,2931,co-high
10x_human_ovarian_cancer_ffpe_visium,10x_human_ovarian_cancer_ffpe_visium,10x Visium | 10x Visium,7502,2934,co-high
10x_human_ovarian_cancer_ffpe_visium,10x_human_ovarian_cancer_ffpe_visium,10x Visium | 10x Visium,4686,3055,co-high
10x_human_ovarian_cancer_ffpe_visium,10x_human_ovarian_cancer_ffpe_visium,10x Visium | 10x Visium,4831,3055,co-high
10x_human_ovarian_cancer_ffpe_visium,10x_human_ovarian_cancer_ffpe_visium,10x Visium | 10x Visium,5408,3056,co-high
10x_human_ovarian_cancer_ffpe_visium,10x_human_ovarian_cancer_ffpe_visium,10x Visium | 10x Visium,6130,3057,co-high
10x_human_ovarian_cancer_ffpe_visium,10x_human_ovarian_cancer_ffpe_visium,10x Visium | 10x Visium,4686,3306,co-high
10x_human_ovarian_cancer_ffpe_visium,10x_human_ovarian_cancer_ffpe_visium,10x Visium | 10x Visium,4758,3432,co-high
10x_human_ovarian_cancer_ffpe_visium,10x_human_ovarian_cancer_ffpe_visium,10x Visium | 10x Visium,5624,3433,co-high
10x_human_ovarian_cancer_ffpe_visium,10x_human_ovarian_cancer_ffpe_visium,10x Visium | 10x Visium,6130,3308,co-high
10x_human_ovarian_cancer_ffpe_visium,10x_human_ovarian_cancer_ffpe_visium,10x Visium | 10x Visium,6418,3309,co-high
10x_human_ovarian_cancer_ffpe_visium,10x_human_ovarian_cancer_ffpe_visium,10x Visium | 10x Visium,3025,3680,co-high
10x_human_ovarian_cancer_ffpe_visium,10x_human_ovarian_cancer_ffpe_visium,10x Visium | 10x Visium,3242,3555,co-high
10x_human_ovarian_cancer_ffpe_visium,10x_human_ovarian_cancer_ffpe_visium,10x Visium | 10x Visium,5263,3558,co-high
10x_human_ovarian_cancer_ffpe_visium,10x_human_ovarian_cancer_ffpe_visium,10x Visium | 10x Visium,7934,3688,co-high
10x_human_ovarian_cancer_ffpe_visium,10x_human_ovarian_cancer_ffpe_visium,10x Visium | 10x Visium,8078,3688,co-high
10x_human_ovarian_cancer_ffpe_visium,10x_human_ovarian_cancer_ffpe_visium,10x Visium | 10x Visium,3241,3806,co-high
10x_human_ovarian_cancer_ffpe_visium,10x_human_ovarian_cancer_ffpe_visium,10x Visium | 10x Visium,3530,3807,co-high
10x_human_ovarian_cancer_ffpe_visium,10x_human_ovarian_cancer_ffpe_visium,10x Visium | 10x Visium,3746,3933,co-high
10x_human_ovarian_cancer_ffpe_visium,10x_human_ovarian_cancer_ffpe_visium,10x Visium | 10x Visium,9233,3941,co-high
10x_human_ovarian_cancer_ffpe_visium,10x_human_ovarian_cancer_ffpe_visium,10x Visium | 10x Visium,2591,4182,co-high
10x_human_ovarian_cancer_ffpe_visium,10x_human_ovarian_cancer_ffpe_visium,10x Visium | 10x Visium,2663,4056,co-high
10x_human_ovarian_cancer_ffpe_visium,10x_human_ovarian_cancer_ffpe_visium,10x Visium | 10x Visium,2735,4182,co-high
10x_human_ovarian_cancer_ffpe_visium,10x_human_ovarian_cancer_ffpe_visium,10x Visium | 10x Visium,9377,4193,co-high
10x_human_ovarian_cancer_ffpe_visium,10x_human_ovarian_cancer_ffpe_visium,10x Visium | 10x Visium,9449,4067,co-high
10x_human_ovarian_cancer_ffpe_visium,10x_human_ovarian_cancer_ffpe_visium,10x Visium | 10x Visium,2807,4308,co-high
10x_human_ovarian_cancer_ffpe_visium,10x_human_ovarian_cancer_ffpe_visium,10x Visium | 10x Visium,4179,4436,co-high
10x_human_ovarian_cancer_ffpe_visium,10x_human_ovarian_cancer_ffpe_visium,10x Visium | 10x Visium,5117,4312,co-high
10x_human_ovarian_cancer_ffpe_visium,10x_human_ovarian_cancer_ffpe_visium,10x Visium | 10x Visium,5767,4438,co-high
10x_human_ovarian_cancer_ffpe_visium,10x_human_ovarian_cancer_ffpe_visium,10x Visium | 10x Visium,2662,4559,co-high
10x_human_ovarian_cancer_ffpe_visium,10x_human_ovarian_cancer_ffpe_visium,10x Visium | 10x Visium,9520,4695,co-high
10x_human_ovarian_cancer_ffpe_visium,10x_human_ovarian_cancer_ffpe_visium,10x Visium | 10x Visium,10098,4696,co-high
10x_human_ovarian_cancer_ffpe_visium,10x_human_ovarian_cancer_ffpe_visium,10x Visium | 10x Visium,10242,4696,co-high
10x_human_ovarian_cancer_ffpe_visium,10x_human_ovarian_cancer_ffpe_visium,10x Visium | 10x Visium,3600,4937,co-high
10x_human_ovarian_cancer_ffpe_visium,10x_human_ovarian_cancer_ffpe_visium,10x Visium | 10x Visium,4250,4813,co-high
10x_human_ovarian_cancer_ffpe_visium,10x_human_ovarian_cancer_ffpe_visium,10x Visium | 10x Visium,6777,4942,co-high
10x_human_ovarian_cancer_ffpe_visium,10x_human_ovarian_cancer_ffpe_visium,10x Visium | 10x Visium,9304,4821,co-high
10x_human_ovarian_cancer_ffpe_visium,10x_human_ovarian_cancer_ffpe_visium,10x Visium | 10x Visium,9737,4821,co-high
10x_human_ovarian_cancer_ffpe_visium,10x_human_ovarian_cancer_ffpe_visium,10x Visium | 10x Visium,3384,5062,co-high
10x_human_ovarian_cancer_ffpe_visium,10x_human_ovarian_cancer_ffpe_visium,10x Visium | 10x Visium,5116,5065,co-high
10x_human_ovarian_cancer_ffpe_visium,10x_human_ovarian_cancer_ffpe_visium,10x Visium | 10x Visium,6560,5067,co-high
10x_human_ovarian_cancer_ffpe_visium,10x_human_ovarian_cancer_ffpe_visium,10x Visium | 10x Visium,9664,5198,co-high
10x_human_ovarian_cancer_ffpe_visium,10x_human_ovarian_cancer_ffpe_visium,10x Visium | 10x Visium,5549,5317,co-high
10x_human_ovarian_cancer_ffpe_visium,10x_human_ovarian_cancer_ffpe_visium,10x Visium | 10x Visium,3960,5566,co-high
10x_human_ovarian_cancer_ffpe_visium,10x_human_ovarian_cancer_ffpe_visium,10x Visium | 10x Visium,4032,5692,co-high
10x_human_ovarian_cancer_ffpe_visium,10x_human_ovarian_cancer_ffpe_visium,10x Visium | 10x Visium,5115,5568,co-high
10x_human_ovarian_cancer_ffpe_visium,10x_human_ovarian_cancer_ffpe_visium,10x Visium | 10x Visium,9663,5700,co-high
10x_human_ovarian_cancer_ffpe_visium,10x_human_ovarian_cancer_ffpe_visium,10x Visium | 10x Visium,9880,5575,co-high
10x_human_ovarian_cancer_ffpe_visium,10x_human_ovarian_cancer_ffpe_visium,10x Visium | 10x Visium,10818,5702,co-high
10x_human_ovarian_cancer_ffpe_visium,10x_human_ovarian_cancer_ffpe_visium,10x Visium | 10x Visium,3310,5942,co-high
10x_human_ovarian_cancer_ffpe_visium,10x_human_ovarian_cancer_ffpe_visium,10x Visium | 10x Visium,3960,5817,co-high
10x_human_ovarian_cancer_ffpe_visium,10x_human_ovarian_cancer_ffpe_visium,10x Visium | 10x Visium,4249,5817,co-high
10x_human_ovarian_cancer_ffpe_visium,10x_human_ovarian_cancer_ffpe_visium,10x Visium | 10x Visium,5187,5945,co-high
10x_human_ovarian_cancer_ffpe_visium,10x_human_ovarian_cancer_ffpe_visium,10x Visium | 10x Visium,7569,5823,co-high
10x_human_ovarian_cancer_ffpe_visium,10x_human_ovarian_cancer_ffpe_visium,10x Visium | 10x Visium,7641,5948,co-high
10x_human_ovarian_cancer_ffpe_visium,10x_human_ovarian_cancer_ffpe_visium,10x Visium | 10x Visium,8363,6201,co-high
10x_human_ovarian_cancer_ffpe_visium,10x_human_ovarian_cancer_ffpe_visium,10x Visium | 10x Visium,9013,6076,co-high
10x_human_ovarian_cancer_ffpe_visium,10x_human_ovarian_cancer_ffpe_visium,10x Visium | 10x Visium,2515,6317,co-high
10x_human_ovarian_cancer_ffpe_visium,10x_human_ovarian_cancer_ffpe_visium,10x Visium | 10x Visium,2587,6443,co-high
10x_human_ovarian_cancer_ffpe_visium,10x_human_ovarian_cancer_ffpe_visium,10x Visium | 10x Visium,2660,6317,co-high
10x_human_ovarian_cancer_ffpe_visium,10x_human_ovarian_cancer_ffpe_visium,10x Visium | 10x Visium,3165,6444,co-high
10x_human_ovarian_cancer_ffpe_visium,10x_human_ovarian_cancer_ffpe_visium,10x Visium | 10x Visium,3237,6318,co-high
10x_human_ovarian_cancer_ffpe_visium,10x_human_ovarian_cancer_ffpe_visium,10x Visium | 10x Visium,3742,6445,co-high
10x_human_ovarian_cancer_ffpe_visium,10x_human_ovarian_cancer_ffpe_visium,10x Visium | 10x Visium,7352,6450,co-high
10x_human_ovarian_cancer_ffpe_visium,10x_human_ovarian_cancer_ffpe_visium,10x Visium | 10x Visium,2659,6569,co-high
10x_human_ovarian_cancer_ffpe_visium,10x_human_ovarian_cancer_ffpe_visium,10x Visium | 10x Visium,4464,6697,co-high
10x_human_ovarian_cancer_ffpe_visium,10x_human_ovarian_cancer_ffpe_visium,10x Visium | 10x Visium,8218,6703,co-high
10x_human_ovarian_cancer_ffpe_visium,10x_human_ovarian_cancer_ffpe_visium,10x Visium | 10x Visium,8362,6703,co-high
10x_human_ovarian_cancer_ffpe_visium,10x_human_ovarian_cancer_ffpe_visium,10x Visium | 10x Visium,4680,6823,co-high
10x_human_ovarian_cancer_ffpe_visium,10x_human_ovarian_cancer_ffpe_visium,10x Visium | 10x Visium,6701,7077,co-high
10x_human_ovarian_cancer_ffpe_visium,10x_human_ovarian_cancer_ffpe_visium,10x Visium | 10x Visium,8217,7205,co-high
10x_human_ovarian_cancer_ffpe_visium,10x_human_ovarian_cancer_ffpe_visium,10x Visium | 10x Visium,4607,7451,co-high
10x_human_ovarian_cancer_ffpe_visium,10x_human_ovarian_cancer_ffpe_visium,10x Visium | 10x Visium,3452,7700,co-high
10x_human_ovarian_cancer_ffpe_visium,10x_human_ovarian_cancer_ffpe_visium,10x Visium | 10x Visium,7061,7706,co-high
10x_human_ovarian_cancer_ffpe_visium,10x_human_ovarian_cancer_ffpe_visium,10x Visium | 10x Visium,10814,8214,co-high
10x_human_ovarian_cancer_ffpe_visium,10x_human_ovarian_cancer_ffpe_visium,10x Visium | 10x Visium,2656,8578,co-high
10x_human_ovarian_cancer_ffpe_visium,10x_human_ovarian_cancer_ffpe_visium,10x Visium | 10x Visium,5615,8960,co-high
10x_human_ovarian_cancer_ffpe_visium,10x_human_ovarian_cancer_ffpe_visium,10x Visium | 10x Visium,5976,8835,co-high
10x_human_ovarian_cancer_ffpe_visium,10x_human_ovarian_cancer_ffpe_visium,10x Visium | 10x Visium,6121,8835,co-high
10x_human_ovarian_cancer_ffpe_visium,10x_human_ovarian_cancer_ffpe_visium,10x Visium | 10x Visium,2727,9207,co-high
10x_human_ovarian_cancer_ffpe_visium,10x_human_ovarian_cancer_ffpe_visium,10x Visium | 10x Visium,3233,9082,co-high
10x_human_ovarian_cancer_ffpe_visium,10x_human_ovarian_cancer_ffpe_visium,10x Visium | 10x Visium,3305,9207,co-high
10x_human_ovarian_cancer_ffpe_visium,10x_human_ovarian_cancer_ffpe_visium,10x Visium | 10x Visium,3160,9458,co-high
10x_human_ovarian_cancer_ffpe_visium,10x_human_ovarian_cancer_ffpe_visium,10x Visium | 10x Visium,3810,9585,co-high
10x_human_ovarian_cancer_ffpe_visium,10x_human_ovarian_cancer_ffpe_visium,10x Visium | 10x Visium,5253,9587,co-high
10x_human_ovarian_cancer_ffpe_visium,10x_human_ovarian_cancer_ffpe_visium,10x Visium | 10x Visium,3087,10086,co-high
10x_human_ovarian_cancer_ffpe_visium,10x_human_ovarian_cancer_ffpe_visium,10x Visium | 10x Visium,3231,10087,co-high
10x_human_ovarian_cancer_ffpe_visium,10x_human_ovarian_cancer_ffpe_visium,10x Visium | 10x Visium,4964,10089,co-high
10x_human_ovarian_cancer_ffpe_visium,10x_human_ovarian_cancer_ffpe_visium,10x Visium | 10x Visium,3664,10339,co-high
10x_human_ovarian_cancer_ffpe_visium,10x_human_ovarian_cancer_ffpe_visium,10x Visium | 10x Visium,4025,10465,co-high
10x_human_ovarian_cancer_ffpe_visium,10x_human_ovarian_cancer_ffpe_visium,10x Visium | 10x Visium,4963,10341,co-high
10x_human_ovarian_cancer_ffpe_visium,10x_human_ovarian_cancer_ffpe_visium,10x Visium | 10x Visium,5468,10718,co-high
GSE211956,GSM6506112_SP3,GSE211956 | SP3,7154,4387,co-high
GSE211956,GSM6506112_SP3,GSE211956 | SP3,3719,4937,co-high
GSE211956,GSM6506112_SP3,GSE211956 | SP3,6891,5513,co-high
GSE211956,GSM6506112_SP3,GSE211956 | SP3,7798,5517,co-high
GSE211956,GSM6506112_SP3,GSE211956 | SP3,6694,6076,co-high
GSE211956,GSM6506112_SP3,GSE211956 | SP3,6564,6301,co-high
GSE211956,GSM6506112_SP3,GSE211956 | SP3,6628,6414,co-high
GSE211956,GSM6506112_SP3,GSE211956 | SP3,6693,6301,co-high
GSE211956,GSM6506112_SP3,GSE211956 | SP3,6498,6639,co-high
GSE211956,GSM6506112_SP3,GSE211956 | SP3,6367,6864,co-high
GSE211956,GSM6506112_SP3,GSE211956 | SP3,4812,7083,co-high
GSE211956,GSM6506112_SP3,GSE211956 | SP3,6561,6977,co-high
GSE211956,GSM6506112_SP3,GSE211956 | SP3,7662,7094,co-high
GSE211956,GSM6506112_SP3,GSE211956 | SP3,4422,7307,co-high
GSE211956,GSM6506112_SP3,GSE211956 | SP3,4552,7307,co-high
GSE211956,GSM6506112_SP3,GSE211956 | SP3,4876,7196,co-high
GSE211956,GSM6506112_SP3,GSE211956 | SP3,5070,7309,co-high
GSE211956,GSM6506112_SP3,GSE211956 | SP3,6754,7316,co-high
GSE211956,GSM6506112_SP3,GSE211956 | SP3,6884,7316,co-high
GSE211956,GSM6506112_SP3,GSE211956 | SP3,7531,7319,co-high
GSE211956,GSM6506112_SP3,GSE211956 | SP3,7597,7207,co-high
GSE211956,GSM6506112_SP3,GSE211956 | SP3,7661,7319,co-high
GSE211956,GSM6506112_SP3,GSE211956 | SP3,7726,7207,co-high
GSE211956,GSM6506112_SP3,GSE211956 | SP3,7790,7320,co-high
GSE211956,GSM6506112_SP3,GSE211956 | SP3,7856,7208,co-high
GSE211956,GSM6506112_SP3,GSE211956 | SP3,4680,7533,co-high
GSE211956,GSM6506112_SP3,GSE211956 | SP3,5264,7423,co-high
GSE211956,GSM6506112_SP3,GSE211956 | SP3,6689,7428,co-high
GSE211956,GSM6506112_SP3,GSE211956 | SP3,6818,7429,co-high
GSE211956,GSM6506112_SP3,GSE211956 | SP3,7596,7432,co-high
GSE211956,GSM6506112_SP3,GSE211956 | SP3,7725,7432,co-high
GSE211956,GSM6506112_SP3,GSE211956 | SP3,4420,7757,co-high
GSE211956,GSM6506112_SP3,GSE211956 | SP3,4679,7758,co-high
GSE211956,GSM6506112_SP3,GSE211956 | SP3,5327,7761,co-high
GSE211956,GSM6506112_SP3,GSE211956 | SP3,4873,7872,co-high
GSE211956,GSM6506112_SP3,GSE211956 | SP3,4938,7985,co-high
GSE211956,GSM6506112_SP3,GSE211956 | SP3,5003,7872,co-high
GSE211956,GSM6506112_SP3,GSE211956 | SP3,5067,7985,co-high
GSE211956,GSM6506112_SP3,GSE211956 | SP3,5392,7874,co-high
GSE211956,GSM6506112_SP3,GSE211956 | SP3,4937,8210,co-high
GSE211956,GSM6506112_SP3,GSE211956 | SP3,5325,8212,co-high
GSE211956,GSM6506112_SP3,GSE211956 | SP3,5391,8099,co-high
GSE211956,GSM6506112_SP3,GSE211956 | SP3,5455,8212,co-high
GSE211956,GSM6506112_SP3,GSE211956 | SP3,5520,8100,co-high
GSE211956,GSM6506112_SP3,GSE211956 | SP3,6621,8217,co-high
GSE211956,GSM6506112_SP3,GSE211956 | SP3,6686,8105,co-high
GSE211956,GSM6506112_SP3,GSE211956 | SP3,6751,8218,co-high
GSE211956,GSM6506112_SP3,GSE211956 | SP3,5001,8323,co-high
GSE211956,GSM6506112_SP3,GSE211956 | SP3,5390,8325,co-high
GSE211956,GSM6506112_SP3,GSE211956 | SP3,5454,8438,co-high
GSE211956,GSM6506112_SP3,GSE211956 | SP3,5519,8325,co-high
GSE211956,GSM6506112_SP3,GSE211956 | SP3,6815,8331,co-high
GSE211956,GSM6506112_SP3,GSE211956 | SP3,5518,8551,co-high
GSE211956,GSM6506112_SP3,GSE211956 | SP3,5583,8664,co-high
GSE224335,GSM7019836_OCCS3v,GSE224335 | OCCS3v,6059,3180,co-high
GSE224335,GSM7019836_OCCS3v,GSE224335 | OCCS3v,6387,3063,co-high
GSE224335,GSM7019836_OCCS3v,GSE224335 | OCCS3v,4417,3303,co-high
GSE224335,GSM7019836_OCCS3v,GSE224335 | OCCS3v,5337,3298,co-high
GSE224335,GSM7019836_OCCS3v,GSE224335 | OCCS3v,2910,4112,co-high
GSE224335,GSM7019836_OCCS3v,GSE224335 | OCCS3v,2648,4342,co-high
GSE224335,GSM7019836_OCCS3v,GSE224335 | OCCS3v,2976,4226,co-high
GSE224335,GSM7019836_OCCS3v,GSE224335 | OCCS3v,3239,4225,co-high
GSE224335,GSM7019836_OCCS3v,GSE224335 | OCCS3v,6394,4207,co-high
GSE224335,GSM7019836_OCCS3v,GSE224335 | OCCS3v,4095,4563,co-high
GSE224335,GSM7019836_OCCS3v,GSE224335 | OCCS3v,5610,5126,co-high
GSE224335,GSM7019836_OCCS3v,GSE224335 | OCCS3v,7648,5229,co-high
GSE224335,GSM7019836_OCCS3v,GSE224335 | OCCS3v,7713,5115,co-high
GSE224335,GSM7019836_OCCS3v,GSE224335 | OCCS3v,6269,5352,co-high
GSE224335,GSM7019836_OCCS3v,GSE224335 | OCCS3v,7063,6262,co-high
GSE274657,GSM8454235_Patient_8,GSE274657 | Patient_8,6897,8592,co-high
GSE274657,GSM8454235_Patient_8,GSE274657 | Patient_8,7497,8485,co-high
GSE274657,GSM8454235_Patient_8,GSE274657 | Patient_8,7364,8483,co-high
GSE274657,GSM8454235_Patient_8,GSE274657 | Patient_8,7231,8481,co-high
GSE274657,GSM8454235_Patient_8,GSE274657 | Patient_8,6832,8475,co-high
GSE274657,GSM8454235_Patient_8,GSE274657 | Patient_8,6034,8463,co-high
GSE274657,GSM8454235_Patient_8,GSE274657 | Patient_8,5901,8461,co-high
GSE274657,GSM8454235_Patient_8,GSE274657 | Patient_8,5768,8459,co-high
GSE274657,GSM8454235_Patient_8,GSE274657 | Patient_8,5635,8457,co-high
GSE274657,GSM8454235_Patient_8,GSE274657 | Patient_8,5502,8455,co-high
GSE274657,GSM8454235_Patient_8,GSE274657 | Patient_8,7698,8373,co-high
GSE274657,GSM8454235_Patient_8,GSE274657 | Patient_8,7565,8371,co-high
GSE274657,GSM8454235_Patient_8,GSE274657 | Patient_8,7299,8367,co-high
GSE274657,GSM8454235_Patient_8,GSE274657 | Patient_8,6900,8361,co-high
GSE274657,GSM8454235_Patient_8,GSE274657 | Patient_8,5837,8345,co-high
GSE274657,GSM8454235_Patient_8,GSE274657 | Patient_8,5704,8343,co-high
GSE274657,GSM8454235_Patient_8,GSE274657 | Patient_8,5571,8341,co-high
GSE274657,GSM8454235_Patient_8,GSE274657 | Patient_8,5438,8339,co-high
GSE274657,GSM8454235_Patient_8,GSE274657 | Patient_8,5305,8337,co-high
GSE274657,GSM8454235_Patient_8,GSE274657 | Patient_8,6570,8240,co-high
GSE274657,GSM8454235_Patient_8,GSE274657 | Patient_8,5772,8228,co-high
GSE274657,GSM8454235_Patient_8,GSE274657 | Patient_8,5639,8226,co-high
GSE274657,GSM8454235_Patient_8,GSE274657 | Patient_8,5506,8224,co-high
GSE274657,GSM8454235_Patient_8,GSE274657 | Patient_8,5509,7993,co-high
GSE274657,GSM8454235_Patient_8,GSE274657 | Patient_8,9966,7944,co-high
GSE274657,GSM8454235_Patient_8,GSE274657 | Patient_8,6109,7886,co-high
GSE274657,GSM8454235_Patient_8,GSE274657 | Patient_8,5114,7755,co-high
GSE274657,GSM8454235_Patient_8,GSE274657 | Patient_8,5315,7642,co-high
GSE274657,GSM8454235_Patient_8,GSE274657 | Patient_8,4251,7626,co-high
GSE274657,GSM8454235_Patient_8,GSE274657 | Patient_8,3188,7610,co-high
GSE274657,GSM8454235_Patient_8,GSE274657 | Patient_8,7112,7554,co-high
GSE274657,GSM8454235_Patient_8,GSE274657 | Patient_8,7313,7441,co-high
GSE274657,GSM8454235_Patient_8,GSE274657 | Patient_8,7180,7439,co-high
GSE274657,GSM8454235_Patient_8,GSE274657 | Patient_8,2925,7375,co-high
GSE274657,GSM8454235_Patient_8,GSE274657 | Patient_8,2526,7369,co-high
GSE274657,GSM8454235_Patient_8,GSE274657 | Patient_8,2393,7367,co-high
GSE274657,GSM8454235_Patient_8,GSE274657 | Patient_8,7248,7325,co-high
GSE274657,GSM8454235_Patient_8,GSE274657 | Patient_8,7115,7323,co-high
GSE274657,GSM8454235_Patient_8,GSE274657 | Patient_8,6584,7314,co-high
GSE274657,GSM8454235_Patient_8,GSE274657 | Patient_8,6451,7312,co-high
GSE274657,GSM8454235_Patient_8,GSE274657 | Patient_8,2462,7252,co-high
GSE274657,GSM8454235_Patient_8,GSE274657 | Patient_8,2329,7250,co-high
GSE274657,GSM8454235_Patient_8,GSE274657 | Patient_8,2196,7248,co-high
GSE274657,GSM8454235_Patient_8,GSE274657 | Patient_8,2063,7246,co-high
GSE274657,GSM8454235_Patient_8,GSE274657 | Patient_8,1797,7242,co-high
GSE274657,GSM8454235_Patient_8,GSE274657 | Patient_8,7583,7214,co-high
GSE274657,GSM8454235_Patient_8,GSE274657 | Patient_8,6652,7200,co-high
GSE274657,GSM8454235_Patient_8,GSE274657 | Patient_8,6519,7198,co-high
GSE274657,GSM8454235_Patient_8,GSE274657 | Patient_8,5854,7188,co-high
GSE274657,GSM8454235_Patient_8,GSE274657 | Patient_8,3328,7150,co-high
GSE274657,GSM8454235_Patient_8,GSE274657 | Patient_8,3062,7146,co-high
GSE274657,GSM8454235_Patient_8,GSE274657 | Patient_8,1865,7127,co-high
GSE274657,GSM8454235_Patient_8,GSE274657 | Patient_8,9911,7133,co-high
GSE274657,GSM8454235_Patient_8,GSE274657 | Patient_8,7651,7099,co-high
GSE274657,GSM8454235_Patient_8,GSE274657 | Patient_8,6720,7085,co-high
GSE274657,GSM8454235_Patient_8,GSE274657 | Patient_8,5922,7073,co-high
GSE274657,GSM8454235_Patient_8,GSE274657 | Patient_8,5789,7071,co-high
GSE274657,GSM8454235_Patient_8,GSE274657 | Patient_8,3263,7033,co-high
GSE274657,GSM8454235_Patient_8,GSE274657 | Patient_8,3130,7031,co-high
GSE274657,GSM8454235_Patient_8,GSE274657 | Patient_8,2864,7027,co-high
GSE274657,GSM8454235_Patient_8,GSE274657 | Patient_8,2731,7025,co-high
GSE274657,GSM8454235_Patient_8,GSE274657 | Patient_8,6655,6968,co-high
GSE274657,GSM8454235_Patient_8,GSE274657 | Patient_8,1868,6896,co-high
GSE274657,GSM8454235_Patient_8,GSE274657 | Patient_8,4463,6820,co-high
GSE274657,GSM8454235_Patient_8,GSE274657 | Patient_8,4531,6705,co-high
GSE274657,GSM8454235_Patient_8,GSE274657 | Patient_8,4398,6703,co-high
GSE274657,GSM8454235_Patient_8,GSE274657 | Patient_8,3999,6697,co-high
GSE274657,GSM8454235_Patient_8,GSE274657 | Patient_8,2339,6556,co-high
GSE274657,GSM8454235_Patient_8,GSE274657 | Patient_8,2141,6437,co-high
GSE274657,GSM8454235_Patient_8,GSE274657 | Patient_8,1875,6433,co-high
GSE274657,GSM8454235_Patient_8,GSE274657 | Patient_8,2210,6323,co-high
GSE274657,GSM8454235_Patient_8,GSE274657 | Patient_8,2077,6321,co-high
GSE274657,GSM8454235_Patient_8,GSE274657 | Patient_8,2145,6206,co-high
GSE274657,GSM8454235_Patient_8,GSE274657 | Patient_8,2012,6204,co-high
GSE274657,GSM8454235_Patient_8,GSE274657 | Patient_8,2080,6089,co-high
GSE274657,GSM8454235_Patient_8,GSE274657 | Patient_8,9199,5850,co-high
GSE274657,GSM8454235_Patient_8,GSE274657 | Patient_8,9268,5735,co-high
GSE274657,GSM8454235_Patient_8,GSE274657 | Patient_8,9336,5620,co-high
GSE274657,GSM8454235_Patient_8,GSE274657 | Patient_8,10069,5516,co-high
GSE274657,GSM8454235_Patient_8,GSE274657 | Patient_8,10270,5403,co-high
GSE274657,GSM8454235_Patient_8,GSE274657 | Patient_8,2558,5287,co-high
GSE274657,GSM8454235_Patient_8,GSE274657 | Patient_8,10072,5284,co-high
GSE274657,GSM8454235_Patient_8,GSE274657 | Patient_8,9673,5278,co-high
GSE274657,GSM8454235_Patient_8,GSE274657 | Patient_8,9540,5276,co-high
GSE274657,GSM8454235_Patient_8,GSE274657 | Patient_8,3158,5180,co-high
GSE274657,GSM8454235_Patient_8,GSE274657 | Patient_8,10274,5172,co-high
GSE274657,GSM8454235_Patient_8,GSE274657 | Patient_8,10008,5168,co-high
GSE274657,GSM8454235_Patient_8,GSE274657 | Patient_8,9943,5051,co-high
GSE274657,GSM8454235_Patient_8,GSE274657 | Patient_8,9810,5049,co-high
GSE274657,GSM8454235_Patient_8,GSE274657 | Patient_8,9677,5047,co-high
GSE274657,GSM8454235_Patient_8,GSE274657 | Patient_8,2762,4942,co-high
GSE274657,GSM8454235_Patient_8,GSE274657 | Patient_8,10277,4940,co-high
GSE274657,GSM8454235_Patient_8,GSE274657 | Patient_8,10144,4938,co-high
GSE274657,GSM8454235_Patient_8,GSE274657 | Patient_8,10011,4936,co-high
GSE274657,GSM8454235_Patient_8,GSE274657 | Patient_8,9878,4934,co-high
GSE274657,GSM8454235_Patient_8,GSE274657 | Patient_8,9745,4932,co-high
GSE274657,GSM8454235_Patient_8,GSE274657 | Patient_8,10212,4824,co-high
GSE274657,GSM8454235_Patient_8,GSE274657 | Patient_8,10079,4822,co-high
GSE274657,GSM8454235_Patient_8,GSE274657 | Patient_8,9946,4820,co-high
GSE274657,GSM8454235_Patient_8,GSE274657 | Patient_8,9680,4816,co-high
GSE274657,GSM8454235_Patient_8,GSE274657 | Patient_8,10015,4705,co-high
GSE274657,GSM8454235_Patient_8,GSE274657 | Patient_8,9619,4468,co-high
GSE274657,GSM8454235_Patient_8,GSE274657 | Patient_8,2040,4353,co-high
GSE274657,GSM8454235_Patient_8,GSE274657 | Patient_8,1907,4351,co-high
GSE274657,GSM8454235_Patient_8,GSE274657 | Patient_8,1975,4236,co-high
GSE274657,GSM8454235_Patient_8,GSE274657 | Patient_8,9756,4238,co-high
GSE274657,GSM8454235_Patient_8,GSE274657 | Patient_8,2043,4122,co-high
GSE274657,GSM8454235_Patient_8,GSE274657 | Patient_8,1910,4120,co-high
GSE274657,GSM8454235_Patient_8,GSE274657 | Patient_8,2643,4015,co-high
GSE274657,GSM8454235_Patient_8,GSE274657 | Patient_8,1979,4005,co-high
GSE274657,GSM8454235_Patient_8,GSE274657 | Patient_8,1846,4003,co-high
GSE274657,GSM8454235_Patient_8,GSE274657 | Patient_8,6906,3617,co-high
GSE274657,GSM8454235_Patient_8,GSE274657 | Patient_8,1986,3542,co-high
GSE274657,GSM8454235_Patient_8,GSE274657 | Patient_8,1853,3540,co-high
GSE274657,GSM8454235_Patient_8,GSE274657 | Patient_8,4447,3464,co-high
GSE274657,GSM8454235_Patient_8,GSE274657 | Patient_8,4383,3347,co-high
GSE274657,GSM8454235_Patient_8,GSE274657 | Patient_8,4250,3345,co-high
GSE274657,GSM8454235_Patient_8,GSE274657 | Patient_8,2255,3315,co-high
GSE274657,GSM8454235_Patient_8,GSE274657 | Patient_8,1856,3309,co-high
GSE274657,GSM8454235_Patient_8,GSE274657 | Patient_8,9238,3305,co-high
GSE274657,GSM8454235_Patient_8,GSE274657 | Patient_8,9572,3194,co-high
GSE274657,GSM8454235_Patient_8,GSE274657 | Patient_8,9173,3188,co-high
GSE274657,GSM8454235_Patient_8,GSE274657 | Patient_8,5051,3126,co-high
GSE274657,GSM8454235_Patient_8,GSE274657 | Patient_8,4652,3120,co-high
GSE274657,GSM8454235_Patient_8,GSE274657 | Patient_8,4519,3118,co-high
GSE274657,GSM8454235_Patient_8,GSE274657 | Patient_8,9640,3079,co-high
GSE274657,GSM8454235_Patient_8,GSE274657 | Patient_8,10107,2971,co-high
GSE274657,GSM8454235_Patient_8,GSE274657 | Patient_8,9442,2961,co-high
GSE274657,GSM8454235_Patient_8,GSE274657 | Patient_8,2064,2733,co-high
GSE274657,GSM8454235_Patient_8,GSE274657 | Patient_8,1935,2500,co-high
GSE274657,GSM8454235_Patient_8,GSE274657 | Patient_8,7857,2242,co-high
GSE274657,GSM8454235_Patient_8,GSE274657 | Patient_8,7724,2240,co-high
GSE274657,GSM8454235_Patient_8,GSE274657 | Patient_8,7591,2238,co-high
GSE274657,GSM8454235_Patient_8,GSE274657 | Patient_8,7458,2236,co-high
GSE274657,GSM8454235_Patient_8,GSE274657 | Patient_8,4267,2188,co-high
GSE274657,GSM8454235_Patient_8,GSE274657 | Patient_8,2671,2164,co-high
GSE274657,GSM8454235_Patient_8,GSE274657 | Patient_8,2406,2160,co-high
GSE274657,GSM8454235_Patient_8,GSE274657 | Patient_8,9654,2154,co-high
GSE274657,GSM8454235_Patient_8,GSE274657 | Patient_8,7660,2124,co-high
GSE274657,GSM8454235_Patient_8,GSE274657 | Patient_8,7527,2122,co-high
GSE274657,GSM8454235_Patient_8,GSE274657 | Patient_8,4202,2071,co-high
GSE274657,GSM8454235_Patient_8,GSE274657 | Patient_8,4069,2069,co-high
GSE274657,GSM8454235_Patient_8,GSE274657 | Patient_8,2740,2049,co-high
GSE274657,GSM8454235_Patient_8,GSE274657 | Patient_8,2607,2047,co-high
GSE274657,GSM8454235_Patient_8,GSE274657 | Patient_8,7595,2007,co-high
GSE274657,GSM8454235_Patient_8,GSE274657 | Patient_8,2941,1937,co-high
GSE274657,GSM8454235_Patient_8,GSE274657 | Patient_8,2808,1935,co-high
GSE274657,GSM8454235_Patient_8,GSE274657 | Patient_8,2675,1933,co-high
GSE274657,GSM8454235_Patient_8,GSE274657 | Patient_8,2542,1931,co-high
GSE274657,GSM8454235_Patient_8,GSE274657 | Patient_8,2409,1929,co-high
GSE274657,GSM8454235_Patient_8,GSE274657 | Patient_8,8328,1902,co-high
GSE274657,GSM8454235_Patient_8,GSE274657 | Patient_8,3142,1824,co-high
GSE274657,GSM8454235_Patient_8,GSE274657 | Patient_8,2876,1820,co-high
GSE274657,GSM8454235_Patient_8,GSE274657 | Patient_8,2743,1818,co-high
GSE274657,GSM8454235_Patient_8,GSE274657 | Patient_8,2477,1814,co-high
GSE274657,GSM8454235_Patient_8,GSE274657 | Patient_8,8396,1788,co-high
GSE274657,GSM8454235_Patient_8,GSE274657 | Patient_8,8263,1786,co-high
GSE274657,GSM8454235_Patient_8,GSE274657 | Patient_8,2811,1703,co-high
GSE274657,GSM8454235_Patient_8,GSE274657 | Patient_8,2678,1701,co-high
GSE274657,GSM8454235_Patient_8,GSE274657 | Patient_8,8464,1673,co-high
GSE274657,GSM8454235_Patient_8,GSE274657 | Patient_8,2880,1589,co-high
GSE274657,GSM8454235_Patient_8,GSE274657 | Patient_8,2747,1587,co-high
GSE274657,GSM8454235_Patient_8,GSE274657 | Patient_8,2150,1462,co-high
GSE274657,GSM8454235_Patient_8,GSE274657 | Patient_8,8536,1327,co-high
GSE274657,GSM8454235_Patient_8,GSE274657 | Patient_8,8270,1323,co-high
GSE274657,GSM8454235_Patient_8,GSE274657 | Patient_8,8471,1210,co-high
GSE274657,GSM8454235_Patient_8,GSE274657 | Patient_8,7943,971,co-high
GSE274657,GSM8454235_Patient_8,GSE274657 | Patient_8,10207,774,co-high
GSE274657,GSM8454235_Patient_8,GSE274657 | Patient_8,10275,659,co-high
GSE274657,GSM8454235_Patient_8,GSE274657 | Patient_8,10142,657,co-high
GSE288483,GSM8768679_Pt1-1,GSE288483 | Pt1-1,6881,2935,co-high
GSE288483,GSM8768679_Pt1-1,GSE288483 | Pt1-1,6947,2820,co-high
GSE288483,GSM8768679_Pt1-1,GSE288483 | Pt1-1,7012,2935,co-high
GSE288483,GSM8768679_Pt1-1,GSE288483 | Pt1-1,7144,2936,co-high
GSE288483,GSM8768679_Pt1-1,GSE288483 | Pt1-1,5958,3162,co-high
GSE288483,GSM8768679_Pt1-1,GSE288483 | Pt1-1,6551,3049,co-high
GSE288483,GSM8768679_Pt1-1,GSE288483 | Pt1-1,6617,3163,co-high
GSE288483,GSM8768679_Pt1-1,GSE288483 | Pt1-1,6683,3049,co-high
GSE288483,GSM8768679_Pt1-1,GSE288483 | Pt1-1,6814,3049,co-high
GSE288483,GSM8768679_Pt1-1,GSE288483 | Pt1-1,6946,3050,co-high
GSE288483,GSM8768679_Pt1-1,GSE288483 | Pt1-1,7012,3164,co-high
GSE288483,GSM8768679_Pt1-1,GSE288483 | Pt1-1,7078,3050,co-high
GSE288483,GSM8768679_Pt1-1,GSE288483 | Pt1-1,7143,3165,co-high
GSE288483,GSM8768679_Pt1-1,GSE288483 | Pt1-1,7210,3050,co-high
GSE288483,GSM8768679_Pt1-1,GSE288483 | Pt1-1,3455,3384,co-high
GSE288483,GSM8768679_Pt1-1,GSE288483 | Pt1-1,3521,3270,co-high
GSE288483,GSM8768679_Pt1-1,GSE288483 | Pt1-1,3850,3385,co-high
GSE288483,GSM8768679_Pt1-1,GSE288483 | Pt1-1,5892,3276,co-high
GSE288483,GSM8768679_Pt1-1,GSE288483 | Pt1-1,5957,3391,co-high
GSE288483,GSM8768679_Pt1-1,GSE288483 | Pt1-1,6023,3276,co-high
GSE288483,GSM8768679_Pt1-1,GSE288483 | Pt1-1,3322,3613,co-high
GSE288483,GSM8768679_Pt1-1,GSE288483 | Pt1-1,3388,3498,co-high
GSE288483,GSM8768679_Pt1-1,GSE288483 | Pt1-1,3520,3499,co-high
GSE288483,GSM8768679_Pt1-1,GSE288483 | Pt1-1,3784,3499,co-high
GSE288483,GSM8768679_Pt1-1,GSE288483 | Pt1-1,3915,3500,co-high
GSE288483,GSM8768679_Pt1-1,GSE288483 | Pt1-1,6219,4079,co-high
GSE288483,GSM8768679_Pt1-1,GSE288483 | Pt1-1,2662,4299,co-high
GSE288483,GSM8768679_Pt1-1,GSE288483 | Pt1-1,3189,4300,co-high
GSE288483,GSM8768679_Pt1-1,GSE288483 | Pt1-1,3255,4186,co-high
GSE288483,GSM8768679_Pt1-1,GSE288483 | Pt1-1,3320,4300,co-high
GSE288483,GSM8768679_Pt1-1,GSE288483 | Pt1-1,6153,4193,co-high
GSE288483,GSM8768679_Pt1-1,GSE288483 | Pt1-1,2727,4413,co-high
GSE288483,GSM8768679_Pt1-1,GSE288483 | Pt1-1,3056,4529,co-high
GSE288483,GSM8768679_Pt1-1,GSE288483 | Pt1-1,3254,4415,co-high
GSE288483,GSM8768679_Pt1-1,GSE288483 | Pt1-1,3518,4416,co-high
GSE288483,GSM8768679_Pt1-1,GSE288483 | Pt1-1,5889,4422,co-high
GSE288483,GSM8768679_Pt1-1,GSE288483 | Pt1-1,6152,4423,co-high
GSE288483,GSM8768679_Pt1-1,GSE288483 | Pt1-1,4571,4648,co-high
GSE288483,GSM8768679_Pt1-1,GSE288483 | Pt1-1,5359,5337,co-high
GSE288483,GSM8768679_Pt1-1,GSE288483 | Pt1-1,5686,6140,co-high
GSE288483,GSM8768679_Pt1-1,GSE288483 | Pt1-1,6213,6371,co-high
GSE288483,GSM8768679_Pt1-1,GSE288483 | Pt1-1,3249,6478,co-high
GSE288483,GSM8768679_Pt1-1,GSE288483 | Pt1-1,5158,6597,co-high
GSE288483,GSM8768679_Pt1-1,GSE288483 | Pt1-1,4038,6709,co-high
GSE288483,GSM8768679_Pt1-1,GSE288483 | Pt1-1,5224,6712,co-high
GSE288483,GSM8768679_Pt1-1,GSE288483 | Pt1-1,4696,6940,co-high
GSE288483,GSM8768679_Pt1-1,GSE288483 | Pt1-1,4828,6940,co-high
GSE288483,GSM8768679_Pt1-1,GSE288483 | Pt1-1,4960,6941,co-high
GSE288483,GSM8768679_Pt1-1,GSE288483 | Pt1-1,5025,7055,co-high
GSE288483,GSM8768679_Pt1-1,GSE288483 | Pt1-1,7067,6946,co-high
GSE288483,GSM8768679_Pt1-1,GSE288483 | Pt1-1,4893,7284,co-high
GSE288483,GSM8768679_Pt1-1,GSE288483 | Pt1-1,5552,7286,co-high
GSE288483,GSM8768679_Pt1-1,GSE288483 | Pt1-1,7198,7176,co-high
GSE288483,GSM8768679_Pt1-1,GSE288483 | Pt1-1,4036,7397,co-high
GSE288483,GSM8768679_Pt1-1,GSE288483 | Pt1-1,4233,7741,co-high
GSE288483,GSM8768679_Pt1-1,GSE288483 | Pt1-1,4365,7741,co-high
GSE288483,GSM8768679_Pt1-1,GSE288483 | Pt1-1,5748,7630,co-high
GSE288483,GSM8768679_Pt1-1,GSE288483 | Pt1-1,5880,7631,co-high
GSE288483,GSM8768679_Pt1-1,GSE288483 | Pt1-1,6077,7746,co-high
GSE288483,GSM8768679_Pt1-1,GSE288483 | Pt1-1,3706,7969,co-high
GSE288483,GSM8768679_Pt1-1,GSE288483 | Pt1-1,4167,7855,co-high
GSE288483,GSM8768679_Pt1-1,GSE288483 | Pt1-1,3771,8084,co-high
